20230306151026 19.8516 0.1144 -57.3785
20230306151027 19.8676 0.0 0.0
20230306151028 19.8676 0.0336 -66.7407
20230306151029 19.881 0.0748 -60.7243
20230306151030 19.881 0.0549 -63.0952
20230306151031 19.881 0.0 0.0
20230306151032 19.8676 0.0549 -63.1015
20230306151033 19.8676 0.0137 -73.0237
20230306151034 19.8516 0.032 -67.1015
20230306151035 19.8943 0.0748 -60.7179
20230306151036 19.8943 0.0931 -59.0022
20230306151037 19.881 0.0336 -66.7347
20230306151038 19.9104 0.0336 -66.7214
20230306151039 19.8676 0.0 0.0
20230306151040 19.881 0.0153 -72.2688
20230306151041 19.8516 0.0 0.0
20230306151042 19.8943 0.0 0.0
20230306151043 19.8943 0.0 0.0
20230306151044 19.881 0.0 0.0
20230306151045 19.881 0.0549 -63.0952
20230306151046 19.881 0.0 0.0
20230306151047 19.881 0.0 0.0
20230306151048 19.8676 0.0336 -66.7407
20230306151049 19.8943 0.0 0.0
20230306151050 19.8943 0.0549 -63.089
20230306151051 19.8943 0.0748 -60.7179
20230306151052 19.8943 0.0153 -72.2632
20230306151053 19.8676 0.0137 -73.0237
20230306151054 19.881 0.0549 -63.0952
20230306151055 19.9104 0.0 0.0
20230306151056 19.881 0.0153 -72.2688
20230306151057 19.8676 0.0732 -60.8985
20230306151058 19.8943 0.0153 -72.2632
20230306151059 19.881 0.0153 -72.2688
20230306151100 19.8676 0.0 0.0
20230306151101 19.8676 0.0 0.0
20230306151102 19.8676 0.0336 -66.7407
20230306151103 19.8943 0.0153 -72.2632
20230306151104 19.881 0.0336 -66.7347
20230306151105 19.881 0.0549 -63.0952
20230306151106 19.881 0.0549 -63.0952
20230306151107 19.881 0.0549 -63.0952
20230306151108 19.881 0.0748 -60.7243
20230306151109 19.881 0.0336 -66.7347
20230306151110 19.881 0.0748 -60.7243
20230306151111 19.8676 0.0732 -60.8985
20230306151112 19.881 0.0 0.0
20230306151113 19.881 0.0549 -63.0952
20230306151114 19.881 0.0 0.0
20230306151115 19.881 0.0 0.0
20230306151116 19.8516 0.0137 -73.0304
20230306151117 19.8676 0.0732 -60.8985
20230306151118 19.8943 0.0336 -66.7287
20230306151119 19.8676 0.0336 -66.7407
20230306151120 19.8943 0.0153 -72.2632
20230306151121 19.8676 0.0732 -60.8985
20230306151122 19.8676 0.0137 -73.0237
20230306151123 19.881 0.0336 -66.7347
20230306151124 19.9104 0.0565 -62.8638
20230306151125 19.8676 0.0 0.0
20230306151126 19.8676 0.0137 -73.0237
20230306151127 19.881 0.0336 -66.7347
20230306151128 19.8676 0.0732 -60.8985
20230306151129 19.8676 0.0549 -63.1015
20230306151130 19.881 0.0336 -66.7347
20230306151131 19.8676 0.0549 -63.1015
20230306151132 19.8676 0.0 0.0
20230306151133 19.881 0.0153 -72.2688
20230306151134 19.8676 0.0 0.0
20230306151135 19.881 0.0 0.0
20230306151136 19.8516 0.0732 -60.9062
20230306151137 19.8943 0.0336 -66.7287
20230306151138 19.881 0.0336 -66.7347
20230306151139 19.8676 0.0336 -66.7407
20230306151140 19.881 0.0336 -66.7347
20230306151141 19.8676 0.0931 -59.0152
20230306151142 19.881 0.0748 -60.7243
20230306151143 19.8676 0.0336 -66.7407
20230306151144 19.8676 0.0336 -66.7407
20230306151145 19.8943 0.0748 -60.7179
20230306151146 19.881 0.0336 -66.7347
20230306151147 19.8943 0.0336 -66.7287
20230306151148 19.8676 0.0732 -60.8985
20230306151149 19.881 0.0 0.0
20230306151150 19.8676 0.0336 -66.7407
20230306151151 19.8676 0.0336 -66.7407
20230306151152 19.9104 0.0 0.0
20230306151153 19.8943 0.0336 -66.7287
20230306151154 19.8676 0.0 0.0
20230306151155 19.8676 0.0336 -66.7407
20230306151156 19.8676 0.0931 -59.0152
20230306151157 19.8676 0.0931 -59.0152
20230306151158 19.8516 0.032 -67.1015
20230306151159 19.8943 0.0153 -72.2632
20230306151200 19.8516 0.0549 -63.109
20230306151201 19.8676 0.0137 -73.0237
20230306151202 19.8676 0.0137 -73.0237
20230306151203 19.8676 0.0137 -73.0237
20230306151204 19.8676 0.0336 -66.7407
20230306151205 19.9104 0.0931 -58.9943
20230306151206 19.8943 0.0153 -72.2632
20230306151207 19.8943 0.0 0.0
20230306151208 19.881 0.0549 -63.0952
20230306151209 19.881 0.0 0.0
20230306151210 19.8516 0.0549 -63.109
20230306151211 19.8516 0.0137 -73.0304
20230306151212 19.8943 0.0336 -66.7287
20230306151213 19.8676 0.0 0.0
20230306151214 19.8676 0.0137 -73.0237
20230306151215 19.8676 0.0137 -73.0237
20230306151216 19.881 0.0549 -63.0952
20230306151217 19.8943 0.0 0.0
20230306151218 19.881 0.0336 -66.7347
20230306151219 19.881 0.0153 -72.2688
20230306151220 19.881 0.0153 -72.2688
20230306151221 19.881 0.0 0.0
20230306151222 19.8676 0.0137 -73.0237
20230306151223 19.881 0.0153 -72.2688
20230306151224 19.881 0.0549 -63.0952
20230306151225 19.8943 0.0 0.0
20230306151226 19.8943 0.0336 -66.7287
20230306151227 19.881 0.1144 -57.3638
20230306151228 19.8676 0.0 0.0
20230306151229 19.8676 0.0732 -60.8985
20230306151230 19.881 0.0153 -72.2688
20230306151231 19.8676 0.0 0.0
20230306151232 19.8943 0.0153 -72.2632
20230306151233 19.881 0.0748 -60.7243
20230306151234 19.8943 0.0336 -66.7287
20230306151235 19.8943 0.0153 -72.2632
20230306151236 19.8676 0.0 0.0
20230306151237 19.8943 0.0336 -66.7287
20230306151238 19.8943 0.0549 -63.089
20230306151239 19.8943 0.0336 -66.7287
20230306151240 19.8943 0.0748 -60.7179
20230306151241 19.8676 0.0 0.0
20230306151242 19.8676 0.0 0.0
20230306151243 19.881 0.0336 -66.7347
20230306151244 19.8676 0.0 0.0
20230306151245 19.8676 0.0931 -59.0152
20230306151246 19.8676 0.0 0.0
20230306151247 19.9237 0.0 0.0
20230306151248 19.881 0.0748 -60.7243
20230306151249 19.881 0.0336 -66.7347
20230306151250 19.8676 0.0 0.0
20230306151251 19.8676 0.0931 -59.0152
20230306151252 19.881 0.0336 -66.7347
20230306151253 19.881 0.0549 -63.0952
20230306151254 19.8943 0.0153 -72.2632
20230306151255 19.881 0.0153 -72.2688
20230306151256 19.881 0.0 0.0
20230306151257 19.8676 0.0137 -73.0237
20230306151258 19.881 0.0153 -72.2688
20230306151259 19.8676 0.0549 -63.1015
20230306151300 19.881 0.0153 -72.2688
20230306151301 19.8676 0.0336 -66.7407
20230306151302 19.8943 0.0336 -66.7287
20230306151303 19.8943 0.1144 -57.3572
20230306151304 19.881 0.1328 -56.1547
20230306151305 19.8676 0.0549 -63.1015
20230306151306 19.881 0.0153 -72.2688
20230306151307 19.9104 0.0153 -72.2564
20230306151308 19.8943 0.0153 -72.2632
20230306151309 19.8943 0.0549 -63.089
20230306151310 19.881 0.0748 -60.7243
20230306151311 19.8676 0.0137 -73.0237
20230306151312 19.881 0.0 0.0
20230306151313 19.8943 0.0 0.0
20230306151314 19.8676 0.0137 -73.0237
20230306151315 19.8943 0.0 0.0
20230306151316 19.8676 0.1144 -57.3705
20230306151317 19.8943 0.0336 -66.7287
20230306151318 19.8943 0.0153 -72.2632
20230306151319 19.881 0.0748 -60.7243
20230306151320 19.8943 0.0549 -63.089
20230306151321 19.8676 0.0549 -63.1015
20230306151322 19.881 0.0 0.0
20230306151323 19.8676 0.0549 -63.1015
20230306151324 19.8943 0.0931 -59.0022
20230306151325 19.8676 0.0732 -60.8985
20230306151326 19.8676 0.0336 -66.7407
20230306151327 19.8943 0.0549 -63.089
20230306151328 19.9104 0.0336 -66.7214
20230306151329 19.8943 0.0153 -72.2632
20230306151330 19.8943 0.0 0.0
20230306151331 19.881 0.0153 -72.2688
20230306151332 19.8943 0.1144 -57.3572
20230306151333 19.8516 0.0 0.0
20230306151334 19.8943 0.0153 -72.2632
20230306151335 19.8676 0.0336 -66.7407
20230306151336 19.8943 0.0 0.0
20230306151337 19.881 0.0931 -59.0087
20230306151338 19.881 0.0549 -63.0952
20230306151339 19.8943 0.0 0.0
20230306151340 19.881 0.0336 -66.7347
20230306151341 19.881 0.0336 -66.7347
20230306151342 19.8943 0.0153 -72.2632
20230306151343 19.8943 0.0336 -66.7287
20230306151344 19.8943 0.0336 -66.7287
20230306151345 19.8676 0.0 0.0
20230306151346 19.881 0.0153 -72.2688
20230306151347 19.881 0.0336 -66.7347
20230306151348 19.881 0.0931 -59.0087
20230306151349 19.8676 0.0732 -60.8985
20230306151350 19.8676 0.1144 -57.3705
20230306151351 19.9104 0.0153 -72.2564
20230306151352 19.8943 0.0 0.0
20230306151353 19.881 0.0153 -72.2688
20230306151354 19.8943 0.0931 -59.0022
20230306151355 19.881 0.0 0.0
20230306151356 19.8943 0.0153 -72.2632
20230306151357 19.9104 0.0 0.0
20230306151358 19.8943 0.0 0.0
20230306151359 19.8943 0.0748 -60.7179
20230306151400 19.881 0.0153 -72.2688
20230306151401 19.8943 0.0336 -66.7287
20230306151402 19.8943 0.0153 -72.2632
20230306151403 19.881 0.0336 -66.7347
20230306151404 19.881 0.0549 -63.0952
20230306151405 19.8676 0.0 0.0
20230306151406 19.9237 0.0153 -72.2508
20230306151407 19.9104 0.0336 -66.7214
20230306151408 19.8943 0.0 0.0
20230306151409 19.881 0.0931 -59.0087
20230306151410 19.8943 0.0549 -63.089
20230306151411 19.9104 0.0153 -72.2564
20230306151412 19.8676 0.0336 -66.7407
20230306151413 19.9104 0.0153 -72.2564
20230306151414 19.8943 0.0549 -63.089
20230306151415 19.8943 0.0549 -63.089
20230306151416 19.9104 0.0336 -66.7214
20230306151417 19.8943 0.0336 -66.7287
20230306151418 19.8943 0.0 0.0
20230306151419 19.881 0.0549 -63.0952
20230306151421 19.881 0.0336 -66.7347
20230306151422 19.881 0.0748 -60.7243
20230306151423 19.8676 0.0336 -66.7407
20230306151424 19.9104 0.0 0.0
20230306151425 19.8943 0.0 0.0
20230306151426 19.8943 0.0 0.0
20230306151427 19.8943 0.0336 -66.7287
20230306151428 19.8943 0.0549 -63.089
20230306151429 19.8943 0.0549 -63.089
20230306151430 19.8943 0.0 0.0
20230306151431 19.8943 0.0 0.0
20230306151432 19.9104 0.0153 -72.2564
20230306151433 19.9104 0.0 0.0
20230306151434 19.8943 0.0 0.0
20230306151435 19.881 0.0 0.0
20230306151436 19.9104 0.0336 -66.7214
20230306151437 19.8943 0.0336 -66.7287
20230306151438 19.8943 0.0336 -66.7287
20230306151439 19.8943 0.0153 -72.2632
20230306151440 19.9104 0.0 0.0
20230306151441 19.9104 0.0 0.0
20230306151442 19.881 0.0336 -66.7347
20230306151443 19.881 0.0748 -60.7243
20230306151444 19.8943 0.0 0.0
20230306151445 19.8943 0.0 0.0
20230306151446 19.8943 0.0748 -60.7179
20230306151447 19.8943 0.0336 -66.7287
20230306151448 19.8943 0.0 0.0
20230306151449 19.8943 0.0 0.0
20230306151450 19.881 0.0 0.0
20230306151451 19.9104 0.0565 -62.8638
20230306151452 19.8943 0.0549 -63.089
20230306151453 19.8943 0.0549 -63.089
20230306151454 19.9237 0.0 0.0
20230306151455 19.9237 0.0153 -72.2508
20230306151456 19.8943 0.0336 -66.7287
20230306151457 19.9104 0.0336 -66.7214
20230306151458 19.881 0.0 0.0
20230306151459 19.8943 0.0336 -66.7287
20230306151500 19.8943 0.0336 -66.7287
20230306151501 19.881 0.0549 -63.0952
20230306151502 19.9104 0.0 0.0
20230306151503 19.9104 0.0565 -62.8638
20230306151504 19.8676 0.0 0.0
20230306151505 19.881 0.0 0.0
20230306151506 19.881 0.0931 -59.0087
20230306151507 19.8943 0.0748 -60.7179
20230306151508 19.9237 0.0 0.0
20230306151509 19.8943 0.0153 -72.2632
20230306151510 19.8943 0.0 0.0
20230306151511 19.9104 0.0336 -66.7214
20230306151512 19.881 0.0931 -59.0087
20230306151513 19.8943 0.0 0.0
20230306151514 19.8943 0.0549 -63.089
20230306151515 19.881 0.0336 -66.7347
20230306151516 19.9104 0.0153 -72.2564
20230306151517 19.881 0.0 0.0
20230306151518 19.8943 0.0549 -63.089
20230306151519 19.881 0.0549 -63.0952
20230306151520 19.9104 0.0748 -60.7102
20230306151521 19.9104 0.0748 -60.7102
20230306151522 19.9237 0.0748 -60.7038
20230306151523 19.881 0.0336 -66.7347
20230306151524 19.9104 0.0565 -62.8638
20230306151525 19.8943 0.0549 -63.089
20230306151526 19.8943 0.0549 -63.089
20230306151527 19.9104 0.0153 -72.2564
20230306151528 19.8943 0.0931 -59.0022
20230306151529 19.9104 0.0 0.0
20230306151530 19.8943 0.0 0.0
20230306151531 19.9104 0.0565 -62.8638
20230306151532 19.9104 0.0336 -66.7214
20230306151533 19.8943 0.0336 -66.7287
20230306151534 19.8943 0.0153 -72.2632
20230306151535 19.9104 0.0748 -60.7102
20230306151536 19.8943 0.0549 -63.089
20230306151537 19.9104 0.0336 -66.7214
20230306151538 19.9104 0.0565 -62.8638
20230306151539 19.9237 0.0336 -66.7155
20230306151540 19.9104 0.0 0.0
20230306151541 19.881 0.0 0.0
20230306151542 19.9104 0.0565 -62.8638
20230306151543 19.881 0.0153 -72.2688
20230306151544 19.8943 0.0549 -63.089
20230306151545 19.8943 0.0336 -66.7287
20230306151546 19.9104 0.0153 -72.2564
20230306151547 19.881 0.0336 -66.7347
20230306151548 19.9237 0.0 0.0
20230306151549 19.9104 0.0336 -66.7214
20230306151550 19.8676 0.0 0.0
20230306151551 19.881 0.0153 -72.2688
20230306151552 19.8943 0.0 0.0
20230306151553 19.9237 0.0565 -62.8575
20230306151554 19.8943 0.0549 -63.089
20230306151555 19.9237 0.116 -57.2306
20230306151556 19.9237 0.0 0.0
20230306151557 19.8943 0.0 0.0
20230306151558 19.9104 0.0 0.0
20230306151559 19.8943 0.0 0.0
20230306151600 19.9237 0.0931 -58.9877
20230306151601 19.9104 0.0336 -66.7214
20230306151602 19.9104 0.0 0.0
20230306151603 19.8943 0.0931 -59.0022
20230306151604 19.9104 0.0748 -60.7102
20230306151605 19.881 0.0 0.0
20230306151606 19.9104 0.0565 -62.8638
20230306151607 19.9104 0.0336 -66.7214
20230306151608 19.9104 0.0153 -72.2564
20230306151609 19.9104 0.0 0.0
20230306151610 19.9104 0.0153 -72.2564
20230306151611 19.881 0.0 0.0
20230306151612 19.9104 0.0336 -66.7214
20230306151613 19.9104 0.0 0.0
20230306151614 19.8943 0.0 0.0
20230306151615 19.9104 0.0565 -62.8638
20230306151616 19.9104 0.0153 -72.2564
20230306151617 19.9237 0.0565 -62.8575
20230306151618 19.9237 0.0 0.0
20230306151619 19.9104 0.0153 -72.2564
20230306151620 19.9104 0.0153 -72.2564
20230306151621 19.8943 0.0 0.0
20230306151622 19.9371 0.0153 -72.2451
20230306151623 19.8943 0.0 0.0
20230306151624 19.9237 0.0153 -72.2508
20230306151625 19.8943 0.0 0.0
20230306151626 19.9371 0.0565 -62.8512
20230306151627 19.881 0.0 0.0
20230306151628 19.8943 0.0748 -60.7179
20230306151629 19.9104 0.0153 -72.2564
20230306151630 19.9371 0.0153 -72.2451
20230306151631 19.8943 0.0336 -66.7287
20230306151632 19.9104 0.0153 -72.2564
20230306151633 19.8943 0.0336 -66.7287
20230306151634 19.9104 0.0 0.0
20230306151635 19.9237 0.0 0.0
20230306151636 19.9104 0.0 0.0
20230306151637 19.881 0.0153 -72.2688
20230306151638 19.9104 0.0336 -66.7214
20230306151639 19.9237 0.0 0.0
20230306151640 19.9104 0.0 0.0
20230306151641 19.9237 0.0153 -72.2508
20230306151642 19.9237 0.0565 -62.8575
20230306151643 19.9104 0.0 0.0
20230306151644 19.9104 0.0336 -66.7214
20230306151645 19.9104 0.0 0.0
20230306151646 19.9237 0.0336 -66.7155
20230306151647 19.9237 0.0153 -72.2508
20230306151648 19.9237 0.0153 -72.2508
20230306151649 19.9371 0.0153 -72.2451
20230306151650 19.9237 0.0565 -62.8575
20230306151651 19.8943 0.0748 -60.7179
20230306151652 19.9237 0.0 0.0
20230306151653 19.9237 0.0565 -62.8575
20230306151654 19.9237 0.0 0.0
20230306151655 19.9237 0.0336 -66.7155
20230306151656 19.9237 0.0336 -66.7155
20230306151657 19.8943 0.0549 -63.089
20230306151658 19.9237 0.0336 -66.7155
20230306151659 19.9104 0.0 0.0
20230306151700 19.9237 0.0336 -66.7155
20230306151701 19.8943 0.0 0.0
20230306151702 19.9237 0.0336 -66.7155
20230306151703 19.9237 0.0 0.0
20230306151704 19.9104 0.0336 -66.7214
20230306151705 19.9237 0.0 0.0
20230306151706 19.9504 0.0 0.0
20230306151707 19.9237 0.0565 -62.8575
20230306151708 19.9237 0.0 0.0
20230306151709 19.9371 0.0 0.0
20230306151710 19.9237 0.0 0.0
20230306151711 19.9237 0.0565 -62.8575
20230306151712 19.9237 0.0 0.0
20230306151713 19.9237 0.0 0.0
20230306151714 19.9237 0.0153 -72.2508
20230306151715 19.9371 0.0153 -72.2451
20230306151716 19.9504 0.0153 -72.2395
20230306151717 19.9371 0.0153 -72.2451
20230306151718 19.9104 0.0748 -60.7102
20230306151719 19.9371 0.0153 -72.2451
20230306151720 19.9371 0.0565 -62.8512
20230306151721 19.9504 0.0366 -66.0799
20230306151722 19.9371 0.0 0.0
20230306151723 19.9237 0.0565 -62.8575
20230306151724 19.9371 0.0 0.0
20230306151725 19.9504 0.0565 -62.845
20230306151726 19.9237 0.0153 -72.2508
20230306151727 19.9237 0.0336 -66.7155
20230306151728 19.9371 0.0748 -60.6973
20230306151729 19.9104 0.0565 -62.8638
20230306151730 19.9237 0.0565 -62.8575
20230306151731 19.9104 0.0 0.0
20230306151732 19.8943 0.0 0.0
20230306151733 19.9104 0.0336 -66.7214
20230306151734 19.9237 0.0748 -60.7038
20230306151735 19.9237 0.0336 -66.7155
20230306151736 19.9237 0.0336 -66.7155
20230306151737 19.9371 0.116 -57.2239
20230306151738 19.9371 0.0153 -72.2451
20230306151739 19.9237 0.0565 -62.8575
20230306151740 19.9237 0.0 0.0
20230306151741 19.9237 0.0336 -66.7155
20230306151742 19.9371 0.0336 -66.7094
20230306151743 19.9237 0.0 0.0
20230306151744 19.9371 0.0931 -58.9812
20230306151745 19.9371 0.0336 -66.7094
20230306151746 19.9504 0.0153 -72.2395
20230306151747 19.9104 0.0565 -62.8638
20230306151748 19.9237 0.0 0.0
20230306151749 19.9237 0.0565 -62.8575
20230306151750 19.9504 0.0 0.0
20230306151751 19.9237 0.0336 -66.7155
20230306151752 19.9371 0.0 0.0
20230306151753 19.9371 0.0 0.0
20230306151754 19.9371 0.0 0.0
20230306151755 19.9504 0.0366 -66.0799
20230306151756 19.9104 0.0153 -72.2564
20230306151757 19.9371 0.0 0.0
20230306151758 19.9371 0.0 0.0
20230306151759 19.9504 0.0 0.0
20230306151800 19.9371 0.0336 -66.7094
20230306151801 19.9371 0.0153 -72.2451
20230306151802 19.9104 0.0153 -72.2564
20230306151803 19.9237 0.0336 -66.7155
20230306151804 19.9104 0.0748 -60.7102
20230306151805 19.9237 0.0565 -62.8575
20230306151806 19.9371 0.0748 -60.6973
20230306151807 19.9371 0.0 0.0
20230306151808 19.9237 0.0336 -66.7155
20230306151809 19.9504 0.0153 -72.2395
20230306151810 19.9237 0.0565 -62.8575
20230306151811 19.9237 0.0336 -66.7155
20230306151812 19.9237 0.0565 -62.8575
20230306151813 19.9504 0.0565 -62.845
20230306151814 19.9504 0.0 0.0
20230306151815 19.9237 0.0153 -72.2508
20230306151816 19.9237 0.0 0.0
20230306151817 19.9371 0.0336 -66.7094
20230306151818 19.9371 0.0153 -72.2451
20230306151819 19.9237 0.0565 -62.8575
20230306151820 19.9237 0.0336 -66.7155
20230306151821 19.9237 0.0 0.0
20230306151822 19.9237 0.0 0.0
20230306151823 19.9504 0.0 0.0
20230306151824 19.9371 0.0153 -72.2451
20230306151825 19.9237 0.0153 -72.2508
20230306151826 19.9504 0.0 0.0
20230306151827 19.9504 0.0366 -66.0799
20230306151828 19.9371 0.0 0.0
20230306151829 19.9504 0.116 -57.2172
20230306151830 19.9371 0.0565 -62.8512
20230306151831 19.9371 0.0 0.0
20230306151832 19.9504 0.0153 -72.2395
20230306151833 19.9371 0.0153 -72.2451
20230306151834 19.9371 0.0 0.0
20230306151835 19.9371 0.0565 -62.8512
20230306151836 19.9691 0.0565 -62.8362
20230306151837 19.9371 0.0 0.0
20230306151838 19.9237 0.0565 -62.8575
20230306151839 19.9371 0.0336 -66.7094
20230306151840 19.9504 0.0153 -72.2395
20230306151841 19.9691 0.0366 -66.0714
20230306151842 19.9237 0.0565 -62.8575
20230306151843 19.9371 0.0 0.0
20230306151844 19.9237 0.0 0.0
20230306151845 19.9371 0.0 0.0
20230306151846 19.9504 0.0153 -72.2395
20230306151847 19.9237 0.0565 -62.8575
20230306151848 19.9371 0.0565 -62.8512
20230306151849 19.9691 0.0 0.0
20230306151850 19.9504 0.0153 -72.2395
20230306151851 19.9371 0.0748 -60.6973
20230306151852 19.9237 0.0153 -72.2508
20230306151853 19.9237 0.0336 -66.7155
20230306151854 19.9371 0.0565 -62.8512
20230306151855 19.9371 0.0336 -66.7094
20230306151856 19.9504 0.0 0.0
20230306151857 19.9504 0.0153 -72.2395
20230306151858 19.9371 0.0153 -72.2451
20230306151859 19.9504 0.0 0.0
20230306151900 19.9371 0.0336 -66.7094
20230306151901 19.9371 0.0153 -72.2451
20230306151902 19.9237 0.0565 -62.8575
20230306151903 19.9104 0.0336 -66.7214
20230306151904 19.9504 0.0565 -62.845
20230306151905 19.9371 0.0 0.0
20230306151906 19.9371 0.0931 -58.9812
20230306151907 19.9371 0.0748 -60.6973
20230306151908 19.9371 0.0336 -66.7094
20230306151909 19.9371 0.0565 -62.8512
20230306151910 19.9371 0.0153 -72.2451
20230306151911 19.9504 0.0 0.0
20230306151912 19.9237 0.0336 -66.7155
20230306151913 19.9504 0.0 0.0
20230306151914 19.9371 0.0153 -72.2451
20230306151915 19.9504 0.0153 -72.2395
20230306151916 19.9504 0.0565 -62.845
20230306151917 19.9371 0.0 0.0
20230306151918 19.9371 0.0153 -72.2451
20230306151919 19.9371 0.0748 -60.6973
20230306151920 19.9371 0.0153 -72.2451
20230306151921 19.9371 0.0153 -72.2451
20230306151922 19.9371 0.0 0.0
20230306151923 19.9237 0.0748 -60.7038
20230306151924 19.9371 0.0153 -72.2451
20230306151925 19.9691 0.0565 -62.8362
20230306151926 19.9504 0.0 0.0
20230306151927 19.9504 0.0 0.0
20230306151928 19.9691 0.0183 -71.0022
20230306151929 19.9371 0.0336 -66.7094
20230306151930 19.9504 0.0748 -60.6909
20230306151931 19.9691 0.0778 -60.3759
20230306151932 19.9371 0.0336 -66.7094
20230306151933 19.9691 0.0366 -66.0714
20230306151934 19.9504 0.0 0.0
20230306151935 19.9371 0.0153 -72.2451
20230306151936 19.9371 0.0336 -66.7094
20230306151937 19.9504 0.0 0.0
20230306151938 19.9371 0.0748 -60.6973
20230306151939 19.9504 0.0565 -62.845
20230306151940 19.9504 0.0565 -62.845
20230306151941 19.9504 0.0748 -60.6909
20230306151942 19.9237 0.0748 -60.7038
20230306151943 19.9504 0.0366 -66.0799
20230306151944 19.9504 0.0 0.0
20230306151945 19.9691 0.0 0.0
20230306151946 19.9371 0.0 0.0
20230306151947 19.9371 0.0 0.0
20230306151948 19.9504 0.0565 -62.845
20230306151949 19.9371 0.0 0.0
20230306151950 19.9504 0.0748 -60.6909
20230306151951 19.9504 0.0565 -62.845
20230306151952 19.9504 0.0366 -66.0799
20230306151953 19.9504 0.0565 -62.845
20230306151954 19.9691 0.0565 -62.8362
20230306151955 19.9504 0.0 0.0
20230306151956 19.9371 0.0 0.0
20230306151957 19.9504 0.0 0.0
20230306151958 19.9504 0.0748 -60.6909
20230306151959 19.9504 0.0366 -66.0799
20230306152000 19.9371 0.0 0.0
20230306152001 19.9504 0.0565 -62.845
20230306152002 19.9371 0.0153 -72.2451
20230306152003 19.9504 0.0366 -66.0799
20230306152004 19.9237 0.0565 -62.8575
20230306152005 19.9371 0.0565 -62.8512
20230306152006 19.9371 0.0 0.0
20230306152007 19.9691 0.0183 -71.0022
20230306152008 19.9825 0.0183 -70.9965
20230306152009 19.9691 0.0 0.0
20230306152010 19.9504 0.0 0.0
20230306152011 19.9504 0.0748 -60.6909
20230306152012 19.9504 0.0 0.0
20230306152013 19.9504 0.0366 -66.0799
20230306152014 19.9237 0.0336 -66.7155
20230306152015 19.9237 0.0153 -72.2508
20230306152016 19.9371 0.0565 -62.8512
20230306152017 19.9504 0.0565 -62.845
20230306152018 19.9371 0.0931 -58.9812
20230306152019 19.9237 0.0565 -62.8575
20230306152020 19.9504 0.0565 -62.845
20230306152021 19.9691 0.0 0.0
20230306152022 19.9371 0.0336 -66.7094
20230306152023 19.9504 0.0 0.0
20230306152024 19.9371 0.0336 -66.7094
20230306152025 19.9504 0.0961 -58.7233
20230306152026 19.9371 0.0748 -60.6973
20230306152027 19.9691 0.0366 -66.0714
20230306152028 19.9371 0.0153 -72.2451
20230306152030 19.9371 0.0153 -72.2451
20230306152031 19.9371 0.0565 -62.8512
20230306152032 19.9504 0.0153 -72.2395
20230306152033 19.9371 0.0565 -62.8512
20230306152034 19.9371 0.0931 -58.9812
20230306152035 19.9691 0.0565 -62.8362
20230306152036 19.9691 0.0 0.0
20230306152037 19.9504 0.0 0.0
20230306152038 19.9371 0.0153 -72.2451
20230306152039 19.9371 0.0565 -62.8512
20230306152040 19.9371 0.0 0.0
20230306152041 19.9691 0.0183 -71.0022
20230306152042 19.9504 0.0153 -72.2395
20230306152043 19.9691 0.0183 -71.0022
20230306152044 19.9825 0.0778 -60.3694
20230306152045 19.9504 0.0 0.0
20230306152046 19.9371 0.0 0.0
20230306152047 19.9504 0.0565 -62.845
20230306152048 19.9691 0.0183 -71.0022
20230306152049 19.9504 0.0 0.0
20230306152050 19.9504 0.0 0.0
20230306152051 19.9825 0.0183 -70.9965
20230306152052 19.9504 0.0153 -72.2395
20230306152053 19.9371 0.0565 -62.8512
20230306152054 19.9371 0.0 0.0
20230306152055 19.9691 0.0565 -62.8362
20230306152056 19.9371 0.0748 -60.6973
20230306152057 19.9504 0.0 0.0
20230306152058 19.9691 0.0366 -66.0714
20230306152059 19.9691 0.0183 -71.0022
20230306152100 19.9691 0.0366 -66.0714
20230306152101 19.9504 0.0 0.0
20230306152102 19.9691 0.0183 -71.0022
20230306152103 19.9691 0.116 -57.2079
20230306152104 19.9504 0.0961 -58.7233
20230306152105 19.9504 0.0 0.0
20230306152106 19.9504 0.0 0.0
20230306152107 19.9504 0.0153 -72.2395
20230306152108 19.9504 0.0565 -62.845
20230306152109 19.9371 0.0153 -72.2451
20230306152110 19.9691 0.0183 -71.0022
20230306152111 19.9504 0.0 0.0
20230306152112 19.9371 0.0336 -66.7094
20230306152113 19.9691 0.0961 -58.7141
20230306152114 19.9371 0.0 0.0
20230306152115 19.9691 0.0183 -71.0022
20230306152116 19.9691 0.0183 -71.0022
20230306152117 19.9691 0.0366 -66.0714
20230306152118 19.9691 0.0183 -71.0022
20230306152119 19.9504 0.0366 -66.0799
20230306152120 19.9371 0.0565 -62.8512
20230306152121 19.9504 0.0366 -66.0799
20230306152122 19.9691 0.0565 -62.8362
20230306152123 19.9691 0.0366 -66.0714
20230306152124 19.9371 0.0 0.0
20230306152125 19.9691 0.0565 -62.8362
20230306152126 19.9691 0.0366 -66.0714
20230306152127 19.9691 0.0366 -66.0714
20230306152128 19.9504 0.0 0.0
20230306152129 19.9504 0.0 0.0
20230306152130 19.9691 0.0366 -66.0714
20230306152131 19.9691 0.0183 -71.0022
20230306152132 19.9691 0.0 0.0
20230306152133 19.9504 0.0366 -66.0799
20230306152134 19.9504 0.0366 -66.0799
20230306152135 19.9371 0.0153 -72.2451
20230306152136 19.9371 0.0153 -72.2451
20230306152137 19.9691 0.0 0.0
20230306152138 19.9504 0.0153 -72.2395
20230306152139 19.9691 0.0 0.0
20230306152140 19.9691 0.1373 -55.8377
20230306152141 19.9504 0.0366 -66.0799
20230306152142 19.9691 0.0183 -71.0022
20230306152143 19.9691 0.0565 -62.8362
20230306152144 19.9691 0.0 0.0
20230306152145 19.9504 0.0565 -62.845
20230306152146 19.9691 0.0961 -58.7141
20230306152147 19.9371 0.0 0.0
20230306152148 19.9371 0.0 0.0
20230306152149 19.9371 0.0 0.0
20230306152150 19.9691 0.0366 -66.0714
20230306152151 19.9691 0.0366 -66.0714
20230306152152 19.9504 0.0 0.0
20230306152153 19.9504 0.0366 -66.0799
20230306152154 19.9691 0.0961 -58.7141
20230306152155 19.9371 0.0748 -60.6973
20230306152156 19.9504 0.0366 -66.0799
20230306152157 19.9504 0.0 0.0
20230306152158 19.9504 0.0 0.0
20230306152159 19.9504 0.0 0.0
20230306152200 19.9504 0.0366 -66.0799
20230306152201 19.9371 0.0336 -66.7094
20230306152202 19.9691 0.0366 -66.0714
20230306152203 19.9691 0.0 0.0
20230306152204 19.9504 0.0366 -66.0799
20230306152205 19.9504 0.0153 -72.2395
20230306152206 19.9371 0.0 0.0
20230306152207 19.9371 0.0565 -62.8512
20230306152208 19.9504 0.0961 -58.7233
20230306152209 19.9504 0.0748 -60.6909
20230306152210 19.9504 0.0366 -66.0799
20230306152211 19.9504 0.0366 -66.0799
20230306152212 19.9504 0.0153 -72.2395
20230306152213 19.9691 0.0366 -66.0714
20230306152214 19.9371 0.0336 -66.7094
20230306152215 19.9504 0.0565 -62.845
20230306152216 19.9504 0.0153 -72.2395
20230306152217 19.9504 0.0 0.0
20230306152218 19.9371 0.0748 -60.6973
20230306152219 19.9371 0.0 0.0
20230306152220 19.9504 0.0 0.0
20230306152221 19.9504 0.0366 -66.0799
20230306152222 19.9504 0.0153 -72.2395
20230306152223 19.9504 0.0153 -72.2395
20230306152224 19.9371 0.0 0.0
20230306152225 19.9504 0.0366 -66.0799
20230306152226 19.9504 0.0366 -66.0799
20230306152227 19.9504 0.0366 -66.0799
20230306152228 19.9504 0.0153 -72.2395
20230306152229 19.9504 0.0153 -72.2395
20230306152230 19.9371 0.0565 -62.8512
20230306152231 19.9504 0.0565 -62.845
20230306152232 19.9504 0.0366 -66.0799
20230306152233 19.9371 0.0 0.0
20230306152234 19.9371 0.0153 -72.2451
20230306152235 19.9825 0.0183 -70.9965
20230306152236 19.9371 0.0 0.0
20230306152237 19.9504 0.116 -57.2172
20230306152238 19.9504 0.0748 -60.6909
20230306152239 19.9691 0.0183 -71.0022
20230306152240 19.9371 0.0 0.0
20230306152241 19.9504 0.0748 -60.6909
20230306152242 19.9237 0.0 0.0
20230306152243 19.9504 0.0565 -62.845
20230306152244 19.9371 0.0336 -66.7094
20230306152245 19.9504 0.0153 -72.2395
20230306152246 19.9371 0.0 0.0
20230306152247 19.9504 0.0153 -72.2395
20230306152248 19.9691 0.0183 -71.0022
20230306152249 19.9237 0.0 0.0
20230306152250 19.9691 0.0 0.0
20230306152251 19.9504 0.0565 -62.845
20230306152252 19.9504 0.0153 -72.2395
20230306152253 19.9691 0.0 0.0
20230306152254 19.9504 0.0 0.0
20230306152255 19.9371 0.0336 -66.7094
20230306152256 19.9825 0.0366 -66.0654
20230306152257 19.9504 0.0565 -62.845
20230306152258 19.9504 0.0153 -72.2395
20230306152259 19.9371 0.0748 -60.6973
20230306152300 19.9504 0.0 0.0
20230306152301 19.9691 0.0183 -71.0022
20230306152302 19.9691 0.0961 -58.7141
20230306152303 19.9504 0.0366 -66.0799
20230306152304 19.9504 0.0 0.0
20230306152305 19.9691 0.0 0.0
20230306152306 19.9371 0.0565 -62.8512
