EventTime	aTemp	RH	DP	cTemp	mTemp	sLid	sVacuu	sPressure	IsOkay
20230403115355	24.52	0.29	-47.06	25.14	23.14	1	1	1	1
20230403115356	24.48	0.24	-48.76	25.14	23.12	1	1	1	1
20230403115357	24.5	0.24	-48.75	25.14	23.13	1	1	1	1
20230403115358	24.48	0.16	-52.27	25.14	23.12	1	1	1	1
20230403115359	24.5	0.16	-52.26	25.14	23.12	1	1	1	1
20230403115400	24.47	0.2	-50.36	25.14	23.12	1	1	1	1
20230403115402	24.5	0.2	-50.34	25.14	23.12	1	1	1	1
20230403115403	24.48	0.24	-48.76	25.13	23.1	1	1	1	1
20230403115404	24.47	0.22	-49.53	25.13	23.12	1	1	1	1
20230403115405	24.47	0.26	-48.06	25.13	23.1	1	1	1	1
20230403115406	24.47	0.24	-48.77	25.11	23.1	1	1	1	1
20230403115407	24.47	0.26	-48.06	25.13	23.1	1	1	1	1
20230403115408	24.46	0.16	-52.28	25.11	23.1	1	1	1	1
20230403115409	24.46	0.24	-48.77	25.11	23.09	1	1	1	1
20230403115410	24.44	0.24	-48.78	25.11	23.1	1	1	1	1
20230403115411	24.44	0.26	-48.07	25.11	23.09	1	1	1	1
20230403115412	24.46	0.22	-49.53	25.1	23.1	1	1	1	1
20230403115413	24.47	0.26	-48.06	25.09	23.09	1	1	1	1
20230403115414	24.44	0.28	-47.41	25.09	23.09	1	1	1	1
20230403115415	24.43	0.24	-48.79	25.09	23.07	1	1	1	1
20230403115416	24.44	0.26	-48.07	25.09	23.09	1	1	1	1
20230403115417	24.44	0.22	-49.55	25.09	23.09	1	1	1	1
20230403115418	24.44	0.18	-51.28	25.09	23.09	1	1	1	1
20230403115419	24.41	0.28	-47.43	25.09	23.09	1	1	1	1
20230403115420	24.41	0.2	-50.39	25.09	23.09	1	1	1	1
20230403115421	24.41	0.22	-49.56	25.07	23.07	1	1	1	1
20230403115422	24.41	0.18	-51.3	25.09	23.07	1	1	1	1
20230403115424	24.43	0.22	-49.55	25.09	23.09	1	1	1	1
20230403115425	24.4	0.2	-50.4	25.07	23.07	1	1	1	1
20230403115426	24.38	0.22	-49.58	25.06	23.09	1	1	1	1
20230403115427	24.38	0.28	-47.44	25.06	23.07	1	1	1	1
20230403115428	24.38	0.22	-49.58	25.07	23.07	1	1	1	1
20230403115429	24.41	0.2	-50.39	25.06	23.07	1	1	1	1
20230403115430	24.41	0.24	-48.8	25.05	23.06	1	1	1	1
20230403115431	24.4	0.16	-52.31	25.06	23.07	1	1	1	1
20230403115432	24.4	0.22	-49.57	25.06	23.07	1	1	1	1
20230403115433	24.4	0.24	-48.8	25.06	23.06	1	1	1	1
20230403115434	24.4	0.2	-50.4	25.05	23.06	1	1	1	1
20230403115435	24.4	0.22	-49.57	25.04	23.04	1	1	1	1
20230403115436	24.37	0.18	-51.32	25.04	23.06	1	1	1	1
20230403115437	24.38	0.22	-49.58	25.04	23.04	1	1	1	1
20230403115438	24.38	0.24	-48.81	25.04	23.04	1	1	1	1
20230403115439	24.38	0.2	-50.41	25.04	23.06	1	1	1	1
20230403115440	24.4	0.22	-49.57	25.04	23.04	1	1	1	1
20230403115441	24.4	0.32	-46.23	25.04	23.06	1	1	1	1
20230403115442	24.4	0.18	-51.31	25.04	23.06	1	1	1	1
20230403115444	24.38	0.22	-49.58	25.02	23.04	1	1	1	1
20230403115445	24.37	0.26	-48.11	25.02	23.04	1	1	1	1
20230403115446	24.4	0.22	-49.57	25.02	23.06	1	1	1	1
20230403115447	24.37	0.26	-48.11	25.02	23.06	1	1	1	1
20230403115448	24.38	0.18	-51.32	25.02	23.04	1	1	1	1
20230403115449	24.41	0.26	-48.09	25.02	23.04	1	1	1	1
20230403115450	24.41	0.26	-48.09	25.01	23.04	1	1	1	1
20230403115451	24.4	0.28	-47.43	25.02	23.04	1	1	1	1
20230403115452	24.38	0.2	-50.41	25.01	23.04	1	1	1	1
20230403115453	24.38	0.22	-49.58	25.02	23.06	1	1	1	1
20230403115454	24.38	0.16	-52.32	25.0	23.04	1	1	1	1
20230403115455	24.41	0.14	-53.43	25.01	23.06	1	1	1	1
20230403115456	24.4	0.2	-50.4	25.01	23.06	1	1	1	1
20230403115457	24.4	0.28	-47.43	25.0	23.03	1	1	1	1
20230403115458	24.4	0.3	-46.82	25.01	23.04	1	1	1	1
20230403115459	24.38	0.22	-49.58	25.01	23.03	1	1	1	1
20230403115500	24.41	0.26	-48.09	25.0	23.04	1	1	1	1
20230403115501	24.41	0.16	-52.31	25.0	23.03	1	1	1	1
20230403115502	24.41	0.28	-47.43	25.0	23.04	1	1	1	1
20230403115504	24.41	0.3	-46.81	24.98	23.03	1	1	1	1
20230403115505	24.41	0.16	-52.31	24.98	23.03	1	1	1	1
20230403115506	24.41	0.2	-50.39	25.0	23.03	1	1	1	1
20230403115507	24.4	0.22	-49.57	25.0	23.04	1	1	1	1
20230403115508	24.43	0.22	-49.55	24.98	23.02	1	1	1	1
20230403115509	24.41	0.18	-51.3	24.98	23.04	1	1	1	1
20230403115510	24.41	0.22	-49.56	24.97	23.04	1	1	1	1
20230403115511	24.44	0.18	-51.28	24.98	23.03	1	1	1	1
20230403115512	24.41	0.22	-49.56	24.98	23.03	1	1	1	1
20230403115513	24.41	0.18	-51.3	24.98	23.03	1	1	1	1
20230403115514	24.41	0.26	-48.09	24.97	23.02	1	1	1	1
20230403115515	24.43	0.28	-47.42	24.98	23.02	1	1	1	1
20230403115516	24.44	0.24	-48.78	24.97	23.02	1	1	1	1
20230403115517	24.43	0.24	-48.79	24.97	23.03	1	1	1	1
20230403115518	24.41	0.26	-48.09	24.97	23.03	1	1	1	1
20230403115519	24.46	0.24	-48.77	24.97	23.02	1	1	1	1
20230403115520	24.44	0.24	-48.78	24.97	23.02	1	1	1	1
20230403115521	24.43	0.2	-50.38	24.96	23.02	1	1	1	1
20230403115522	24.43	0.18	-51.29	24.96	23.02	1	1	1	1
20230403115524	24.43	0.24	-48.79	24.97	23.03	1	1	1	1
20230403115525	24.44	0.24	-48.78	24.96	23.02	1	1	1	1
20230403115526	24.44	0.24	-48.78	24.97	23.02	1	1	1	1
20230403115527	24.46	0.24	-48.77	24.94	23.02	1	1	1	1
20230403115528	24.43	0.22	-49.55	24.93	23.02	1	1	1	1
20230403115529	24.44	0.18	-51.28	24.94	23.02	1	1	1	1
20230403115530	24.46	0.26	-48.06	24.94	23.02	1	1	1	1
20230403115531	24.46	0.22	-49.53	24.94	23.03	1	1	1	1
20230403115532	24.43	0.22	-49.55	24.94	23.02	1	1	1	1
20230403115533	24.44	0.22	-49.55	24.94	23.02	1	1	1	1
20230403115534	24.47	0.22	-49.53	24.94	23.02	1	1	1	1
20230403115535	24.43	0.2	-50.38	24.94	23.02	1	1	1	1
20230403115536	24.44	0.16	-52.29	24.93	23.02	1	1	1	1
20230403115537	24.46	0.2	-50.36	24.92	23.02	1	1	1	1
20230403115538	24.46	0.26	-48.06	24.92	23.0	1	1	1	1
20230403115539	24.47	0.22	-49.53	24.92	23.0	1	1	1	1
20230403115540	24.44	0.26	-48.07	24.92	22.99	1	1	1	1
20230403115541	24.44	0.26	-48.07	24.92	22.99	1	1	1	1
20230403115542	24.48	0.22	-49.52	24.92	23.0	1	1	1	1
20230403115543	24.43	0.22	-49.55	24.96	23.0	1	1	1	1
20230403115545	24.46	0.24	-48.77	24.96	23.0	1	1	1	1
20230403115546	24.46	0.24	-48.77	24.97	23.02	1	1	1	1
20230403115547	24.44	0.24	-48.78	24.98	23.0	1	1	1	1
20230403115548	24.47	0.22	-49.53	25.01	23.02	1	1	1	1
20230403115549	24.46	0.24	-48.77	25.04	23.04	1	1	1	1
20230403115550	24.43	0.26	-48.08	25.05	23.04	1	1	1	1
20230403115551	24.43	0.22	-49.55	25.07	23.07	1	1	1	1
20230403115552	24.43	0.24	-48.79	25.1	23.07	1	1	1	1
20230403115553	24.44	0.2	-50.38	25.11	23.09	1	1	1	1
20230403115554	24.43	0.18	-51.29	25.14	23.1	1	1	1	1
20230403115555	24.46	0.26	-48.06	25.15	23.13	1	1	1	1
20230403115556	24.46	0.26	-48.06	25.17	23.13	1	1	1	1
20230403115557	24.46	0.18	-51.27	25.18	23.13	1	1	1	1
20230403115558	24.46	0.18	-51.27	25.2	23.16	1	1	1	1
20230403115559	24.46	0.24	-48.77	25.22	23.16	1	1	1	1
20230403115600	24.47	0.22	-49.53	25.24	23.19	1	1	1	1
20230403115601	24.47	0.22	-49.53	25.26	23.2	1	1	1	1
20230403115602	24.47	0.18	-51.27	25.27	23.2	1	1	1	1
20230403115604	24.46	0.18	-51.27	25.3	23.2	1	1	1	1
20230403115605	24.44	0.22	-49.55	25.31	23.24	1	1	1	1
20230403115606	24.44	0.24	-48.78	25.32	23.24	1	1	1	1
20230403115607	24.46	0.26	-48.06	25.35	23.27	1	1	1	1
20230403115608	24.46	0.2	-50.36	25.36	23.27	1	1	1	1
20230403115609	24.46	0.22	-49.53	25.38	23.29	1	1	1	1
20230403115610	24.48	0.22	-49.52	25.39	23.3	1	1	1	1
20230403115611	24.47	0.24	-48.77	25.42	23.3	1	1	1	1
20230403115612	24.46	0.18	-51.27	25.42	23.31	1	1	1	1
20230403115613	24.48	0.3	-46.77	25.44	23.33	1	1	1	1
20230403115614	24.47	0.26	-48.06	25.46	23.33	1	1	1	1
20230403115615	24.46	0.22	-49.53	25.47	23.34	1	1	1	1
20230403115616	24.46	0.22	-49.53	25.48	23.36	1	1	1	1
20230403115617	24.48	0.29	-47.08	25.49	23.37	1	1	1	1
20230403115618	24.48	0.22	-49.52	25.51	23.39	1	1	1	1
20230403115619	24.48	0.22	-49.52	25.52	23.39	1	1	1	1
20230403115620	24.47	0.24	-48.77	25.53	23.4	1	1	1	1
20230403115621	24.47	0.18	-51.27	25.55	23.42	1	1	1	1
20230403115622	24.48	0.22	-49.52	25.56	23.42	1	1	1	1
20230403115624	24.46	0.28	-47.4	25.57	23.44	1	1	1	1
20230403115625	24.48	0.24	-48.76	25.59	23.44	1	1	1	1
