EventTime	aTemp	RH	DP	cTemp	mTemp	sLid	sVacuu	sPressure	IsOkay
20230331113050	19.23	0.05	-64.1	20.05	18.92	1	1	1	1
20230331113051	19.27	0.0	-89.24	20.05	18.93	1	1	1	1
20230331113052	19.27	0.0	-89.24	20.06	18.94	1	1	1	1
20230331113053	19.24	0.0	-89.25	20.06	18.94	1	1	1	1
20230331113054	19.29	0.0	-89.24	20.06	18.94	1	1	1	1
20230331113055	19.27	0.0	-89.24	20.06	18.93	1	1	1	1
20230331113056	19.29	0.02	-70.68	20.06	18.93	1	1	1	1
20230331113057	19.29	0.0	-89.24	20.07	18.94	1	1	1	1
20230331113058	19.29	0.0	-89.24	20.06	18.93	1	1	1	1
20230331113059	19.3	0.0	-89.23	20.07	18.94	1	1	1	1
20230331113100	19.27	0.0	-89.24	20.06	18.93	1	1	1	1
20230331113101	19.27	0.0	-89.24	20.07	18.93	1	1	1	1
20230331113102	19.3	0.0	-89.23	20.07	18.94	1	1	1	1
20230331113103	19.31	0.0	-89.23	20.07	18.94	1	1	1	1
20230331113104	19.27	0.0	-89.24	20.06	18.94	1	1	1	1
20230331113106	19.3	0.02	-70.67	20.08	18.94	1	1	1	1
20230331113107	19.3	0.0	-89.23	20.08	18.94	1	1	1	1
20230331113108	19.31	0.0	-89.23	20.08	18.94	1	1	1	1
20230331113109	19.3	0.0	-89.23	20.08	18.93	1	1	1	1
20230331113110	19.33	0.0	-89.22	20.08	18.94	1	1	1	1
20230331113111	19.3	0.0	-89.23	20.08	18.94	1	1	1	1
20230331113112	19.31	0.0	-89.23	20.08	18.94	1	1	1	1
20230331113113	19.31	0.04	-65.72	20.07	18.93	1	1	1	1
20230331113114	19.31	0.04	-65.72	20.08	18.95	1	1	1	1
20230331113115	19.33	0.0	-89.22	20.08	18.95	1	1	1	1
20230331113116	19.33	0.02	-70.66	20.08	18.95	1	1	1	1
20230331113117	19.33	0.02	-70.66	20.07	18.94	1	1	1	1
20230331113118	19.33	0.0	-89.22	20.07	18.93	1	1	1	1
20230331113119	19.34	0.0	-89.22	20.07	18.94	1	1	1	1
20230331113120	19.31	0.0	-89.23	20.07	18.94	1	1	1	1
20230331113121	19.33	0.0	-89.22	20.08	18.94	1	1	1	1
20230331113123	19.33	0.02	-70.66	20.07	18.95	1	1	1	1
20230331113124	19.31	0.0	-89.23	20.08	18.94	1	1	1	1
20230331113125	19.31	0.0	-89.23	20.08	18.95	1	1	1	1
20230331113126	19.33	0.0	-89.22	20.07	18.93	1	1	1	1
20230331113127	19.31	0.0	-89.23	20.08	18.93	1	1	1	1
20230331113128	19.33	0.0	-89.22	20.07	18.94	1	1	1	1
20230331113129	19.33	0.02	-70.66	20.08	18.94	1	1	1	1
20230331113130	19.33	0.0	-89.22	20.08	18.93	1	1	1	1
20230331113131	19.33	0.04	-65.71	20.07	18.93	1	1	1	1
20230331113132	19.34	0.0	-89.22	20.08	18.94	1	1	1	1
20230331113133	19.33	0.0	-89.22	20.08	18.94	1	1	1	1
20230331113134	19.33	0.0	-89.22	20.07	19.01	1	1	1	1
20230331113135	19.34	0.02	-70.66	20.02	19.23	1	1	1	1
20230331113136	19.34	0.02	-70.66	19.99	19.44	1	1	1	1
20230331113137	19.34	0.0	-89.22	19.97	19.63	1	1	1	1
20230331113138	19.33	0.0	-89.22	19.93	19.76	1	1	1	1
20230331113139	19.36	0.0	-89.21	19.9	19.84	1	1	1	1
20230331113140	19.39	0.0	-89.2	19.88	19.93	1	1	1	1
20230331113142	19.36	0.04	-65.7	19.85	19.97	1	1	1	1
20230331113143	19.4	0.0	-89.2	19.83	20.01	1	1	1	1
20230331113144	19.43	0.0	-89.19	19.81	20.05	1	1	1	1
20230331113145	19.44	0.02	-70.61	19.78	20.07	1	1	1	1
20230331113146	19.43	0.0	-89.19	19.76	20.08	1	1	1	1
20230331113147	19.44	0.0	-89.18	19.72	20.08	1	1	1	1
20230331113148	19.47	0.0	-89.17	19.72	20.09	1	1	1	1
20230331113149	19.49	0.0	-89.17	19.69	20.07	1	1	1	1
20230331113150	19.47	0.0	-89.17	19.68	20.08	1	1	1	1
20230331113151	19.49	0.0	-89.17	19.65	20.08	1	1	1	1
20230331113152	19.51	0.0	-89.16	19.63	20.08	1	1	1	1
20230331113153	19.51	0.0	-89.16	19.62	20.06	1	1	1	1
20230331113154	19.53	0.0	-89.15	19.57	20.05	1	1	1	1
20230331113155	19.53	0.0	-89.15	19.56	20.03	1	1	1	1
20230331113156	19.56	0.02	-70.56	19.55	20.03	1	1	1	1
20230331113157	19.56	0.0	-89.14	19.52	20.02	1	1	1	1
20230331113158	19.56	0.0	-89.14	19.51	20.02	1	1	1	1
20230331113159	19.57	0.0	-89.14	19.47	20.0	1	1	1	1
20230331113201	19.61	0.0	-89.13	19.49	19.99	1	1	1	1
20230331113202	19.58	0.01	-75.24	19.44	19.97	1	1	1	1
20230331113203	19.61	0.0	-89.13	19.43	19.97	1	1	1	1
20230331113204	19.61	0.07	-61.37	19.41	19.97	1	1	1	1
20230331113205	19.61	0.02	-70.54	19.39	19.94	1	1	1	1
20230331113206	19.63	0.0	-89.12	19.38	19.93	1	1	1	1
20230331113207	19.64	0.0	-89.12	19.34	19.91	1	1	1	1
20230331113208	19.63	0.01	-75.22	19.34	19.91	1	1	1	1
20230331113209	19.65	0.0	-89.11	19.33	19.91	1	1	1	1
20230331113210	19.64	0.05	-63.91	19.3	19.89	1	1	1	1
20230331113211	19.68	0.0	-89.1	19.27	19.88	1	1	1	1
20230331113212	19.68	0.03	-67.64	19.25	19.85	1	1	1	1
20230331113213	19.65	0.03	-67.66	19.25	19.85	1	1	1	1
20230331113214	19.67	0.01	-75.2	19.24	19.85	1	1	1	1
20230331113215	19.73	0.01	-75.18	19.2	19.83	1	1	1	1
20230331113217	19.71	0.0	-89.09	19.18	19.82	1	1	1	1
20230331113218	19.71	0.03	-67.63	19.19	19.82	1	1	1	1
20230331113219	19.71	0.03	-67.63	19.17	19.81	1	1	1	1
20230331113220	19.71	0.0	-89.09	19.13	19.78	1	1	1	1
20230331113221	19.7	0.05	-63.88	19.12	19.77	1	1	1	1
20230331113222	19.71	0.0	-89.09	19.11	19.77	1	1	1	1
20230331113223	19.73	0.0	-89.08	19.1	19.76	1	1	1	1
20230331113224	19.74	0.0	-89.08	19.07	19.74	1	1	1	1
20230331113225	19.74	0.0	-89.08	19.07	19.74	1	1	1	1
20230331113226	19.74	0.0	-89.08	19.04	19.72	1	1	1	1
20230331113227	19.73	0.0	-89.08	19.02	19.71	1	1	1	1
20230331113228	19.74	0.0	-89.08	19.0	19.71	1	1	1	1
20230331113230	19.75	0.0	-89.08	18.99	19.69	1	1	1	1
20230331113231	19.75	0.0	-89.08	18.98	19.68	1	1	1	1
20230331113232	19.74	0.01	-75.18	18.97	19.66	1	1	1	1
20230331113233	19.77	0.03	-67.6	18.94	19.65	1	1	1	1
20230331113234	19.78	0.0	-89.07	18.93	19.65	1	1	1	1
20230331113235	19.75	0.01	-75.17	18.92	19.63	1	1	1	1
20230331113236	19.77	0.0	-89.07	18.9	19.62	1	1	1	1
20230331113237	19.78	0.0	-89.07	18.87	19.62	1	1	1	1
20230331113238	19.78	0.0	-89.07	18.88	19.63	1	1	1	1
20230331113239	19.78	0.0	-89.07	18.85	19.59	1	1	1	1
20230331113240	19.78	0.05	-63.85	18.84	19.59	1	1	1	1
20230331113241	19.77	0.0	-89.07	18.84	19.58	1	1	1	1
20230331113242	19.75	0.03	-67.61	18.81	19.58	1	1	1	1
20230331113243	19.77	0.0	-89.07	18.79	19.56	1	1	1	1
20230331113244	19.8	0.0	-89.06	18.78	19.55	1	1	1	1
20230331113245	19.78	0.0	-89.07	18.78	19.53	1	1	1	1
20230331113246	19.78	0.01	-75.16	18.75	19.53	1	1	1	1
20230331113248	19.8	0.0	-89.06	18.73	19.53	1	1	1	1
20230331113249	19.78	0.0	-89.07	18.73	19.52	1	1	1	1
20230331113250	19.78	0.01	-75.16	18.71	19.5	1	1	1	1
20230331113251	19.77	0.0	-89.07	18.7	19.47	1	1	1	1
20230331113252	19.78	0.0	-89.07	18.7	19.49	1	1	1	1
20230331113253	19.8	0.0	-89.06	18.68	19.49	1	1	1	1
20230331113254	19.77	0.0	-89.07	18.66	19.49	1	1	1	1
20230331113255	19.78	0.01	-75.16	18.65	19.46	1	1	1	1
20230331113256	19.81	0.05	-63.83	18.65	19.45	1	1	1	1
20230331113257	19.8	0.0	-89.06	18.63	19.44	1	1	1	1
20230331113258	19.78	0.07	-61.29	18.61	19.43	1	1	1	1
20230331113259	19.81	0.0	-89.06	18.6	19.43	1	1	1	1
20230331113300	19.8	0.0	-89.06	18.6	19.43	1	1	1	1
20230331113301	19.78	0.0	-89.07	18.57	19.4	1	1	1	1
20230331113302	19.8	0.01	-75.15	18.55	19.38	1	1	1	1
20230331113303	19.8	0.0	-89.06	18.54	19.39	1	1	1	1
20230331113304	19.8	0.0	-89.06	18.54	19.38	1	1	1	1
20230331113305	19.78	0.0	-89.07	18.53	19.38	1	1	1	1
20230331113307	19.8	0.01	-75.15	18.5	19.36	1	1	1	1
20230331113308	19.77	0.0	-89.07	18.48	19.36	1	1	1	1
20230331113309	19.8	0.03	-67.59	18.48	19.33	1	1	1	1
20230331113310	19.78	0.03	-67.6	18.48	19.33	1	1	1	1
20230331113311	19.77	0.0	-89.07	18.47	19.32	1	1	1	1
20230331113312	19.8	0.03	-67.59	18.44	19.32	1	1	1	1
20230331113313	19.78	0.0	-89.07	18.45	19.32	1	1	1	1
20230331113314	19.77	0.0	-89.07	18.43	19.3	1	1	1	1
20230331113315	19.78	0.0	-89.07	18.4	19.3	1	1	1	1
20230331113316	19.81	0.05	-63.83	18.4	19.28	1	1	1	1
20230331113317	19.78	0.01	-75.16	18.39	19.27	1	1	1	1
20230331113318	19.77	0.0	-89.07	18.39	19.28	1	1	1	1
20230331113319	19.78	0.0	-89.07	18.38	19.28	1	1	1	1
20230331113320	19.77	0.0	-89.07	18.37	19.26	1	1	1	1
20230331113321	19.75	0.0	-89.08	18.36	19.24	1	1	1	1
20230331113322	19.75	0.0	-89.08	18.33	19.23	1	1	1	1
20230331113323	19.77	0.0	-89.07	18.33	19.23	1	1	1	1
20230331113324	19.77	0.01	-75.16	18.32	19.24	1	1	1	1
20230331113325	19.75	0.01	-75.17	18.31	19.23	1	1	1	1
20230331113326	19.75	0.0	-89.08	18.3	19.23	1	1	1	1
20230331113328	19.75	0.0	-89.08	18.29	19.2	1	1	1	1
20230331113329	19.75	0.0	-89.08	18.27	19.2	1	1	1	1
20230331113330	19.74	0.01	-75.18	18.26	19.19	1	1	1	1
20230331113331	19.75	0.03	-67.61	18.26	19.19	1	1	1	1
20230331113332	19.74	0.03	-67.62	18.24	19.18	1	1	1	1
20230331113333	19.75	0.0	-89.08	18.25	19.19	1	1	1	1
20230331113334	19.75	0.0	-89.08	18.23	19.17	1	1	1	1
20230331113335	19.75	0.03	-67.61	18.22	19.17	1	1	1	1
20230331113336	19.75	0.01	-75.17	18.19	19.15	1	1	1	1
20230331113337	19.74	0.0	-89.08	18.2	19.14	1	1	1	1
20230331113338	19.75	0.03	-67.61	18.19	19.14	1	1	1	1
20230331113339	19.74	0.0	-89.08	18.17	19.12	1	1	1	1
20230331113340	19.74	0.07	-61.31	18.17	19.13	1	1	1	1
20230331113341	19.73	0.0	-89.08	18.17	19.13	1	1	1	1
20230331113342	19.71	0.0	-89.09	18.16	19.11	1	1	1	1
20230331113343	19.74	0.0	-89.08	18.13	19.1	1	1	1	1
20230331113344	19.71	0.0	-89.09	18.12	19.1	1	1	1	1
20230331113345	19.71	0.0	-89.09	18.11	19.08	1	1	1	1
20230331113346	19.71	0.0	-89.09	18.12	19.08	1	1	1	1
20230331113347	19.7	0.0	-89.09	18.11	19.07	1	1	1	1
20230331113349	19.68	0.0	-89.1	18.11	19.08	1	1	1	1
20230331113350	19.7	0.0	-89.09	18.08	19.06	1	1	1	1
20230331113351	19.71	0.01	-75.19	18.06	19.05	1	1	1	1
20230331113352	19.71	0.0	-89.09	18.05	19.05	1	1	1	1
20230331113353	19.71	0.0	-89.09	18.06	19.05	1	1	1	1
20230331113354	19.7	0.0	-89.09	18.06	19.05	1	1	1	1
20230331113355	19.7	0.03	-67.63	18.04	19.02	1	1	1	1
20230331113356	19.7	0.0	-89.09	18.03	19.02	1	1	1	1
20230331113357	19.68	0.0	-89.1	18.03	19.02	1	1	1	1
20230331113358	19.7	0.0	-89.09	18.02	19.02	1	1	1	1
20230331113359	19.68	0.0	-89.1	18.01	19.01	1	1	1	1
20230331113400	19.67	0.0	-89.11	18.01	19.01	1	1	1	1
20230331113401	19.67	0.0	-89.11	17.98	18.99	1	1	1	1
20230331113402	19.67	0.09	-59.38	17.98	18.99	1	1	1	1
20230331113403	19.67	0.0	-89.11	17.98	18.99	1	1	1	1
20230331113404	19.67	0.0	-89.11	17.96	18.99	1	1	1	1
20230331113405	19.67	0.01	-75.2	17.95	18.99	1	1	1	1
20230331113406	19.67	0.03	-67.65	17.95	18.97	1	1	1	1
20230331113407	19.67	0.0	-89.11	17.95	18.95	1	1	1	1
20230331113408	19.65	0.05	-63.91	17.94	18.95	1	1	1	1
20230331113410	19.65	0.01	-75.21	17.94	18.97	1	1	1	1
20230331113411	19.65	0.0	-89.11	17.91	18.94	1	1	1	1
20230331113412	19.67	0.0	-89.11	17.91	18.95	1	1	1	1
20230331113413	19.64	0.0	-89.12	17.91	18.93	1	1	1	1
20230331113414	19.61	0.0	-89.13	17.9	18.93	1	1	1	1
20230331113415	19.64	0.0	-89.12	17.9	18.94	1	1	1	1
20230331113416	19.64	0.0	-89.12	17.89	18.92	1	1	1	1
20230331113417	19.63	0.0	-89.12	17.88	18.93	1	1	1	1
20230331113418	19.63	0.01	-75.22	17.87	18.91	1	1	1	1
20230331113419	19.63	0.05	-63.92	17.88	18.92	1	1	1	1
20230331113420	19.64	0.0	-89.12	17.86	18.91	1	1	1	1
20230331113421	19.63	0.0	-89.12	17.87	18.9	1	1	1	1
20230331113422	19.61	0.02	-70.54	17.86	18.91	1	1	1	1
20230331113423	19.6	0.05	-63.93	17.84	18.9	1	1	1	1
20230331113424	19.6	0.0	-89.13	17.84	18.9	1	1	1	1
20230331113425	19.6	0.0	-89.13	17.82	18.87	1	1	1	1
20230331113426	19.63	0.0	-89.12	17.81	18.87	1	1	1	1
20230331113427	19.6	0.07	-61.37	17.81	18.88	1	1	1	1
20230331113428	19.58	0.0	-89.14	17.8	18.87	1	1	1	1
20230331113429	19.6	0.01	-75.23	17.8	18.86	1	1	1	1
20230331113431	19.6	0.05	-63.93	17.8	18.86	1	1	1	1
20230331113432	19.6	0.0	-89.13	17.79	18.86	1	1	1	1
20230331113433	19.6	0.0	-89.13	17.77	18.85	1	1	1	1
20230331113434	19.58	0.0	-89.14	17.76	18.84	1	1	1	1
20230331113435	19.57	0.02	-70.56	17.76	18.85	1	1	1	1
20230331113436	19.58	0.0	-89.14	17.76	18.85	1	1	1	1
20230331113437	19.57	0.0	-89.14	17.75	18.82	1	1	1	1
20230331113438	19.54	0.0	-89.15	17.75	18.84	1	1	1	1
20230331113439	19.54	0.0	-89.15	17.74	18.82	1	1	1	1
20230331113440	19.57	0.0	-89.14	17.73	18.81	1	1	1	1
20230331113441	19.54	0.0	-89.15	17.72	18.8	1	1	1	1
20230331113442	19.54	0.0	-89.15	17.7	18.8	1	1	1	1
20230331113443	19.53	0.0	-89.15	17.7	18.8	1	1	1	1
20230331113444	19.53	0.0	-89.15	17.72	18.8	1	1	1	1
20230331113445	19.54	0.02	-70.57	17.7	18.8	1	1	1	1
20230331113446	19.51	0.0	-89.16	17.7	18.79	1	1	1	1
20230331113447	19.51	0.0	-89.16	17.68	18.78	1	1	1	1
20230331113448	19.54	0.02	-70.57	17.69	18.79	1	1	1	1
20230331113449	19.53	0.0	-89.15	17.67	18.78	1	1	1	1
20230331113451	19.51	0.0	-89.16	17.67	18.77	1	1	1	1
20230331113452	19.51	0.02	-70.58	17.66	18.77	1	1	1	1
20230331113453	19.51	0.0	-89.16	17.66	18.77	1	1	1	1
20230331113454	19.49	0.0	-89.17	17.66	18.75	1	1	1	1
20230331113455	19.5	0.0	-89.16	17.66	18.77	1	1	1	1
20230331113456	19.51	0.04	-65.63	17.66	18.75	1	1	1	1
20230331113457	19.49	0.0	-89.17	17.64	18.74	1	1	1	1
20230331113458	19.47	0.0	-89.17	17.64	18.73	1	1	1	1
20230331113459	19.5	0.02	-70.59	17.62	18.73	1	1	1	1
20230331113500	19.47	0.02	-70.6	17.62	18.73	1	1	1	1
20230331113501	19.49	0.0	-89.17	17.62	18.74	1	1	1	1
20230331113502	19.49	0.0	-89.17	17.62	18.74	1	1	1	1
20230331113503	19.47	0.0	-89.17	17.61	18.72	1	1	1	1
20230331113504	19.47	0.0	-89.17	17.62	18.73	1	1	1	1
20230331113505	19.47	0.0	-89.17	17.61	18.73	1	1	1	1
20230331113506	19.47	0.0	-89.17	17.61	18.73	1	1	1	1
20230331113507	19.47	0.02	-70.6	17.59	18.72	1	1	1	1
20230331113508	19.44	0.0	-89.18	17.59	18.71	1	1	1	1
20230331113509	19.44	0.0	-89.18	17.59	18.71	1	1	1	1
20230331113510	19.46	0.0	-89.18	17.59	18.72	1	1	1	1
20230331113512	19.44	0.0	-89.18	17.58	18.71	1	1	1	1
20230331113513	19.47	0.0	-89.17	17.57	18.68	1	1	1	1
20230331113514	19.43	0.0	-89.19	17.55	18.68	1	1	1	1
20230331113515	19.46	0.0	-89.18	17.58	18.7	1	1	1	1
20230331113516	19.43	0.06	-62.63	17.55	18.68	1	1	1	1
20230331113517	19.41	0.02	-70.63	17.55	18.68	1	1	1	1
20230331113518	19.41	0.02	-70.63	17.57	18.68	1	1	1	1
20230331113519	19.43	0.0	-89.19	17.55	18.7	1	1	1	1
20230331113520	19.4	0.0	-89.2	17.53	18.67	1	1	1	1
20230331113521	19.43	0.02	-70.62	17.54	18.67	1	1	1	1
20230331113522	19.4	0.0	-89.2	17.53	18.67	1	1	1	1
20230331113523	19.41	0.0	-89.19	17.52	18.66	1	1	1	1
20230331113524	19.4	0.06	-62.65	17.53	18.66	1	1	1	1
20230331113525	19.4	0.0	-89.2	17.51	18.65	1	1	1	1
20230331113526	19.4	0.0	-89.2	17.51	18.65	1	1	1	1
20230331113527	19.37	0.0	-89.21	17.52	18.66	1	1	1	1
20230331113528	19.39	0.0	-89.2	17.51	18.64	1	1	1	1
20230331113529	19.41	0.0	-89.19	17.5	18.64	1	1	1	1
20230331113530	19.37	0.06	-62.66	17.48	18.64	1	1	1	1
20230331113531	19.39	0.02	-70.64	17.5	18.65	1	1	1	1
20230331113533	19.37	0.0	-89.21	17.47	18.64	1	1	1	1
20230331113534	19.37	0.0	-89.21	17.48	18.63	1	1	1	1
20230331113535	19.4	0.0	-89.2	17.46	18.63	1	1	1	1
20230331113536	19.39	0.0	-89.2	17.46	18.63	1	1	1	1
20230331113537	19.37	0.02	-70.64	17.46	18.63	1	1	1	1
20230331113538	19.34	0.0	-89.22	17.46	18.61	1	1	1	1
20230331113539	19.37	0.0	-89.21	17.46	18.61	1	1	1	1
20230331113540	19.34	0.0	-89.22	17.46	18.61	1	1	1	1
20230331113541	19.34	0.0	-89.22	17.44	18.6	1	1	1	1
20230331113542	19.33	0.0	-89.22	17.44	18.59	1	1	1	1
20230331113543	19.36	0.0	-89.21	17.44	18.59	1	1	1	1
20230331113544	19.34	0.0	-89.22	17.43	18.59	1	1	1	1
20230331113545	19.33	0.0	-89.22	17.41	18.58	1	1	1	1
20230331113546	19.34	0.0	-89.22	17.41	18.58	1	1	1	1
20230331113547	19.31	0.06	-62.69	17.41	18.58	1	1	1	1
20230331113548	19.33	0.0	-89.22	17.43	18.6	1	1	1	1
20230331113549	19.33	0.0	-89.22	17.41	18.58	1	1	1	1
20230331113550	19.31	0.0	-89.23	17.41	18.59	1	1	1	1
20230331113551	19.29	0.0	-89.24	17.41	18.59	1	1	1	1
20230331113552	19.31	0.0	-89.23	17.4	18.58	1	1	1	1
20230331113554	19.31	0.0	-89.23	17.4	18.57	1	1	1	1
20230331113555	19.29	0.0	-89.24	17.4	18.58	1	1	1	1
20230331113556	19.3	0.0	-89.23	17.39	18.57	1	1	1	1
20230331113557	19.29	0.0	-89.24	17.39	18.57	1	1	1	1
20230331113558	19.3	0.0	-89.23	17.39	18.58	1	1	1	1
20230331113559	19.29	0.0	-89.24	17.38	18.57	1	1	1	1
20230331113600	19.3	0.0	-89.23	17.38	18.55	1	1	1	1
20230331113601	19.27	0.0	-89.24	17.38	18.55	1	1	1	1
20230331113602	19.27	0.0	-89.24	17.37	18.55	1	1	1	1
20230331113603	19.26	0.0	-89.25	17.37	18.53	1	1	1	1
20230331113604	19.26	0.02	-70.69	17.37	18.55	1	1	1	1
20230331113605	19.27	0.0	-89.24	17.37	18.54	1	1	1	1
20230331113606	19.26	0.0	-89.25	17.37	18.55	1	1	1	1
20230331113607	19.26	0.0	-89.25	17.37	18.55	1	1	1	1
20230331113608	19.24	0.0	-89.25	17.36	18.54	1	1	1	1
20230331113609	19.26	0.0	-89.25	17.37	18.54	1	1	1	1
20230331113610	19.24	0.04	-65.75	17.37	18.54	1	1	1	1
20230331113611	19.23	0.04	-65.76	17.35	18.53	1	1	1	1
20230331113612	19.23	0.0	-89.26	17.35	18.53	1	1	1	1
20230331113614	19.23	0.01	-75.38	17.36	18.54	1	1	1	1
20230331113615	19.24	0.0	-89.25	17.33	18.53	1	1	1	1
20230331113616	19.23	0.0	-89.26	17.33	18.52	1	1	1	1
20230331113617	19.23	0.05	-64.1	17.35	18.53	1	1	1	1
20230331113618	19.21	0.0	-89.26	17.32	18.52	1	1	1	1
20230331113619	19.23	0.01	-75.38	17.33	18.51	1	1	1	1
20230331113620	19.21	0.0	-89.26	17.32	18.51	1	1	1	1
20230331113621	19.21	0.0	-89.26	17.32	18.52	1	1	1	1
20230331113622	19.2	0.0	-89.27	17.32	18.51	1	1	1	1
20230331113623	19.19	0.0	-89.27	17.32	18.51	1	1	1	1
20230331113624	19.19	0.0	-89.27	17.31	18.5	1	1	1	1
20230331113625	19.2	0.0	-89.27	17.3	18.5	1	1	1	1
20230331113626	19.19	0.0	-89.27	17.31	18.51	1	1	1	1
20230331113627	19.19	0.0	-89.27	17.31	18.5	1	1	1	1
20230331113628	19.19	0.0	-89.27	17.3	18.48	1	1	1	1
20230331113629	19.2	0.0	-89.27	17.3	18.5	1	1	1	1
20230331113630	19.2	0.0	-89.27	17.3	18.5	1	1	1	1
20230331113631	19.17	0.0	-89.28	17.29	18.48	1	1	1	1
20230331113632	19.19	0.0	-89.27	17.3	18.5	1	1	1	1
20230331113633	19.17	0.05	-64.13	17.28	18.48	1	1	1	1
20230331113635	19.16	0.0	-89.28	17.28	18.47	1	1	1	1
20230331113636	19.16	0.0	-89.28	17.28	18.48	1	1	1	1
20230331113637	19.16	0.0	-89.28	17.28	18.47	1	1	1	1
20230331113638	19.14	0.0	-89.29	17.29	18.48	1	1	1	1
20230331113639	19.14	0.0	-89.29	17.28	18.48	1	1	1	1
20230331113640	19.14	0.0	-89.29	17.26	18.47	1	1	1	1
20230331113641	19.17	0.0	-89.28	17.28	18.48	1	1	1	1
20230331113642	19.13	0.0	-89.29	17.26	18.46	1	1	1	1
20230331113643	19.14	0.0	-89.29	17.26	18.47	1	1	1	1
20230331113644	19.14	0.0	-89.29	17.25	18.46	1	1	1	1
20230331113645	19.14	0.0	-89.29	17.26	18.47	1	1	1	1
20230331113646	19.11	0.0	-89.3	17.24	18.46	1	1	1	1
20230331113647	19.11	0.0	-89.3	17.24	18.45	1	1	1	1
20230331113648	19.13	0.0	-89.29	17.24	18.45	1	1	1	1
20230331113649	19.13	0.0	-89.29	17.26	18.46	1	1	1	1
20230331113650	19.11	0.0	-89.3	17.24	18.45	1	1	1	1
20230331113651	19.11	0.0	-89.3	17.25	18.46	1	1	1	1
20230331113652	19.09	0.0	-89.3	17.24	18.45	1	1	1	1
20230331113653	19.11	0.0	-89.3	17.24	18.45	1	1	1	1
20230331113654	19.1	0.01	-75.44	17.24	18.44	1	1	1	1
20230331113656	19.1	0.0	-89.3	17.24	18.45	1	1	1	1
20230331113657	19.1	0.01	-75.44	17.24	18.45	1	1	1	1
20230331113658	19.11	0.0	-89.3	17.23	18.44	1	1	1	1
20230331113659	19.1	0.0	-89.3	17.22	18.44	1	1	1	1
20230331113700	19.1	0.0	-89.3	17.22	18.44	1	1	1	1
20230331113701	19.1	0.0	-89.3	17.22	18.44	1	1	1	1
20230331113702	19.07	0.01	-75.45	17.22	18.44	1	1	1	1
20230331113703	19.06	0.01	-75.45	17.22	18.44	1	1	1	1
20230331113704	19.07	0.03	-67.92	17.22	18.44	1	1	1	1
20230331113705	19.07	0.0	-89.31	17.22	18.44	1	1	1	1
20230331113706	19.06	0.03	-67.92	17.23	18.44	1	1	1	1
20230331113707	19.09	0.0	-89.3	17.23	18.44	1	1	1	1
20230331113708	19.06	0.0	-89.32	17.23	18.44	1	1	1	1
20230331113709	19.05	0.0	-89.32	17.21	18.43	1	1	1	1
20230331113710	19.03	0.0	-89.33	17.22	18.43	1	1	1	1
20230331113711	19.05	0.0	-89.32	17.22	18.43	1	1	1	1
20230331113712	19.06	0.0	-89.32	17.21	18.44	1	1	1	1
20230331113713	19.06	0.01	-75.45	17.21	18.43	1	1	1	1
20230331113714	19.03	0.0	-89.33	17.2	18.41	1	1	1	1
20230331113716	19.02	0.0	-89.33	17.2	18.41	1	1	1	1
20230331113717	19.05	0.0	-89.32	17.2	18.4	1	1	1	1
20230331113718	19.05	0.0	-89.32	17.18	18.43	1	1	1	1
20230331113719	19.06	0.0	-89.32	17.2	18.43	1	1	1	1
20230331113720	19.05	0.0	-89.32	17.17	18.41	1	1	1	1
20230331113721	19.02	0.0	-89.33	17.17	18.41	1	1	1	1
20230331113722	19.03	0.0	-89.33	17.17	18.39	1	1	1	1
20230331113723	19.05	0.0	-89.32	17.17	18.41	1	1	1	1
20230331113724	19.03	0.0	-89.33	17.17	18.39	1	1	1	1
20230331113725	19.02	0.0	-89.33	17.17	18.39	1	1	1	1
20230331113726	19.02	0.01	-75.47	17.17	18.39	1	1	1	1
20230331113727	19.02	0.0	-89.33	17.17	18.39	1	1	1	1
20230331113728	19.0	0.0	-89.34	17.16	18.39	1	1	1	1
20230331113729	19.02	0.0	-89.33	17.16	18.39	1	1	1	1
20230331113730	19.02	0.05	-64.2	17.16	18.39	1	1	1	1
20230331113731	19.02	0.0	-89.33	17.16	18.38	1	1	1	1
20230331113732	19.0	0.0	-89.34	17.16	18.39	1	1	1	1
20230331113733	18.99	0.0	-89.34	17.17	18.39	1	1	1	1
20230331113734	18.97	0.01	-75.49	17.16	18.39	1	1	1	1
20230331113735	18.99	0.0	-89.34	17.15	18.38	1	1	1	1
20230331113737	18.99	0.0	-89.34	17.15	18.38	1	1	1	1
20230331113738	18.99	0.0	-89.34	17.15	18.38	1	1	1	1
20230331113739	18.95	0.01	-75.5	17.14	18.38	1	1	1	1
20230331113740	18.97	0.0	-89.35	17.16	18.37	1	1	1	1
20230331113741	18.96	0.0	-89.35	17.14	18.37	1	1	1	1
20230331113742	18.96	0.0	-89.35	17.14	18.37	1	1	1	1
20230331113743	18.96	0.0	-89.35	17.15	18.38	1	1	1	1
20230331113744	18.95	0.0	-89.35	17.14	18.37	1	1	1	1
20230331113745	18.96	0.01	-75.49	17.13	18.36	1	1	1	1
20230331113746	18.97	0.0	-89.35	17.13	18.37	1	1	1	1
20230331113747	18.95	0.0	-89.35	17.13	18.36	1	1	1	1
20230331113748	18.97	0.0	-89.35	17.15	18.37	1	1	1	1
20230331113749	18.96	0.0	-89.35	17.13	18.38	1	1	1	1
20230331113750	18.97	0.0	-89.35	17.14	18.36	1	1	1	1
20230331113751	18.95	0.0	-89.35	17.13	18.36	1	1	1	1
20230331113752	18.95	0.0	-89.35	17.13	18.37	1	1	1	1
20230331113753	18.93	0.0	-89.36	17.13	18.36	1	1	1	1
20230331113754	18.93	0.0	-89.36	17.14	18.36	1	1	1	1
20230331113755	18.93	0.0	-89.36	17.14	18.37	1	1	1	1
20230331113756	18.95	0.0	-89.35	17.14	18.36	1	1	1	1
20230331113758	18.92	0.0	-89.36	17.14	18.36	1	1	1	1
20230331113759	18.93	0.0	-89.36	17.13	18.34	1	1	1	1
20230331113800	18.93	0.0	-89.36	17.13	18.33	1	1	1	1
20230331113801	18.92	0.0	-89.36	17.13	18.34	1	1	1	1
20230331113802	18.92	0.0	-89.36	17.13	18.36	1	1	1	1
20230331113803	18.93	0.0	-89.36	17.13	18.34	1	1	1	1
20230331113804	18.92	0.0	-89.36	17.13	18.33	1	1	1	1
20230331113805	18.92	0.0	-89.36	17.1	18.34	1	1	1	1
20230331113806	18.89	0.0	-89.37	17.11	18.36	1	1	1	1
20230331113807	18.92	0.0	-89.36	17.11	18.33	1	1	1	1
20230331113808	18.87	0.0	-89.38	17.11	18.33	1	1	1	1
20230331113809	18.89	0.0	-89.37	17.1	18.33	1	1	1	1
20230331113810	18.9	0.0	-89.37	17.1	18.33	1	1	1	1
20230331113811	18.89	0.0	-89.37	17.1	18.33	1	1	1	1
20230331113812	18.9	0.0	-89.37	17.09	18.33	1	1	1	1
20230331113813	18.89	0.0	-89.37	17.11	18.34	1	1	1	1
20230331113814	18.86	0.0	-89.38	17.1	18.34	1	1	1	1
20230331113815	18.89	0.0	-89.37	17.09	18.33	1	1	1	1
20230331113816	18.86	0.0	-89.38	17.09	18.34	1	1	1	1
20230331113817	18.86	0.0	-89.38	17.08	18.33	1	1	1	1
20230331113819	18.89	0.02	-70.85	17.09	18.33	1	1	1	1
20230331113820	18.87	0.0	-89.38	17.08	18.32	1	1	1	1
20230331113821	18.87	0.0	-89.38	17.08	18.32	1	1	1	1
20230331113822	18.87	0.0	-89.38	17.09	18.32	1	1	1	1
20230331113823	18.86	0.0	-89.38	17.08	18.32	1	1	1	1
20230331113824	18.86	0.02	-70.86	17.08	18.32	1	1	1	1
20230331113825	18.87	0.0	-89.38	17.08	18.32	1	1	1	1
20230331113826	18.86	0.0	-89.38	17.08	18.31	1	1	1	1
20230331113827	18.83	0.0	-89.39	17.08	18.32	1	1	1	1
20230331113828	18.86	0.0	-89.38	17.08	18.31	1	1	1	1
20230331113829	18.85	0.0	-89.39	17.09	18.32	1	1	1	1
20230331113830	18.85	0.0	-89.39	17.08	18.31	1	1	1	1
20230331113831	18.86	0.0	-89.38	17.08	18.31	1	1	1	1
20230331113832	18.83	0.0	-89.39	17.09	18.32	1	1	1	1
20230331113833	18.82	0.0	-89.4	17.07	18.31	1	1	1	1
20230331113834	18.83	0.0	-89.39	17.08	18.32	1	1	1	1
20230331113835	18.83	0.0	-89.39	17.07	18.3	1	1	1	1
20230331113836	18.83	0.0	-89.39	17.08	18.31	1	1	1	1
20230331113837	18.83	0.0	-89.39	17.08	18.32	1	1	1	1
20230331113838	18.82	0.0	-89.4	17.08	18.3	1	1	1	1
20230331113840	18.83	0.0	-89.39	17.07	18.31	1	1	1	1
20230331113841	18.82	0.0	-89.4	17.07	18.3	1	1	1	1
20230331113842	18.83	0.0	-89.39	17.07	18.3	1	1	1	1
20230331113843	18.82	0.0	-89.4	17.07	18.3	1	1	1	1
20230331113844	18.8	0.0	-89.4	17.08	18.31	1	1	1	1
20230331113845	18.82	0.0	-89.4	17.07	18.31	1	1	1	1
20230331113846	18.8	0.0	-89.4	17.07	18.3	1	1	1	1
20230331113847	18.82	0.0	-89.4	17.07	18.31	1	1	1	1
20230331113848	18.83	0.0	-89.39	17.07	18.3	1	1	1	1
20230331113849	18.8	0.0	-89.4	17.06	18.3	1	1	1	1
20230331113850	18.8	0.0	-89.4	17.07	18.29	1	1	1	1
20230331113851	18.79	0.0	-89.41	17.06	18.29	1	1	1	1
20230331113852	18.79	0.0	-89.41	17.07	18.29	1	1	1	1
20230331113853	18.8	0.0	-89.4	17.07	18.3	1	1	1	1
20230331113854	18.79	0.0	-89.41	17.07	18.3	1	1	1	1
20230331113855	18.78	0.0	-89.41	17.07	18.29	1	1	1	1
20230331113856	18.78	0.0	-89.41	17.06	18.29	1	1	1	1
20230331113857	18.8	0.0	-89.4	17.07	18.3	1	1	1	1
20230331113858	18.8	0.0	-89.4	17.07	18.3	1	1	1	1
20230331113900	18.78	0.0	-89.41	17.06	18.3	1	1	1	1
20230331113901	18.79	0.0	-89.41	17.06	18.3	1	1	1	1
20230331113902	18.78	0.0	-89.41	17.06	18.3	1	1	1	1
20230331113903	18.76	0.0	-89.42	17.04	18.29	1	1	1	1
20230331113904	18.78	0.0	-89.41	17.04	18.29	1	1	1	1
20230331113905	18.79	0.0	-89.41	17.04	18.29	1	1	1	1
20230331113906	18.74	0.0	-89.43	17.04	18.29	1	1	1	1
20230331113907	18.76	0.0	-89.42	17.06	18.3	1	1	1	1
20230331113908	18.78	0.0	-89.41	17.03	18.29	1	1	1	1
20230331113909	18.76	0.0	-89.42	17.04	18.3	1	1	1	1
20230331113910	18.74	0.0	-89.43	17.03	18.29	1	1	1	1
20230331113911	18.79	0.0	-89.41	17.04	18.29	1	1	1	1
20230331113912	18.78	0.0	-89.41	17.03	18.29	1	1	1	1
20230331113913	18.76	0.0	-89.42	17.04	18.3	1	1	1	1
20230331113914	18.78	0.0	-89.41	17.02	18.27	1	1	1	1
20230331113915	18.76	0.0	-89.42	17.04	18.29	1	1	1	1
20230331113916	18.75	0.0	-89.42	17.04	18.3	1	1	1	1
20230331113917	18.75	0.0	-89.42	17.02	18.29	1	1	1	1
20230331113918	18.74	0.0	-89.43	17.04	18.29	1	1	1	1
20230331113919	18.72	0.0	-89.43	17.03	18.29	1	1	1	1
20230331113921	18.75	0.0	-89.42	17.03	18.27	1	1	1	1
20230331113922	18.69	0.0	-89.44	17.03	18.27	1	1	1	1
20230331113923	18.74	0.0	-89.43	17.03	18.27	1	1	1	1
20230331113924	18.74	0.0	-89.43	17.02	18.27	1	1	1	1
20230331113925	18.74	0.0	-89.43	17.02	18.26	1	1	1	1
20230331113926	18.72	0.0	-89.43	17.02	18.26	1	1	1	1
20230331113927	18.71	0.0	-89.44	17.02	18.27	1	1	1	1
20230331113928	18.74	0.0	-89.43	17.01	18.26	1	1	1	1
20230331113929	18.71	0.0	-89.44	17.01	18.27	1	1	1	1
20230331113930	18.74	0.02	-70.92	17.03	18.27	1	1	1	1
20230331113931	18.74	0.0	-89.43	17.02	18.26	1	1	1	1
20230331113932	18.69	0.0	-89.44	17.01	18.26	1	1	1	1
20230331113933	18.74	0.0	-89.43	17.01	18.26	1	1	1	1
20230331113934	18.71	0.0	-89.44	17.02	18.27	1	1	1	1
20230331113936	18.69	0.0	-89.44	17.02	18.27	1	1	1	1
20230331113937	18.69	0.0	-89.44	17.01	18.26	1	1	1	1
20230331113938	18.68	0.0	-89.45	17.01	18.26	1	1	1	1
20230331113939	18.69	0.0	-89.44	17.02	18.26	1	1	1	1
20230331113940	18.69	0.0	-89.44	17.01	18.26	1	1	1	1
20230331113941	18.66	0.0	-89.45	17.01	18.26	0	1	1	1
20230331113942	18.69	0.0	-89.44	17.01	18.25	0	1	1	1
20230331113943	18.68	0.0	-89.45	17.01	18.25	0	1	1	1
20230331113944	18.69	0.0	-89.44	17.02	18.27	1	1	1	1
20230331113945	18.69	0.0	-89.44	17.01	18.26	1	1	1	1
20230331113946	18.69	0.0	-89.44	17.02	18.27	1	1	1	1
20230331113947	18.68	0.0	-89.45	17.01	18.25	1	1	1	1
20230331113948	18.71	0.0	-89.44	17.01	18.26	1	1	1	1
20230331113949	18.68	0.0	-89.45	17.0	18.25	1	1	1	1
20230331113950	18.69	0.0	-89.44	17.02	18.26	1	1	1	1
20230331113951	18.68	0.0	-89.45	17.01	18.26	1	1	1	1
20230331113952	18.68	0.0	-89.45	17.0	18.25	1	1	1	1
20230331113953	18.66	0.0	-89.45	17.01	18.26	1	1	1	1
20230331113955	18.66	0.0	-89.45	17.01	18.26	1	1	1	1
20230331113956	18.66	0.0	-89.45	17.0	18.25	1	1	1	1
20230331113957	18.66	0.0	-89.45	17.0	18.26	1	1	1	1
20230331113958	18.68	0.0	-89.45	17.0	18.25	1	1	1	1
20230331113959	18.66	0.0	-89.45	17.0	18.25	1	1	1	1
20230331114000	18.66	0.0	-89.45	17.0	18.25	1	1	1	1
20230331114001	18.66	0.0	-89.45	17.0	18.24	1	1	1	1
20230331114002	18.65	0.0	-89.46	16.99	18.24	1	1	1	1
20230331114003	18.63	0.0	-89.46	17.0	18.25	1	1	1	1
20230331114004	18.66	0.0	-89.45	17.0	18.25	1	1	1	1
20230331114005	18.63	0.0	-89.46	17.0	18.25	1	1	1	1
20230331114006	18.68	0.0	-89.45	16.99	18.24	1	1	1	1
20230331114007	18.63	0.05	-64.38	16.99	18.24	1	1	1	1
20230331114008	18.65	0.0	-89.46	16.99	18.24	1	1	1	1
20230331114009	18.62	0.0	-89.47	16.98	18.25	1	1	1	1
20230331114010	18.63	0.0	-89.46	17.0	18.25	1	1	1	1
20230331114011	18.63	0.0	-89.46	17.0	18.24	1	1	1	1
20230331114012	18.62	0.0	-89.47	17.0	18.25	1	1	1	1
20230331114013	18.61	0.0	-89.47	16.99	18.24	1	1	1	1
20230331114014	18.65	0.0	-89.46	17.0	18.25	1	1	1	1
20230331114016	18.63	0.0	-89.46	17.0	18.25	1	1	1	1
20230331114017	18.61	0.0	-89.47	16.98	18.24	1	1	1	1
20230331114018	18.62	0.0	-89.47	16.98	18.24	1	1	1	1
20230331114019	18.59	0.0	-89.48	16.98	18.24	1	1	1	1
20230331114020	18.61	0.0	-89.47	16.98	18.24	1	1	1	1
20230331114021	18.59	0.0	-89.48	16.98	18.24	1	1	1	1
20230331114022	18.61	0.0	-89.47	17.0	18.24	1	1	1	1
20230331114023	18.58	0.0	-89.48	16.99	18.25	1	1	1	1
20230331114024	18.61	0.0	-89.47	16.98	18.24	1	1	1	1
20230331114025	18.61	0.0	-89.47	17.0	18.24	1	1	1	1
20230331114026	18.61	0.0	-89.47	16.98	18.24	1	1	1	1
20230331114027	18.59	0.0	-89.48	16.98	18.24	1	1	1	1
20230331114028	18.61	0.0	-89.47	16.98	18.23	1	1	1	1
20230331114029	18.62	0.0	-89.47	17.0	18.24	1	1	1	1
20230331114030	18.59	0.0	-89.48	16.99	18.24	1	1	1	1
20230331114031	18.59	0.0	-89.48	16.98	18.23	1	1	1	1
20230331114032	18.61	0.0	-89.47	16.99	18.24	1	1	1	1
20230331114033	18.61	0.0	-89.47	16.98	18.23	1	1	1	1
20230331114034	18.59	0.0	-89.48	16.98	18.23	1	1	1	1
20230331114035	18.59	0.0	-89.48	16.98	18.24	1	1	1	1
20230331114037	18.61	0.0	-89.47	17.0	18.24	1	1	1	1
20230331114038	18.58	0.0	-89.48	16.98	18.23	1	1	1	1
20230331114039	18.58	0.0	-89.48	16.99	18.24	1	1	1	1
20230331114040	18.56	0.0	-89.49	16.98	18.23	1	1	1	1
20230331114041	18.56	0.0	-89.49	17.0	18.24	1	1	1	1
20230331114042	18.61	0.0	-89.47	16.98	18.23	1	1	1	1
20230331114043	18.55	0.0	-89.49	16.98	18.23	1	1	1	1
20230331114044	18.58	0.0	-89.48	16.98	18.23	1	1	1	1
20230331114045	18.59	0.0	-89.48	16.98	18.23	1	1	1	1
20230331114046	18.56	0.0	-89.49	17.0	18.24	1	1	1	1
20230331114047	18.55	0.0	-89.49	16.99	18.24	1	1	1	1
20230331114048	18.56	0.0	-89.49	16.98	18.23	1	1	1	1
20230331114049	18.56	0.0	-89.49	16.99	18.24	1	1	1	1
20230331114050	18.58	0.0	-89.48	16.99	18.24	1	1	1	1
20230331114051	18.56	0.0	-89.49	16.99	18.24	1	1	1	1
20230331114052	18.53	0.0	-89.5	16.99	18.24	0	1	1	1
20230331114053	18.55	0.0	-89.49	16.99	18.24	0	1	1	1
20230331114054	18.56	0.02	-70.99	16.98	18.23	0	1	1	1
20230331114055	18.55	0.0	-89.49	16.99	18.23	0	1	1	1
20230331114057	18.55	0.02	-71.0	16.99	18.24	0	1	1	1
20230331114058	18.55	0.02	-71.0	16.99	18.24	0	1	1	0
20230331114059	18.56	0.0	-89.49	16.98	18.12	0	1	1	0
20230331114100	18.56	0.0	-89.49	17.0	17.89	0	1	1	0
20230331114101	18.53	0.0	-89.5	17.02	17.67	0	1	1	0
20230331114102	18.53	0.0	-89.5	17.06	17.48	0	1	1	0
20230331114103	18.52	0.0	-89.5	17.09	17.37	1	1	1	0
20230331114104	18.51	0.0	-89.5	17.09	17.25	1	1	1	0
20230331114105	18.46	0.0	-89.52	17.11	17.17	1	1	1	0
20230331114106	18.46	0.0	-89.52	17.14	17.13	1	1	1	0
20230331114107	18.46	0.0	-89.52	17.17	17.09	1	1	1	0
20230331114108	18.45	0.0	-89.53	17.18	17.04	1	1	1	0
20230331114109	18.43	0.0	-89.53	17.2	17.03	1	1	1	0
20230331114110	18.43	0.0	-89.53	17.22	17.0	1	1	1	0
20230331114111	18.39	0.0	-89.55	17.23	16.99	1	1	1	0
20230331114113	18.36	0.0	-89.56	17.24	17.0	1	1	1	0
20230331114114	18.35	0.0	-89.56	17.29	17.0	1	1	1	0
20230331114115	18.35	0.0	-89.56	17.29	17.0	1	1	1	0
20230331114116	18.32	0.0	-89.57	17.3	16.99	1	1	1	0
20230331114117	18.32	0.0	-89.57	17.32	16.99	1	1	1	0
20230331114118	18.31	0.0	-89.57	17.33	16.99	1	1	1	0
20230331114119	18.31	0.0	-89.57	17.37	17.0	1	1	1	0
20230331114120	18.25	0.0	-89.59	17.37	17.01	1	1	1	0
20230331114121	18.25	0.0	-89.59	17.38	17.02	1	1	1	0
20230331114122	18.27	0.0	-89.59	17.4	17.02	1	1	1	0
20230331114123	18.24	0.0	-89.6	17.41	17.03	1	1	1	0
20230331114124	18.21	0.0	-89.61	17.44	17.06	1	1	1	0
20230331114125	18.2	0.0	-89.61	17.46	17.06	1	1	1	0
20230331114126	18.21	0.0	-89.61	17.46	17.06	1	1	1	0
20230331114127	18.2	0.0	-89.61	17.5	17.06	1	1	1	0
20230331114128	18.17	0.0	-89.62	17.51	17.08	1	1	1	0
20230331114130	18.15	0.02	-71.17	17.53	17.09	1	1	1	0
20230331114131	18.14	0.0	-89.63	17.53	17.09	1	1	1	0
20230331114132	18.12	0.0	-89.64	17.55	17.11	1	1	1	0
20230331114133	18.11	0.0	-89.64	17.55	17.13	1	1	1	0
20230331114134	18.11	0.0	-89.64	17.58	17.14	1	1	1	0
20230331114135	18.09	0.0	-89.65	17.6	17.14	1	1	1	0
20230331114136	18.09	0.0	-89.65	17.61	17.15	1	1	1	0
20230331114137	18.08	0.0	-89.65	17.61	17.14	1	1	1	0
20230331114138	18.08	0.0	-89.65	17.65	17.16	1	1	1	0
20230331114139	18.05	0.0	-89.66	17.66	17.16	1	1	1	0
20230331114140	18.04	0.0	-89.67	17.67	17.2	1	1	1	0
20230331114141	18.05	0.0	-89.66	17.68	17.18	1	1	1	0
20230331114142	18.04	0.0	-89.67	17.68	17.18	1	1	1	0
20230331114143	18.03	0.0	-89.67	17.69	17.2	1	1	1	0
20230331114144	18.0	0.0	-89.68	17.7	17.21	1	1	1	0
20230331114145	18.01	0.0	-89.68	17.72	17.22	1	1	1	0
20230331114147	18.0	0.0	-89.68	17.75	17.23	1	1	1	0
20230331114148	18.0	0.0	-89.68	17.76	17.23	1	1	1	0
20230331114149	17.97	0.0	-89.69	17.75	17.22	1	1	1	0
20230331114150	17.94	0.0	-89.7	17.76	17.23	1	1	1	0
20230331114151	17.97	0.0	-89.69	17.79	17.25	1	1	1	0
20230331114152	17.96	0.0	-89.69	17.81	17.26	1	1	1	0
20230331114153	17.94	0.0	-89.7	17.8	17.26	1	1	1	0
20230331114154	17.96	0.0	-89.69	17.82	17.29	1	1	1	0
20230331114155	17.96	0.0	-89.69	17.84	17.26	1	1	1	0
20230331114156	17.91	0.0	-89.71	17.84	17.28	1	1	1	0
20230331114157	17.91	0.0	-89.71	17.86	17.29	1	1	1	0
20230331114158	17.89	0.0	-89.72	17.87	17.3	1	1	1	0
20230331114159	17.91	0.0	-89.71	17.88	17.31	1	1	1	0
20230331114200	17.87	0.0	-89.73	17.88	17.31	1	1	1	0
20230331114201	17.89	0.0	-89.72	17.9	17.33	1	1	1	0
20230331114203	17.85	0.0	-89.73	17.9	17.32	1	1	1	0
20230331114204	17.88	0.0	-89.72	17.91	17.33	1	1	1	0
20230331114205	17.87	0.0	-89.73	17.91	17.33	1	1	1	0
20230331114206	17.85	0.0	-89.73	17.94	17.33	1	1	1	0
20230331114207	17.84	0.0	-89.74	17.95	17.35	1	1	1	0
20230331114208	17.84	0.0	-89.74	17.96	17.36	1	1	1	0
20230331114209	17.84	0.0	-89.74	17.97	17.37	1	1	1	0
20230331114210	17.82	0.0	-89.74	17.96	17.37	1	1	1	0
20230331114211	17.82	0.0	-89.74	17.98	17.37	1	1	1	0
20230331114212	17.82	0.0	-89.74	18.0	17.38	1	1	1	0
20230331114213	17.82	0.0	-89.74	18.0	17.38	1	1	1	0
20230331114214	17.81	0.0	-89.75	18.0	17.4	1	1	1	0
20230331114215	17.81	0.0	-89.75	18.01	17.4	1	1	1	0
20230331114216	17.81	0.0	-89.75	18.03	17.4	1	1	1	0
20230331114217	17.8	0.0	-89.75	18.03	17.4	1	1	1	0
20230331114219	17.77	0.0	-89.76	18.05	17.43	1	1	1	0
20230331114220	17.78	0.0	-89.76	18.06	17.43	1	1	1	0
20230331114221	17.8	0.0	-89.75	18.06	17.41	1	1	1	0
20230331114222	17.78	0.0	-89.76	18.05	17.41	1	1	1	0
20230331114223	17.76	0.0	-89.76	18.08	17.43	1	1	1	0
20230331114224	17.77	0.0	-89.76	18.09	17.44	1	1	1	0
20230331114225	17.76	0.0	-89.76	18.09	17.45	1	1	1	0
20230331114226	17.73	0.0	-89.77	18.1	17.45	1	1	1	0
20230331114227	17.74	0.0	-89.77	18.1	17.45	1	1	1	0
20230331114228	17.76	0.0	-89.76	18.11	17.46	1	1	1	0
20230331114229	17.76	0.0	-89.76	18.12	17.46	1	1	1	0
20230331114230	17.71	0.0	-89.78	18.13	17.46	1	1	1	0
20230331114231	17.73	0.0	-89.77	18.16	17.48	1	1	1	0
20230331114232	17.71	0.0	-89.78	18.16	17.48	1	1	1	0
20230331114233	17.73	0.0	-89.77	18.16	17.48	1	1	1	0
20230331114234	17.7	0.0	-89.78	18.18	17.51	1	1	1	0
20230331114236	17.71	0.0	-89.78	18.17	17.5	1	1	1	0
20230331114237	17.68	0.0	-89.79	18.18	17.52	1	1	1	0
20230331114238	17.73	0.0	-89.77	18.19	17.51	1	1	1	0
20230331114239	17.71	0.0	-89.78	18.2	17.53	1	1	1	0
20230331114240	17.71	0.0	-89.78	18.19	17.51	1	1	1	0
20230331114241	17.68	0.0	-89.79	18.2	17.52	1	1	1	0
20230331114242	17.7	0.0	-89.78	18.22	17.53	1	1	1	0
20230331114243	17.7	0.0	-89.78	18.23	17.53	1	1	1	0
20230331114244	17.71	0.0	-89.78	18.23	17.53	1	1	1	0
20230331114245	17.68	0.0	-89.79	18.25	17.54	1	1	1	0
20230331114246	17.68	0.0	-89.79	18.25	17.55	1	1	1	0
20230331114247	17.68	0.0	-89.79	18.24	17.54	1	1	1	0
20230331114248	17.67	0.0	-89.79	18.26	17.54	1	1	1	0
20230331114249	17.67	0.0	-89.79	18.25	17.57	1	1	1	0
20230331114251	17.65	0.0	-89.8	18.27	17.55	1	1	1	0
20230331114252	17.67	0.0	-89.79	18.29	17.58	1	1	1	0
20230331114253	17.64	0.0	-89.8	18.29	17.58	1	1	1	0
20230331114254	17.67	0.0	-89.79	18.3	17.58	1	1	1	0
20230331114255	17.65	0.0	-89.8	18.29	17.57	1	1	1	0
20230331114256	17.64	0.0	-89.8	18.3	17.58	1	1	1	0
20230331114257	17.65	0.0	-89.8	18.3	17.58	1	1	1	0
20230331114258	17.65	0.0	-89.8	18.31	17.58	1	1	1	0
20230331114259	17.64	0.0	-89.8	18.32	17.6	1	1	1	0
20230331114300	17.63	0.0	-89.81	18.33	17.6	1	1	1	0
20230331114301	17.65	0.0	-89.8	18.32	17.6	1	1	1	0
20230331114302	17.64	0.0	-89.8	18.33	17.61	1	1	1	0
20230331114303	17.64	0.0	-89.8	18.36	17.62	1	1	1	0
20230331114304	17.63	0.0	-89.81	18.33	17.61	1	1	1	0
20230331114305	17.63	0.0	-89.81	18.36	17.62	1	1	1	0
20230331114306	17.63	0.0	-89.81	18.36	17.62	1	1	1	0
20230331114308	17.61	0.0	-89.82	18.36	17.61	1	1	1	0
20230331114309	17.63	0.0	-89.81	18.38	17.64	1	1	1	0
20230331114310	17.63	0.0	-89.81	18.38	17.64	1	1	1	0
20230331114311	17.61	0.0	-89.82	18.39	17.64	1	1	1	0
20230331114312	17.61	0.0	-89.82	18.38	17.64	1	1	1	0
20230331114313	17.61	0.0	-89.82	18.4	17.65	1	1	1	0
20230331114314	17.61	0.0	-89.82	18.4	17.66	1	1	1	0
20230331114315	17.61	0.0	-89.82	18.39	17.65	1	1	1	0
20230331114316	17.63	0.0	-89.81	18.4	17.66	1	1	1	0
20230331114317	17.6	0.0	-89.82	18.4	17.66	1	1	1	0
20230331114318	17.6	0.0	-89.82	18.41	17.66	1	1	1	0
20230331114319	17.61	0.0	-89.82	18.41	17.66	1	1	1	0
20230331114320	17.6	0.0	-89.82	18.43	17.66	1	1	1	0
20230331114321	17.6	0.0	-89.82	18.43	17.66	1	1	1	0
20230331114322	17.6	0.0	-89.82	18.44	17.68	1	1	1	0
20230331114324	17.61	0.0	-89.82	18.44	17.67	1	1	1	0
20230331114325	17.6	0.0	-89.82	18.45	17.68	1	1	1	0
20230331114326	17.6	0.0	-89.82	18.45	17.69	1	1	1	0
20230331114327	17.6	0.0	-89.82	18.45	17.69	1	1	1	0
20230331114328	17.6	0.0	-89.82	18.46	17.7	1	1	1	0
20230331114329	17.6	0.0	-89.82	18.46	17.7	1	1	1	0
20230331114330	17.6	0.0	-89.82	18.47	17.7	1	1	1	0
20230331114331	17.58	0.0	-89.83	18.47	17.7	1	1	1	0
20230331114332	17.58	0.0	-89.83	18.47	17.7	1	1	1	0
20230331114333	17.58	0.0	-89.83	18.48	17.7	1	1	1	0
20230331114334	17.58	0.0	-89.83	18.48	17.7	1	1	1	0
20230331114335	17.6	0.0	-89.82	18.5	17.72	1	1	1	0
20230331114336	17.61	0.0	-89.82	18.48	17.7	1	1	1	0
20230331114337	17.6	0.0	-89.82	18.51	17.73	1	1	1	0
20230331114338	17.57	0.0	-89.83	18.51	17.73	1	1	1	0
20230331114339	17.6	0.0	-89.82	18.51	17.74	1	1	1	0
20230331114341	17.57	0.0	-89.83	18.52	17.74	1	1	1	0
20230331114342	17.58	0.0	-89.83	18.51	17.73	1	1	1	0
20230331114343	17.57	0.0	-89.83	18.53	17.74	1	1	1	0
20230331114344	17.58	0.0	-89.83	18.53	17.74	1	1	1	0
20230331114345	17.6	0.0	-89.82	18.54	17.75	1	1	1	0
20230331114346	17.57	0.0	-89.83	18.53	17.74	1	1	1	0
20230331114347	17.58	0.0	-89.83	18.54	17.74	1	1	1	0
20230331114348	17.58	0.0	-89.83	18.54	17.74	1	1	1	0
20230331114349	17.56	0.0	-89.83	18.55	17.75	1	1	1	0
20230331114350	17.6	0.0	-89.82	18.55	17.77	1	1	1	0
20230331114351	17.57	0.0	-89.83	18.55	17.77	1	1	1	0
20230331114352	17.6	0.0	-89.82	18.55	17.75	1	1	1	0
20230331114353	17.58	0.0	-89.83	18.57	17.75	1	1	1	0
20230331114354	17.6	0.0	-89.82	18.58	17.77	1	1	1	0
20230331114355	17.6	0.0	-89.82	18.58	17.77	1	1	1	0
20230331114357	17.56	0.0	-89.83	18.59	17.77	1	1	1	0
20230331114358	17.58	0.0	-89.83	18.59	17.77	1	1	1	0
20230331114359	17.58	0.0	-89.83	18.59	17.79	1	1	1	0
20230331114400	17.57	0.0	-89.83	18.6	17.8	1	1	1	0
20230331114401	17.58	0.0	-89.83	18.6	17.79	1	1	1	0
20230331114402	17.58	0.0	-89.83	18.6	17.8	1	1	1	0
20230331114403	17.58	0.0	-89.83	18.59	17.8	1	1	1	0
20230331114404	17.57	0.0	-89.83	18.6	17.81	1	1	1	0
20230331114405	17.57	0.0	-89.83	18.6	17.81	1	1	1	0
20230331114406	17.57	0.0	-89.83	18.6	17.8	1	1	1	0
20230331114407	17.6	0.0	-89.82	18.61	17.8	1	1	1	0
20230331114408	17.6	0.0	-89.82	18.61	17.8	1	1	1	0
20230331114409	17.57	0.0	-89.83	18.61	17.8	1	1	1	0
20230331114410	17.58	0.0	-89.83	18.64	17.82	1	1	1	0
20230331114411	17.58	0.0	-89.83	18.64	17.82	1	1	1	0
20230331114412	17.58	0.0	-89.83	18.64	17.81	1	1	1	0
20230331114414	17.58	0.0	-89.83	18.64	17.81	1	1	1	0
20230331114415	17.57	0.0	-89.83	18.64	17.82	1	1	1	0
20230331114416	17.6	0.0	-89.82	18.65	17.83	1	1	1	0
20230331114417	17.58	0.0	-89.83	18.64	17.81	1	1	1	0
20230331114418	17.6	0.0	-89.82	18.64	17.82	1	1	1	0
20230331114419	17.6	0.0	-89.82	18.64	17.82	1	1	1	0
20230331114420	17.57	0.0	-89.83	18.66	17.83	1	1	1	0
20230331114421	17.58	0.0	-89.83	18.66	17.83	1	1	1	0
20230331114422	17.61	0.0	-89.82	18.66	17.83	1	1	1	0
20230331114423	17.6	0.0	-89.82	18.66	17.84	1	1	1	0
20230331114424	17.58	0.0	-89.83	18.68	17.86	1	1	1	0
20230331114425	17.61	0.0	-89.82	18.67	17.84	1	1	1	0
20230331114426	17.58	0.0	-89.83	18.68	17.87	1	1	1	0
20230331114427	17.61	0.0	-89.82	18.68	17.84	1	1	1	0
20230331114428	17.6	0.0	-89.82	18.7	17.86	1	1	1	0
20230331114430	17.6	0.0	-89.82	18.68	17.87	1	1	1	0
20230331114431	17.6	0.0	-89.82	18.7	17.87	1	1	1	0
20230331114432	17.6	0.0	-89.82	18.7	17.87	1	1	1	0
20230331114433	17.6	0.0	-89.82	18.71	17.87	1	1	1	0
20230331114434	17.6	0.0	-89.82	18.71	17.87	1	1	1	0
20230331114435	17.58	0.0	-89.83	18.7	17.88	1	1	1	0
20230331114436	17.6	0.0	-89.82	18.71	17.87	1	1	1	0
20230331114437	17.6	0.0	-89.82	18.72	17.87	1	1	1	0
20230331114438	17.6	0.0	-89.82	18.71	17.87	1	1	1	0
20230331114439	17.63	0.0	-89.81	18.72	17.87	1	1	1	0
20230331114440	17.63	0.0	-89.81	18.73	17.89	1	1	1	0
20230331114441	17.61	0.0	-89.82	18.72	17.88	1	1	1	0
20230331114442	17.63	0.0	-89.81	18.73	17.89	1	1	1	0
20230331114443	17.63	0.0	-89.81	18.74	17.89	1	1	1	0
20230331114444	17.61	0.0	-89.82	18.73	17.89	1	1	1	0
20230331114445	17.64	0.0	-89.8	18.74	17.9	1	1	1	0
20230331114447	17.64	0.0	-89.8	18.73	17.89	1	1	1	0
20230331114448	17.63	0.0	-89.81	18.73	17.89	1	1	1	0
20230331114449	17.63	0.0	-89.81	18.75	17.91	1	1	1	0
20230331114450	17.61	0.0	-89.82	18.75	17.91	1	1	1	0
20230331114451	17.61	0.0	-89.82	18.75	17.91	1	1	1	0
20230331114452	17.63	0.0	-89.81	18.75	17.91	1	1	1	0
20230331114453	17.61	0.0	-89.82	18.75	17.9	1	1	1	0
20230331114454	17.63	0.0	-89.81	18.77	17.91	1	1	1	0
20230331114455	17.63	0.0	-89.81	18.75	17.9	1	1	1	0
20230331114456	17.64	0.0	-89.8	18.77	17.9	1	1	1	0
20230331114457	17.63	0.0	-89.81	18.77	17.91	1	1	1	0
20230331114458	17.64	0.0	-89.8	18.79	17.93	1	1	1	0
20230331114459	17.65	0.0	-89.8	18.78	17.91	1	1	1	0
20230331114500	17.63	0.0	-89.81	18.79	17.94	1	1	1	0
20230331114501	17.63	0.0	-89.81	18.78	17.91	1	1	1	0
20230331114503	17.64	0.0	-89.8	18.78	17.94	1	1	1	0
20230331114504	17.63	0.0	-89.81	18.79	17.93	1	1	1	0
20230331114505	17.64	0.0	-89.8	18.78	17.94	1	1	1	0
20230331114506	17.63	0.0	-89.81	18.79	17.94	1	1	1	0
20230331114507	17.65	0.0	-89.8	18.79	17.95	1	1	1	0
20230331114508	17.63	0.0	-89.81	18.79	17.94	1	1	1	0
20230331114509	17.64	0.0	-89.8	18.8	17.95	1	1	1	0
20230331114510	17.65	0.0	-89.8	18.8	17.95	1	1	1	0
20230331114511	17.65	0.0	-89.8	18.8	17.95	1	1	1	0
20230331114512	17.65	0.0	-89.8	18.81	17.95	1	1	1	0
20230331114513	17.65	0.0	-89.8	18.82	17.96	1	1	1	0
20230331114514	17.67	0.0	-89.79	18.81	17.96	1	1	1	0
20230331114515	17.65	0.0	-89.8	18.81	17.95	1	1	1	0
20230331114516	17.67	0.0	-89.79	18.82	17.96	1	1	1	0
20230331114517	17.65	0.0	-89.8	18.84	17.96	1	1	1	0
20230331114518	17.67	0.0	-89.79	18.82	17.96	1	1	1	0
20230331114520	17.63	0.0	-89.81	18.84	17.97	1	1	1	0
20230331114521	17.64	0.0	-89.8	18.82	17.96	1	1	1	0
