EventTime	aTemp	RH	DP	cTemp	mTemp	sLid	sVacuu	sPressure	IsOkay
20230404103538	-6.26	6.27	-34.9	-12.4	1000.0	1	1	1	1
20230404103539	-6.29	6.31	-34.86	-12.43	1000.0	1	1	1	1
20230404103541	-6.26	6.32	-34.83	-12.37	1000.0	1	1	1	1
20230404103542	-6.24	6.36	-34.75	-12.4	1000.0	1	1	1	1
20230404103543	-6.27	6.29	-34.88	-12.37	1000.0	1	1	1	1
20230404103544	-6.26	6.34	-34.8	-12.34	1000.0	1	1	1	1
20230404103545	-6.23	6.27	-34.87	-12.34	1000.0	1	1	1	1
20230404103546	-6.26	6.27	-34.9	-12.3	1000.0	1	1	1	1
20230404103547	-6.21	6.23	-34.92	-12.3	1000.0	1	1	1	1
20230404103548	-6.2	6.25	-34.88	-12.27	1000.0	1	1	1	1
20230404103549	-6.17	6.25	-34.86	-12.27	1000.0	1	1	1	1
20230404103550	-6.17	6.33	-34.74	-12.24	1000.0	1	1	1	1
20230404103551	-6.16	6.25	-34.85	-12.24	1000.0	1	1	1	1
20230404103553	-6.13	6.21	-34.88	-12.24	1000.0	1	1	1	1
20230404103554	-6.13	6.25	-34.82	-12.27	1000.0	1	1	1	1
20230404103555	-6.11	6.19	-34.9	-12.21	1000.0	1	1	1	1
20230404103556	-6.09	6.23	-34.82	-12.21	1000.0	1	1	1	1
20230404103557	-6.1	6.21	-34.86	-12.21	1000.0	1	1	1	1
20230404103558	-6.09	6.2	-34.87	-12.15	1000.0	1	1	1	1
20230404103559	-6.09	6.21	-34.85	-12.12	1000.0	1	1	1	1
20230404103600	-6.05	6.2	-34.84	-12.12	1000.0	1	1	1	1
20230404103601	-6.02	6.2	-34.81	-12.09	1000.0	1	1	1	1
20230404103602	-6.03	6.18	-34.85	-12.05	1000.0	1	1	1	1
20230404103603	-6.0	6.18	-34.83	-12.02	1000.0	1	1	1	1
20230404103605	-5.99	6.14	-34.88	-11.99	1000.0	1	1	1	1
20230404103606	-5.96	6.14	-34.85	-11.99	1000.0	1	1	1	1
20230404103607	-5.96	6.14	-34.85	-11.99	1000.0	1	1	1	1
20230404103608	-5.97	6.14	-34.86	-12.02	1000.0	1	1	1	1
20230404103609	-5.96	6.14	-34.85	-11.96	1000.0	1	1	1	1
20230404103610	-5.95	6.1	-34.91	-11.93	1000.0	1	1	1	1
20230404103611	-5.95	6.12	-34.88	-11.93	1000.0	1	1	1	1
20230404103612	-5.92	6.1	-34.88	-11.93	1000.0	1	1	1	1
20230404103613	-5.89	6.07	-34.9	-11.96	1000.0	1	1	1	1
20230404103614	-5.87	6.14	-34.78	-11.9	1000.0	1	1	1	1
20230404103616	-5.86	6.08	-34.86	-11.93	1000.0	1	1	1	1
20230404103617	-5.86	6.08	-34.86	-11.96	1000.0	1	1	1	1
20230404103618	-5.85	5.99	-34.99	-11.9	1000.0	1	1	1	1
20230404103619	-5.85	6.07	-34.87	-11.9	1000.0	1	1	1	1
20230404103620	-5.83	6.05	-34.89	-11.93	1000.0	1	1	1	1
20230404103621	-5.83	6.07	-34.86	-11.9	1000.0	1	1	1	1
20230404103622	-5.8	6.05	-34.86	-11.93	1000.0	1	1	1	1
20230404103623	-5.79	5.99	-34.95	-11.9	1000.0	1	1	1	1
20230404103624	-5.79	6.01	-34.92	-11.93	1000.0	1	1	1	1
20230404103625	-5.8	6.01	-34.92	-11.93	1000.0	1	1	1	1
20230404103626	-5.79	6.01	-34.92	-11.93	1000.0	1	1	1	1
20230404103628	-5.78	6.01	-34.91	-11.99	1000.0	1	1	1	1
20230404103629	-5.78	6.01	-34.91	-11.96	1000.0	1	1	1	1
20230404103630	-5.75	5.99	-34.91	-11.96	1000.0	1	1	1	1
20230404103631	-5.76	6.01	-34.89	-11.96	1000.0	1	1	1	1
20230404103632	-5.75	5.91	-35.04	-11.99	1000.0	1	1	1	1
20230404103633	-5.73	5.95	-34.96	-11.99	1000.0	1	1	1	1
20230404103634	-5.75	5.91	-35.04	-11.99	1000.0	1	1	1	1
20230404103635	-5.75	5.91	-35.04	-11.99	1000.0	1	1	1	1
20230404103636	-5.73	5.9	-35.04	-11.99	1000.0	1	1	1	1
20230404103638	-5.76	5.87	-35.11	-12.05	1000.0	1	1	1	1
20230404103639	-5.75	5.91	-35.04	-11.99	1000.0	1	1	1	1
20230404103640	-5.72	5.93	-34.98	-11.99	1000.0	1	1	1	1
20230404103641	-5.76	5.9	-35.06	-11.99	1000.0	1	1	1	1
20230404103642	-5.73	5.9	-35.04	-12.05	1000.0	1	1	1	1
20230404103643	-5.73	5.87	-35.09	-11.99	1000.0	1	1	1	1
20230404103644	-5.73	5.91	-35.02	-12.02	1000.0	1	1	1	1
20230404103645	-5.76	5.83	-35.17	-12.09	1000.0	1	1	1	1
20230404103646	-5.73	5.84	-35.13	-12.12	1000.0	1	1	1	1
20230404103647	-5.75	5.82	-35.18	-12.09	1000.0	1	1	1	1
20230404103648	-5.75	5.82	-35.18	-12.12	1000.0	1	1	1	1
20230404103650	-5.73	5.87	-35.09	-12.05	1000.0	1	1	1	1
20230404103651	-5.76	5.82	-35.19	-12.12	1000.0	1	1	1	1
20230404103652	-5.75	5.82	-35.18	-12.05	1000.0	1	1	1	1
20230404103653	-5.75	5.82	-35.18	-12.05	1000.0	1	1	1	1
20230404103654	-5.79	5.72	-35.37	-12.12	1000.0	1	1	1	1
20230404103655	-5.76	5.76	-35.28	-12.09	1000.0	1	1	1	1
20230404103656	-5.76	5.78	-35.25	-12.09	1000.0	1	1	1	1
20230404103657	-5.76	5.8	-35.22	-12.09	1000.0	1	1	1	1
20230404103658	-5.79	5.78	-35.28	-12.12	1000.0	1	1	1	1
20230404103659	-5.78	5.8	-35.24	-12.15	1000.0	1	1	1	1
20230404103701	-5.78	5.7	-35.4	-12.12	1000.0	1	1	1	1
20230404103702	-5.82	5.76	-35.33	-12.15	1000.0	1	1	1	1
20230404103703	-5.8	5.72	-35.38	-12.12	1000.0	1	1	1	1
20230404103704	-5.79	5.74	-35.34	-12.15	1000.0	1	1	1	1
20230404103705	-5.82	5.72	-35.4	-12.12	1000.0	1	1	1	1
20230404103706	-5.82	5.68	-35.46	-12.12	1000.0	1	1	1	1
20230404103707	-5.82	5.7	-35.43	-12.15	1000.0	1	1	1	1
20230404103708	-5.83	5.68	-35.47	-12.15	1000.0	1	1	1	1
20230404103709	-5.82	5.68	-35.46	-12.12	1000.0	1	1	1	1
20230404103710	-5.85	5.68	-35.48	-12.15	1000.0	1	1	1	1
20230404103712	-5.86	5.68	-35.49	-12.21	1000.0	1	1	1	1
20230404103713	-5.85	5.66	-35.52	-12.12	1000.0	1	1	1	1
20230404103714	-5.83	5.72	-35.4	-12.21	1000.0	1	1	1	1
20230404103715	-5.86	5.66	-35.52	-12.21	1000.0	1	1	1	1
20230404103716	-5.86	5.64	-35.56	-12.15	1000.0	1	1	1	1
20230404103717	-5.89	5.6	-35.65	-12.15	1000.0	1	1	1	1
20230404103718	-5.89	5.68	-35.51	-12.15	1000.0	1	1	1	1
20230404103719	-5.9	5.6	-35.65	-12.24	1000.0	1	1	1	1
20230404103720	-5.9	5.66	-35.56	-12.15	1000.0	1	1	1	1
20230404103721	-5.92	5.62	-35.64	-12.18	1000.0	1	1	1	1
20230404103722	-5.9	5.56	-35.72	-12.18	1000.0	1	1	1	1
20230404103724	-5.92	5.62	-35.64	-12.18	1000.0	1	1	1	1
20230404103725	-5.93	5.64	-35.61	-12.18	1000.0	1	1	1	1
20230404103726	-5.95	5.5	-35.86	-12.21	1000.0	1	1	1	1
20230404103727	-5.96	5.56	-35.77	-12.27	1000.0	1	1	1	1
20230404103728	-5.96	5.62	-35.67	-12.24	1000.0	1	1	1	1
20230404103729	-5.95	5.58	-35.73	-12.24	1000.0	1	1	1	1
20230404103730	-5.93	5.52	-35.81	-12.27	1000.0	1	1	1	1
20230404103731	-5.99	5.52	-35.86	-12.24	1000.0	1	1	1	1
20230404103732	-5.97	5.48	-35.91	-12.24	1000.0	1	1	1	1
20230404103733	-5.99	5.5	-35.89	-12.27	1000.0	1	1	1	1
20230404103734	-6.0	5.56	-35.8	-12.24	1000.0	1	1	1	1
20230404103736	-6.02	5.52	-35.88	-12.3	1000.0	1	1	1	1
20230404103737	-6.0	5.48	-35.93	-12.24	1000.0	1	1	1	1
20230404103738	-6.02	5.5	-35.91	-12.24	1000.0	1	1	1	1
20230404103739	-6.03	5.46	-35.99	-12.24	1000.0	1	1	1	1
20230404103740	-6.03	5.48	-35.95	-12.34	1000.0	1	1	1	1
20230404103741	-6.03	5.52	-35.89	-12.34	1000.0	1	1	1	1
20230404103742	-6.05	5.4	-36.1	-12.34	1000.0	1	1	1	1
20230404103743	-6.05	5.44	-36.04	-12.34	1000.0	1	1	1	1
20230404103744	-6.07	5.44	-36.05	-12.37	1000.0	1	1	1	1
20230404103745	-6.09	5.44	-36.07	-12.3	1000.0	1	1	1	1
20230404103747	-6.09	5.44	-36.07	-12.34	1000.0	1	1	1	1
20230404103748	-6.13	5.46	-36.07	-12.37	1000.0	1	1	1	1
20230404103749	-6.09	5.42	-36.1	-12.3	1000.0	1	1	1	1
20230404103750	-6.1	5.42	-36.11	-12.34	1000.0	1	1	1	1
20230404103751	-6.1	5.4	-36.14	-12.34	1000.0	1	1	1	1
20230404103752	-6.11	5.38	-36.19	-12.37	1000.0	1	1	1	1
20230404103753	-6.11	5.44	-36.08	-12.34	1000.0	1	1	1	1
20230404103754	-6.11	5.4	-36.15	-12.4	1000.0	1	1	1	1
20230404103755	-6.13	5.44	-36.1	-12.37	1000.0	1	1	1	1
20230404103756	-6.17	5.42	-36.16	-12.43	1000.0	1	1	1	1
20230404103757	-6.17	5.38	-36.23	-12.37	1000.0	1	1	1	1
20230404103759	-6.17	5.34	-36.3	-12.43	1000.0	1	1	1	1
20230404103800	-6.16	5.32	-36.33	-12.43	1000.0	1	1	1	1
20230404103801	-6.17	5.36	-36.27	-12.46	1000.0	1	1	1	1
20230404103802	-6.19	5.34	-36.32	-12.4	1000.0	1	1	1	1
20230404103803	-6.21	5.36	-36.3	-12.4	1000.0	1	1	1	1
20230404103804	-6.2	5.36	-36.29	-12.4	1000.0	1	1	1	1
20230404103805	-6.19	5.26	-36.45	-12.43	1000.0	1	1	1	1
20230404103806	-6.21	5.36	-36.3	-12.43	1000.0	1	1	1	1
20230404103807	-6.21	5.36	-36.3	-12.43	1000.0	1	1	1	1
20230404103808	-6.23	5.3	-36.42	-12.53	1000.0	1	1	1	1
20230404103809	-6.24	5.34	-36.36	-12.53	1000.0	1	1	1	1
20230404103810	-6.27	5.3	-36.45	-12.53	1000.0	1	1	1	1
20230404103811	-6.27	5.26	-36.52	-12.53	1000.0	1	1	1	1
20230404103813	-6.29	5.24	-36.57	-12.49	1000.0	1	1	1	1
20230404103814	-6.26	5.26	-36.51	-12.49	1000.0	1	1	1	1
20230404103815	-6.3	5.24	-36.57	-12.49	1000.0	1	1	1	1
20230404103816	-6.29	5.26	-36.53	-12.49	1000.0	1	1	1	1
20230404103817	-6.29	5.26	-36.53	-12.56	1000.0	1	1	1	1
20230404103818	-6.31	5.3	-36.48	-12.53	1000.0	1	1	1	1
20230404103819	-6.33	5.3	-36.49	-12.49	1000.0	1	1	1	1
20230404103820	-6.31	5.22	-36.62	-12.53	1000.0	1	1	1	1
20230404103821	-6.36	5.26	-36.59	-12.53	1000.0	1	1	1	1
20230404103822	-6.34	5.22	-36.64	-12.62	1000.0	1	1	1	1
20230404103823	-6.4	5.2	-36.72	-12.62	1000.0	1	1	1	1
20230404103824	-6.37	5.22	-36.66	-12.56	1000.0	1	1	1	1
20230404103826	-6.38	5.22	-36.67	-12.62	1000.0	1	1	1	1
20230404103827	-6.4	5.16	-36.79	-12.59	1000.0	1	1	1	1
20230404103828	-6.38	5.18	-36.74	-12.65	1000.0	1	1	1	1
20230404103829	-6.41	5.18	-36.77	-12.62	1000.0	1	1	1	1
20230404103830	-6.41	5.16	-36.8	-12.65	1000.0	1	1	1	1
20230404103831	-6.41	5.14	-36.84	-12.62	1000.0	1	1	1	1
20230404103832	-6.43	5.16	-36.82	-12.62	1000.0	1	1	1	1
20230404103833	-6.44	5.22	-36.72	-12.65	1000.0	1	1	1	1
20230404103834	-6.43	5.16	-36.82	-12.65	1000.0	1	1	1	1
20230404103835	-6.44	5.16	-36.82	-12.72	1000.0	1	1	1	1
20230404103836	-6.47	5.14	-36.88	-12.68	1000.0	1	1	1	1
20230404103837	-6.47	5.1	-36.95	-12.72	1000.0	1	1	1	1
20230404103839	-6.47	5.1	-36.95	-12.72	1000.0	1	1	1	1
20230404103840	-6.5	5.14	-36.91	-12.68	1000.0	1	1	1	1
20230404103841	-6.5	5.1	-36.98	-12.75	1000.0	1	1	1	1
20230404103842	-6.51	5.08	-37.02	-12.75	1000.0	1	1	1	1
20230404103843	-6.51	5.16	-36.88	-12.72	1000.0	1	1	1	1
20230404103844	-6.53	5.18	-36.86	-12.78	1000.0	1	1	1	1
20230404103845	-6.53	5.14	-36.93	-12.72	1000.0	1	1	1	1
20230404103846	-6.53	5.12	-36.97	-12.78	1000.0	1	1	1	1
20230404103847	-6.55	5.06	-37.09	-12.75	1000.0	1	1	1	1
20230404103848	-6.57	5.06	-37.1	-12.78	1000.0	1	1	1	1
20230404103850	-6.57	5.1	-37.03	-12.78	1000.0	1	1	1	1
20230404103851	-6.58	5.06	-37.11	-12.78	1000.0	1	1	1	1
20230404103852	-6.57	5.06	-37.1	-12.78	1000.0	1	1	1	1
20230404103853	-6.58	5.02	-37.18	-12.84	1000.0	1	1	1	1
20230404103854	-6.58	5.08	-37.08	-12.78	1000.0	1	1	1	1
20230404103855	-6.58	5.06	-37.11	-12.81	1000.0	1	1	1	1
20230404103856	-6.6	5.06	-37.13	-12.78	1000.0	1	1	1	1
20230404103857	-6.61	5.06	-37.14	-12.81	1000.0	1	1	1	1
20230404103858	-6.61	5.0	-37.24	-12.87	1000.0	1	1	1	1
20230404103859	-6.61	5.08	-37.1	-12.84	1000.0	1	1	1	1
20230404103900	-6.65	5.04	-37.2	-12.91	1000.0	1	1	1	1
20230404103902	-6.64	5.02	-37.23	-12.87	1000.0	1	1	1	1
20230404103903	-6.63	5.02	-37.22	-12.84	1000.0	1	1	1	1
20230404103904	-6.65	4.98	-37.31	-12.87	1000.0	1	1	1	1
20230404103905	-6.65	5.02	-37.24	-12.91	1000.0	1	1	1	1
20230404103906	-6.67	4.98	-37.33	-12.94	1000.0	1	1	1	1
20230404103907	-6.65	5.02	-37.24	-12.91	1000.0	1	1	1	1
20230404103908	-6.68	5.02	-37.26	-12.91	1000.0	1	1	1	1
20230404103909	-6.7	5.0	-37.31	-12.91	1000.0	1	1	1	1
20230404103910	-6.7	5.04	-37.24	-12.91	1000.0	1	1	1	1
20230404103911	-6.73	4.98	-37.37	-12.94	1000.0	1	1	1	1
20230404103913	-6.73	4.98	-37.37	-12.94	1000.0	1	1	1	1
20230404103914	-6.71	4.94	-37.43	-12.97	1000.0	1	1	1	1
20230404103915	-6.73	4.99	-37.36	-12.97	1000.0	1	1	1	1
20230404103916	-6.73	4.98	-37.37	-13.03	1000.0	1	1	1	1
20230404103917	-6.77	4.99	-37.39	-13.07	1000.0	1	1	1	1
20230404103918	-6.77	4.98	-37.4	-13.0	1000.0	1	1	1	1
20230404103919	-6.77	4.88	-37.59	-13.07	1000.0	1	1	1	1
20230404103920	-6.78	4.88	-37.6	-13.03	1000.0	1	1	1	1
20230404103921	-6.8	4.98	-37.43	-13.03	1000.0	1	1	1	1
20230404103922	-6.82	4.92	-37.55	-13.03	1000.0	1	1	1	1
20230404103923	-6.8	4.86	-37.65	-13.03	1000.0	1	1	1	1
20230404103925	-6.81	4.86	-37.66	-13.07	1000.0	1	1	1	1
20230404103926	-6.81	4.93	-37.53	-13.07	1000.0	1	1	1	1
20230404103927	-6.84	4.9	-37.61	-13.13	1000.0	1	1	1	1
20230404103928	-6.85	4.86	-37.69	-13.07	1000.0	1	1	1	1
20230404103929	-6.87	4.89	-37.65	-13.07	1000.0	1	1	1	1
20230404103930	-6.87	4.93	-37.57	-13.16	1000.0	1	1	1	1
20230404103931	-6.88	4.82	-37.79	-13.1	1000.0	1	1	1	1
20230404103932	-6.88	4.93	-37.58	-13.13	1000.0	1	1	1	1
20230404103933	-6.89	4.88	-37.68	-13.13	1000.0	1	1	1	1
20230404103934	-6.91	4.89	-37.68	-13.16	1000.0	1	1	1	1
20230404103935	-6.89	4.86	-37.72	-13.16	1000.0	1	1	1	1
20230404103936	-6.91	4.88	-37.7	-13.16	1000.0	1	1	1	1
20230404103938	-6.92	4.93	-37.61	-13.19	1000.0	1	1	1	1
20230404103939	-6.94	4.8	-37.87	-13.23	1000.0	1	1	1	1
20230404103940	-6.95	4.86	-37.77	-13.19	1000.0	1	1	1	1
20230404103941	-6.97	4.8	-37.89	-13.26	1000.0	1	1	1	1
20230404103942	-6.97	4.83	-37.84	-13.19	1000.0	1	1	1	1
20230404103943	-6.95	4.82	-37.84	-13.23	1000.0	1	1	1	1
20230404103944	-6.97	4.76	-37.97	-13.23	1000.0	1	1	1	1
20230404103945	-6.98	4.85	-37.81	-13.26	1000.0	1	1	1	1
20230404103946	-6.98	4.8	-37.9	-13.29	1000.0	1	1	1	1
20230404103947	-6.99	4.8	-37.91	-13.26	1000.0	1	1	1	1
20230404103948	-6.99	4.82	-37.87	-13.29	1000.0	1	1	1	1
20230404103950	-6.99	4.82	-37.87	-13.32	1000.0	1	1	1	1
20230404103951	-7.01	4.77	-37.98	-13.29	1000.0	1	1	1	1
20230404103952	-7.02	4.83	-37.88	-13.29	1000.0	1	1	1	1
20230404103953	-7.02	4.8	-37.93	-13.29	1000.0	1	1	1	1
20230404103954	-7.04	4.81	-37.93	-13.39	1000.0	1	1	1	1
20230404103955	-7.05	4.68	-38.18	-13.32	1000.0	1	1	1	1
20230404103956	-7.05	4.72	-38.11	-13.36	1000.0	1	1	1	1
20230404103957	-7.09	4.73	-38.12	-13.36	1000.0	1	1	1	1
20230404103958	-7.07	4.76	-38.05	-13.39	1000.0	1	1	1	1
20230404103959	-7.07	4.83	-37.92	-13.39	1000.0	1	1	1	1
20230404104000	-7.08	4.72	-38.13	-13.45	1000.0	1	1	1	1
20230404104001	-7.07	4.73	-38.1	-13.42	1000.0	1	1	1	1
20230404104002	-7.11	4.77	-38.06	-13.42	1000.0	1	1	1	1
20230404104003	-7.12	4.75	-38.1	-13.42	1000.0	1	1	1	1
20230404104005	-7.09	4.73	-38.12	-13.49	1000.0	1	1	1	1
20230404104006	-7.13	4.72	-38.17	-13.42	1000.0	1	1	1	1
20230404104007	-7.13	4.72	-38.17	-13.45	1000.0	1	1	1	1
20230404104008	-7.12	4.72	-38.16	-13.52	1000.0	1	1	1	1
20230404104009	-7.15	4.7	-38.22	-13.55	1000.0	1	1	1	1
20230404104010	-7.15	4.67	-38.28	-13.49	1000.0	1	1	1	1
20230404104011	-7.13	4.73	-38.15	-13.45	1000.0	1	1	1	1
20230404104012	-7.15	4.72	-38.18	-13.49	1000.0	1	1	1	1
20230404104013	-7.16	4.69	-38.25	-13.52	1000.0	1	1	1	1
20230404104014	-7.16	4.73	-38.17	-13.52	1000.0	1	1	1	1
20230404104015	-7.21	4.75	-38.17	-13.52	1000.0	1	1	1	1
20230404104016	-7.19	4.71	-38.24	-13.55	1000.0	1	1	1	1
20230404104018	-7.19	4.71	-38.24	-13.55	1000.0	1	1	1	1
20230404104019	-7.19	4.67	-38.31	-13.58	1000.0	1	1	1	1
20230404104020	-7.23	4.69	-38.3	-13.58	1000.0	1	1	1	1
20230404104021	-7.21	4.67	-38.33	-13.58	1000.0	1	1	1	1
20230404104022	-7.22	4.66	-38.35	-13.58	1000.0	1	1	1	1
20230404104023	-7.23	4.73	-38.23	-13.68	1000.0	1	1	1	1
20230404104024	-7.26	4.65	-38.4	-13.61	1000.0	1	1	1	1
20230404104025	-7.26	4.65	-38.4	-13.61	1000.0	1	1	1	1
20230404104026	-7.25	4.69	-38.32	-13.65	1000.0	1	1	1	1
20230404104027	-7.28	4.65	-38.42	-13.68	1000.0	1	1	1	1
20230404104028	-7.28	4.71	-38.31	-13.71	1000.0	1	1	1	1
20230404104030	-7.29	4.57	-38.58	-13.71	1000.0	1	1	1	1
20230404104031	-7.31	4.69	-38.37	-13.71	1000.0	1	1	1	1
20230404104032	-7.32	4.63	-38.49	-13.71	1000.0	1	1	1	1
20230404104033	-7.35	4.65	-38.47	-13.71	1000.0	1	1	1	1
20230404104034	-7.33	4.59	-38.58	-13.78	1000.0	1	1	1	1
20230404104035	-7.36	4.65	-38.48	-13.81	1000.0	1	1	1	1
20230404104036	-7.36	4.63	-38.52	-13.71	1000.0	1	1	1	1
20230404104037	-7.35	4.69	-38.4	-13.75	1000.0	1	1	1	1
20230404104038	-7.36	4.59	-38.6	-13.84	1000.0	1	1	1	1
20230404104039	-7.36	4.59	-38.6	-13.75	1000.0	1	1	1	1
20230404104040	-7.38	4.67	-38.46	-13.78	1000.0	1	1	1	1
20230404104041	-7.38	4.61	-38.58	-13.81	1000.0	1	1	1	1
20230404104043	-7.42	4.59	-38.65	-13.81	1000.0	1	1	1	1
20230404104044	-7.4	4.61	-38.59	-13.84	1000.0	1	1	1	1
20230404104045	-7.4	4.59	-38.63	-13.88	1000.0	1	1	1	1
20230404104046	-7.43	4.61	-38.61	-13.84	1000.0	1	1	1	1
20230404104047	-7.45	4.59	-38.67	-13.84	1000.0	1	1	1	1
20230404104048	-7.45	4.61	-38.63	-13.88	1000.0	1	1	1	1
20230404104049	-7.45	4.59	-38.67	-13.88	1000.0	1	1	1	1
20230404104050	-7.45	4.63	-38.59	-13.94	1000.0	1	1	1	1
20230404104051	-7.46	4.53	-38.79	-13.91	1000.0	1	1	1	1
20230404104052	-7.47	4.57	-38.72	-13.97	1000.0	1	1	1	1
20230404104054	-7.49	4.57	-38.74	-13.94	1000.0	1	1	1	1
20230404104055	-7.47	4.61	-38.65	-13.94	1000.0	1	1	1	1
20230404104056	-7.49	4.55	-38.78	-13.94	1000.0	1	1	1	1
20230404104057	-7.49	4.55	-38.78	-13.94	1000.0	1	1	1	1
20230404104058	-7.5	4.55	-38.79	-13.97	1000.0	1	1	1	1
20230404104059	-7.52	4.61	-38.68	-13.94	1000.0	1	1	1	1
20230404104100	-7.49	4.53	-38.82	-13.65	1000.0	1	1	1	1
20230404104101	-7.53	4.53	-38.85	-13.1	1000.0	1	1	1	1
20230404104102	-7.52	4.63	-38.65	-12.3	1000.0	1	1	1	1
20230404104103	-7.5	4.57	-38.75	-11.5	1000.0	1	1	1	1
20230404104105	-7.52	4.51	-38.88	-10.67	1000.0	1	1	1	1
20230404104106	-7.52	4.49	-38.92	-9.74	1000.0	1	1	1	1
20230404104107	-7.45	4.47	-38.91	-8.69	1000.0	1	1	1	1
20230404104108	-7.43	4.45	-38.93	-7.69	1000.0	1	1	1	1
20230404104109	-7.39	4.55	-38.7	-6.65	1000.0	1	1	1	1
20230404104110	-7.36	4.51	-38.76	-5.65	1000.0	1	1	1	1
20230404104111	-7.28	4.52	-38.67	-4.59	1000.0	1	1	1	1
20230404104112	-7.19	4.58	-38.49	-3.55	1000.0	1	1	1	1
20230404104113	-7.09	4.6	-38.37	-2.6	1000.0	1	1	1	1
20230404104114	-7.02	4.62	-38.28	-1.53	1000.0	1	1	1	1
20230404104115	-6.95	4.62	-38.22	-0.52	1000.0	1	1	1	1
20230404104117	-6.85	4.57	-38.24	0.45	1000.0	1	1	1	1
20230404104118	-6.74	4.71	-37.88	1.44	1000.0	1	1	1	1
20230404104119	-6.65	4.73	-37.78	2.35	1000.0	1	1	1	1
20230404104120	-6.55	4.81	-37.55	3.35	1000.0	1	1	1	1
20230404104121	-6.43	4.83	-37.42	4.45	1000.0	1	1	1	1
20230404104122	-6.33	4.91	-37.19	5.48	1000.0	1	1	1	1
20230404104123	-6.21	4.97	-36.98	6.5	1000.0	1	1	1	1
20230404104124	-6.07	5.01	-36.8	7.47	1000.0	1	1	1	1
20230404104125	-5.8	5.24	-36.18	8.51	1000.0	1	1	1	1
20230404104126	-5.66	5.3	-35.97	9.61	1000.0	1	1	1	1
20230404104127	-5.49	5.42	-35.63	10.49	1000.0	1	1	1	1
20230404104128	-5.41	5.53	-35.38	10.96	1000.0	1	1	1	1
20230404104129	-5.24	5.73	-34.92	11.24	1000.0	1	1	1	1
20230404104131	-5.12	5.91	-34.54	11.34	1000.0	1	1	1	1
20230404104132	-4.95	5.98	-34.3	11.37	1000.0	1	1	1	1
20230404104133	-4.83	6.23	-33.82	11.42	1000.0	1	1	1	1
20230404104134	-4.7	6.39	-33.48	11.64	1000.0	1	1	1	1
20230404104135	-4.57	6.57	-33.12	12.15	1000.0	1	1	1	1
20230404104136	-4.45	6.75	-32.77	12.81	1000.0	1	1	1	1
20230404104137	-4.31	6.96	-32.37	13.5	1000.0	1	1	1	1
20230404104138	-4.06	7.32	-31.69	13.99	1000.0	1	1	1	1
20230404104139	-3.95	7.48	-31.4	14.19	1000.0	1	1	1	1
20230404104140	-3.85	7.67	-31.08	14.24	1000.0	1	1	1	1
20230404104141	-3.72	7.91	-30.68	14.14	1000.0	1	1	1	1
20230404104142	-3.58	8.05	-30.4	13.68	1000.0	1	1	1	1
20230404104144	-3.48	8.31	-30.01	13.17	1000.0	1	1	1	1
20230404104145	-3.38	8.48	-29.73	12.53	1000.0	1	1	1	1
20230404104146	-3.27	8.6	-29.51	11.87	1000.0	1	1	1	1
20230404104147	-3.18	8.76	-29.26	11.22	1000.0	1	1	1	1
20230404104148	-3.08	8.98	-28.93	10.51	1000.0	1	1	1	1
20230404104149	-3.03	9.12	-28.74	9.83	1000.0	1	1	1	1
20230404104150	-2.93	9.31	-28.46	9.13	1000.0	1	1	1	1
20230404104151	-2.89	9.39	-28.34	8.46	1000.0	1	1	1	1
20230404104152	-2.82	9.49	-28.18	7.76	1000.0	1	1	1	1
20230404104153	-2.79	9.55	-28.1	7.12	1000.0	1	1	1	1
20230404104155	-2.76	9.47	-28.16	6.45	1000.0	1	1	1	1
20230404104156	-2.74	9.59	-28.02	5.77	1000.0	1	1	1	1
20230404104157	-2.74	9.51	-28.1	5.18	1000.0	1	1	1	1
20230404104158	-2.72	9.53	-28.06	4.5	1000.0	1	1	1	1
20230404104159	-2.72	9.53	-28.06	3.9	1000.0	1	1	1	1
20230404104200	-2.72	9.49	-28.1	3.3	1000.0	1	1	1	1
20230404104201	-2.73	9.51	-28.09	2.68	1000.0	1	1	1	1
20230404104202	-2.74	9.32	-28.29	2.1	1000.0	1	1	1	1
20230404104203	-2.79	9.28	-28.38	1.47	1000.0	1	1	1	1
20230404104204	-2.8	9.18	-28.49	0.83	1000.0	1	1	1	1
20230404104205	-2.83	9.1	-28.6	0.3	1000.0	1	1	1	1
20230404104206	-2.84	9.02	-28.7	-0.29	1000.0	1	1	1	1
20230404104208	-2.89	8.92	-28.84	-0.85	1000.0	1	1	1	1
20230404104209	-2.92	8.89	-28.9	-1.42	1000.0	1	1	1	1
20230404104210	-2.96	8.83	-29.0	-1.99	1000.0	1	1	1	1
20230404104211	-2.99	8.67	-29.2	-2.6	1000.0	1	1	1	1
20230404104212	-3.04	8.63	-29.29	-3.12	1000.0	1	1	1	1
20230404104213	-3.18	8.29	-29.79	-3.68	1000.0	1	1	1	1
20230404104214	-3.21	8.26	-29.85	-4.27	1000.0	1	1	1	1
20230404104215	-3.28	8.12	-30.07	-4.78	1000.0	1	1	1	1
20230404104216	-3.33	8.02	-30.23	-5.3	1000.0	1	1	1	1
20230404104217	-3.38	7.9	-30.41	-5.79	1000.0	1	1	1	1
20230404104219	-45.0	100.0	-45.0	-6.34	1000.0	1	0	0	1
20230404104220	-45.0	100.0	-45.0	-6.81	1000.0	1	0	0	1
20230404104221	-45.0	100.0	-45.0	-7.32	1000.0	1	0	0	1
20230404104222	-45.0	100.0	-45.0	-7.86	1000.0	1	0	0	1
20230404104223	-45.0	100.0	-45.0	-8.34	1000.0	1	0	0	1
20230404104224	-45.0	100.0	-45.0	-8.86	1000.0	1	0	0	1
20230404104225	-45.0	100.0	-45.0	-9.33	1000.0	1	0	0	1
20230404104226	-45.0	100.0	-45.0	-9.8	1000.0	1	0	0	1
20230404104227	-45.0	100.0	-45.0	-10.34	1000.0	1	0	0	1
20230404104228	-45.0	100.0	-45.0	-10.7	1000.0	1	0	0	1
20230404104229	-45.0	100.0	-45.0	-11.22	1000.0	1	0	0	1
20230404104230	-45.0	100.0	-45.0	-11.71	1000.0	1	0	0	1
20230404104232	-45.0	100.0	-45.0	-12.12	1000.0	1	0	0	1
20230404104233	-45.0	100.0	-45.0	-12.59	1000.0	1	0	0	1
20230404104234	-45.0	100.0	-45.0	-13.03	1000.0	1	0	0	1
20230404104235	-45.0	100.0	-45.0	-13.49	1000.0	1	0	0	1
20230404104236	-45.0	100.0	-45.0	-13.94	1000.0	1	0	0	1
20230404104237	-45.0	100.0	-45.0	-14.37	1000.0	1	0	0	1
20230404104238	-45.0	100.0	-45.0	-14.8	1000.0	1	0	0	1
20230404104239	-45.0	100.0	-45.0	-15.24	1000.0	1	0	0	1
20230404104240	-45.0	100.0	-45.0	-15.72	1000.0	1	0	0	1
20230404104241	-45.0	100.0	-45.0	-16.18	1000.0	1	0	0	1
20230404104243	-45.0	100.0	-45.0	-16.28	1000.0	1	0	0	1
20230404104244	-45.0	100.0	-45.0	-16.53	1000.0	1	0	0	1
20230404104245	-45.0	100.0	-45.0	-17.21	1000.0	1	0	0	1
20230404104246	-45.0	100.0	-45.0	-17.75	1000.0	1	0	0	1
20230404104247	-45.0	100.0	-45.0	-18.16	1000.0	1	0	0	1
20230404104248	-45.0	100.0	-45.0	-18.61	1000.0	1	1	0	1
20230404104249	-45.0	100.0	-45.0	-18.95	1000.0	1	1	0	1
20230404104250	-45.0	100.0	-45.0	-19.37	1000.0	1	1	0	1
20230404104251	-45.0	100.0	-45.0	-19.76	1000.0	1	1	0	1
20230404104253	-45.0	100.0	-45.0	-20.2	1000.0	1	0	0	1
20230404104254	-45.0	100.0	-45.0	-20.52	1000.0	1	1	0	1
20230404104255	-45.0	100.0	-45.0	-20.97	1000.0	1	0	0	1
20230404104256	-45.0	100.0	-45.0	-21.34	1000.0	1	0	0	1
20230404104257	-45.0	100.0	-45.0	-21.63	1000.0	1	0	0	1
20230404104258	-45.0	100.0	-45.0	-22.01	1000.0	1	0	0	1
20230404104259	-45.0	100.0	-45.0	-22.35	1000.0	1	0	0	1
20230404104300	-45.0	100.0	-45.0	-22.79	1000.0	1	0	0	1
20230404104301	-45.0	100.0	-45.0	-23.05	1000.0	1	0	0	1
20230404104303	-45.0	100.0	-45.0	-23.45	1000.0	1	0	0	1
20230404104304	-45.0	100.0	-45.0	-23.77	1000.0	1	0	0	1
20230404104305	-45.0	100.0	-45.0	-24.14	1000.0	1	0	0	1
20230404104306	-45.0	100.0	-45.0	-24.51	1000.0	1	0	0	1
20230404104307	-45.0	100.0	-45.0	-24.79	1000.0	1	0	0	1
20230404104308	-45.0	100.0	-45.0	-25.13	1000.0	1	0	0	1
20230404104309	-45.0	100.0	-45.0	-25.47	1000.0	1	0	0	1
20230404104310	-45.0	100.0	-45.0	-25.76	1000.0	1	0	0	1
20230404104311	-45.0	100.0	-45.0	-26.16	1000.0	1	0	0	1
20230404104312	-45.0	100.0	-45.0	-26.41	1000.0	1	0	0	1
20230404104314	-45.0	100.0	-45.0	-26.77	1000.0	1	0	0	1
20230404104315	-45.0	100.0	-45.0	-27.03	1000.0	1	0	0	1
20230404104316	-45.0	100.0	-45.0	-27.34	1000.0	1	0	0	1
20230404104317	-45.0	100.0	-45.0	-27.66	1000.0	1	0	0	1
20230404104318	-45.0	100.0	-45.0	-27.99	1000.0	1	0	0	1
20230404104319	-45.0	100.0	-45.0	-28.31	1000.0	1	0	0	1
20230404104320	-45.0	100.0	-45.0	-28.54	1000.0	1	0	0	1
20230404104321	-45.0	100.0	-45.0	-28.87	1000.0	1	0	0	1
20230404104322	-45.0	100.0	-45.0	-29.27	1000.0	1	0	0	1
20230404104323	-45.0	100.0	-45.0	-29.62	1000.0	1	0	0	1
20230404104325	-45.0	100.0	-45.0	-29.74	1000.0	1	0	0	1
20230404104326	-45.0	100.0	-45.0	-30.03	1000.0	1	0	0	1
20230404104327	-45.0	100.0	-45.0	-30.34	1000.0	1	0	0	1
20230404104328	-45.0	100.0	-45.0	-30.7	1000.0	1	0	0	1
20230404104329	-45.0	100.0	-45.0	-31.01	1000.0	1	0	0	1
20230404104330	-45.0	100.0	-45.0	-31.2	1000.0	1	0	0	1
20230404104331	-45.0	100.0	-45.0	-31.58	1000.0	1	0	0	1
