EventTime	aTemp	RH	DP	cTemp	mTemp	sLid	sVacuu	sPressure	IsOkay
20230331155226	-5.54	0.0	-94.83	4.45	6.7	1	1	1	1
20230331155227	-5.47	0.0	-94.79	4.47	6.69	1	1	1	1
20230331155228	-5.45	0.0	-94.79	4.49	6.7	1	1	1	1
20230331155229	-5.42	0.0	-94.77	4.52	6.72	1	1	1	1
20230331155230	-5.38	0.0	-94.75	4.54	6.75	1	1	1	1
20230331155231	-5.36	0.0	-94.75	4.55	6.78	1	1	1	1
20230331155232	-5.31	0.0	-94.72	4.57	6.78	1	1	1	1
20230331155233	-5.31	0.0	-94.72	4.6	6.82	1	1	1	1
20230331155234	-5.28	0.0	-94.71	4.6	6.82	1	1	1	1
20230331155235	-5.27	0.0	-94.71	4.62	6.84	1	1	1	1
20230331155236	-5.22	0.0	-94.68	4.66	6.85	1	1	1	1
20230331155237	-5.19	0.0	-94.67	4.67	6.87	1	1	0	1
20230331155238	-5.21	0.0	-94.68	4.72	6.89	1	1	0	1
20230331155239	-5.15	0.0	-94.65	4.74	6.92	1	1	1	1
20230331155240	-5.11	0.0	-94.63	4.76	6.92	1	1	1	1
20230331155241	-5.08	0.0	-94.62	4.76	6.89	1	1	1	1
20230331155242	-5.09	0.0	-94.63	4.79	6.94	1	1	1	1
20230331155243	-5.07	0.0	-94.62	4.81	6.94	1	1	1	1
20230331155244	-5.01	0.0	-94.59	4.87	7.01	1	1	1	1
20230331155246	-4.98	0.0	-94.58	4.89	7.03	1	1	0	1
20230331155247	-4.97	0.0	-94.57	4.92	7.03	1	1	1	1
20230331155248	-4.94	0.0	-94.56	4.92	7.03	1	1	1	1
20230331155249	-4.93	0.0	-94.55	4.95	7.06	1	1	1	1
20230331155250	-4.88	0.0	-94.53	4.99	7.06	1	1	1	1
20230331155251	-4.9	0.0	-94.54	5.02	7.07	1	1	1	1
20230331155252	-4.87	0.0	-94.53	5.04	7.1	1	1	1	1
20230331155253	-4.84	0.0	-94.52	5.1	7.11	1	1	1	1
20230331155254	-4.83	0.0	-94.51	5.08	7.14	1	1	1	1
20230331155255	-4.8	0.0	-94.5	5.17	7.14	1	1	1	1
20230331155256	-4.8	0.0	-94.5	5.15	7.17	1	1	1	1
20230331155257	-4.77	0.0	-94.48	5.18	7.19	1	1	1	1
20230331155258	-4.78	0.0	-94.49	5.2	7.2	1	1	1	1
20230331155259	-4.77	0.0	-94.48	5.25	7.22	1	1	1	1
20230331155300	-4.74	0.0	-94.47	5.28	7.25	1	1	1	1
20230331155301	-4.73	0.0	-94.47	5.28	7.26	1	1	1	1
20230331155302	-4.73	0.0	-94.47	5.3	7.26	1	1	1	1
20230331155303	-4.7	0.0	-94.45	5.33	7.26	1	1	1	1
20230331155305	-4.71	0.0	-94.46	5.36	7.27	1	1	1	1
20230331155306	-4.69	0.0	-94.45	5.3	7.32	1	1	1	1
20230331155307	-4.67	0.0	-94.44	5.25	7.33	1	1	1	1
20230331155308	-4.67	0.0	-94.44	5.13	7.26	1	1	1	1
20230331155309	-4.66	0.0	-94.44	5.02	7.26	1	1	1	1
20230331155310	-4.66	0.0	-94.44	4.95	7.22	1	1	1	1
20230331155311	-4.64	0.0	-94.43	4.82	7.14	1	1	1	1
20230331155312	-4.64	0.0	-94.43	4.74	7.09	1	1	1	1
20230331155313	-4.64	0.0	-94.43	4.67	7.06	1	1	1	1
20230331155314	-4.63	0.0	-94.42	4.54	6.98	1	1	1	1
20230331155315	-4.61	0.0	-94.41	4.45	6.92	1	1	1	1
20230331155316	-4.63	0.0	-94.42	4.35	6.85	1	1	1	1
20230331155317	-4.63	0.0	-94.42	4.27	6.79	1	1	1	1
20230331155318	-4.61	0.0	-94.41	4.2	6.78	1	1	1	1
20230331155319	-4.61	0.0	-94.41	4.08	6.67	1	1	1	1
20230331155320	-4.61	0.0	-94.41	4.02	6.66	1	1	1	1
20230331155321	-4.6	0.0	-94.41	3.94	6.61	1	1	1	1
20230331155322	-4.64	0.0	-94.43	3.83	6.52	1	1	1	1
20230331155323	-4.6	0.0	-94.41	3.72	6.45	1	1	1	1
20230331155324	-4.61	0.0	-94.41	3.65	6.4	1	1	1	1
20230331155326	-4.63	0.0	-94.42	3.58	6.33	1	1	1	1
20230331155327	-4.61	0.0	-94.41	3.49	6.28	1	1	1	1
20230331155328	-4.66	0.0	-94.44	3.4	6.24	1	1	1	1
20230331155329	-4.64	0.0	-94.43	3.33	6.2	1	1	1	1
20230331155330	-4.66	0.0	-94.44	3.24	6.11	1	1	1	1
20230331155331	-4.64	0.0	-94.43	3.2	6.1	1	1	1	1
20230331155332	-4.64	0.0	-94.43	3.09	6.02	1	1	1	1
20230331155333	-4.66	0.0	-94.44	3.0	5.96	1	1	1	1
20230331155334	-4.63	0.0	-94.42	2.96	5.94	1	1	1	1
20230331155335	-4.69	0.0	-94.45	2.86	5.88	1	1	1	1
20230331155336	-4.66	0.0	-94.44	2.79	5.82	1	1	1	1
20230331155337	-4.7	0.0	-94.45	2.71	5.76	1	1	1	1
20230331155338	-4.69	0.0	-94.45	2.64	5.72	1	1	1	1
20230331155339	-4.73	0.0	-94.47	2.56	5.66	1	1	1	1
20230331155340	-4.73	0.0	-94.47	2.52	5.65	1	1	1	1
20230331155341	-4.74	0.0	-94.47	2.46	5.55	1	1	1	1
20230331155342	-4.74	0.0	-94.47	2.39	5.57	1	1	1	1
20230331155343	-4.73	0.0	-94.47	2.27	5.52	1	1	1	1
20230331155344	-4.77	0.0	-94.48	2.21	5.42	1	1	1	1
20230331155346	-4.77	0.0	-94.48	2.15	5.38	1	1	1	1
20230331155347	-4.76	0.0	-94.48	2.09	5.34	1	1	1	1
20230331155348	-4.77	0.0	-94.48	2.01	5.3	1	1	1	1
20230331155349	-4.81	0.0	-94.5	1.99	5.28	1	1	1	1
20230331155350	-4.8	0.0	-94.5	1.89	5.21	1	1	1	1
20230331155351	-4.83	0.0	-94.51	1.85	5.21	1	1	1	1
20230331155352	-4.81	0.0	-94.5	1.77	5.13	1	1	1	1
20230331155353	-4.84	0.0	-94.52	1.69	5.08	1	1	1	1
20230331155354	-4.85	0.0	-94.52	1.62	5.04	1	1	1	1
20230331155355	-4.87	0.0	-94.53	1.56	5.0	1	1	1	1
20230331155356	-4.9	0.0	-94.54	1.5	4.97	1	1	1	1
20230331155357	-4.9	0.0	-94.54	1.44	4.9	1	1	1	1
20230331155358	-4.93	0.0	-94.55	1.39	4.87	1	1	1	1
20230331155359	-4.93	0.0	-94.55	1.31	4.85	1	1	1	1
20230331155400	-4.98	0.0	-94.58	1.29	4.79	1	1	1	1
20230331155401	-4.94	0.0	-94.56	1.25	4.74	1	1	1	1
20230331155402	-4.97	0.0	-94.57	1.14	4.69	1	1	1	1
20230331155403	-5.0	0.0	-94.59	1.08	4.66	1	1	1	1
20230331155404	-5.03	0.0	-94.6	1.03	4.66	1	1	1	1
20230331155406	-5.01	0.0	-94.59	0.95	4.6	1	1	1	1
20230331155407	-5.04	0.0	-94.6	0.9	4.57	1	1	1	1
20230331155408	-5.07	0.0	-94.62	0.86	4.59	1	1	1	1
20230331155409	-5.05	0.0	-94.61	0.79	4.5	1	1	1	1
20230331155410	-5.11	0.0	-94.63	0.75	4.47	1	1	1	1
20230331155411	-5.09	0.0	-94.63	0.71	4.39	1	1	1	1
20230331155412	-5.14	0.0	-94.65	0.64	4.35	1	1	1	1
20230331155413	-5.14	0.0	-94.65	0.57	4.32	1	1	1	1
20230331155414	-5.15	0.0	-94.65	0.53	4.28	1	1	1	1
20230331155415	-5.19	0.0	-94.67	0.48	4.25	1	1	1	1
20230331155416	-5.19	0.0	-94.67	0.44	4.21	1	1	1	1
20230331155417	-5.22	0.0	-94.68	0.39	4.18	1	1	1	1
20230331155418	-5.24	0.0	-94.69	0.32	4.14	1	1	1	1
20230331155419	-5.27	0.0	-94.71	0.28	4.09	1	1	1	1
20230331155420	-5.28	0.0	-94.71	0.23	4.09	1	1	1	1
20230331155421	-5.29	0.0	-94.71	0.23	4.08	1	1	1	1
20230331155422	-5.32	0.0	-94.73	0.16	4.06	1	1	1	1
20230331155423	-5.33	0.0	-94.73	0.07	3.99	1	1	1	1
20230331155424	-5.35	0.0	-94.74	0.02	3.95	1	1	1	1
20230331155426	-5.38	0.0	-94.75	-0.02	3.92	1	1	1	1
20230331155427	-5.38	0.0	-94.75	-0.05	3.88	1	1	1	1
20230331155428	-5.39	0.0	-94.76	-0.09	3.83	1	1	1	1
20230331155429	-5.42	0.0	-94.77	-0.17	3.81	1	1	1	1
20230331155430	-5.45	0.0	-94.79	-0.21	3.76	1	1	1	1
20230331155431	-5.47	0.0	-94.79	-0.26	3.74	1	1	1	1
20230331155432	-5.48	0.0	-94.8	-0.29	3.71	1	1	1	1
20230331155433	-5.54	0.0	-94.83	-0.33	3.69	1	1	1	1
20230331155434	-5.51	0.0	-94.81	-0.41	3.65	1	1	1	1
20230331155435	-5.55	0.0	-94.83	-0.43	3.62	1	1	1	1
20230331155436	-5.58	0.0	-94.84	-0.48	3.58	1	1	1	1
20230331155437	-5.61	0.0	-94.86	-0.53	3.56	1	1	1	1
20230331155438	-5.62	0.0	-94.86	-0.58	3.58	1	1	1	1
20230331155439	-5.63	0.0	-94.86	-0.6	3.51	1	1	1	1
20230331155440	-5.65	0.0	-94.87	-0.65	3.46	1	1	1	1
20230331155441	-5.68	0.0	-94.89	-0.65	3.49	1	1	1	1
20230331155442	-5.69	0.0	-94.89	-0.68	3.46	1	1	1	1
20230331155443	-5.71	0.0	-94.9	-0.8	3.42	1	1	1	1
20230331155444	-5.73	0.0	-94.91	-0.8	3.35	1	1	1	1
20230331155446	-5.75	0.0	-94.92	-0.87	3.35	1	1	1	1
20230331155447	-5.78	0.0	-94.93	-0.9	3.33	1	1	1	1
20230331155448	-5.82	0.0	-94.95	-0.93	3.35	1	1	1	1
20230331155449	-5.82	0.0	-94.95	-0.98	3.24	1	1	1	1
20230331155450	-5.82	0.0	-94.95	-1.0	3.2	1	1	1	1
20230331155451	-5.87	0.0	-94.97	-1.0	3.22	1	1	1	1
20230331155452	-5.9	0.0	-94.98	-1.1	3.2	1	1	1	1
20230331155453	-5.92	0.0	-94.99	-1.13	3.18	1	1	1	1
20230331155454	-5.93	0.0	-95.0	-1.16	3.16	1	1	1	1
20230331155455	-5.95	0.0	-95.01	-1.21	3.13	1	1	1	1
20230331155456	-5.96	0.0	-95.01	-1.23	3.07	1	1	1	1
20230331155457	-6.0	0.0	-95.03	-1.29	3.11	1	1	1	1
20230331155458	-6.02	0.0	-95.04	-1.34	3.0	1	1	1	1
20230331155459	-6.05	0.0	-95.05	-1.34	3.01	1	1	1	1
20230331155500	-6.05	0.0	-95.05	-1.39	3.0	1	1	1	1
20230331155501	-6.06	0.0	-95.06	-1.44	2.96	1	1	1	1
20230331155502	-6.11	0.0	-95.08	-1.47	2.9	1	1	1	1
20230331155503	-6.13	0.0	-95.09	-1.44	2.96	1	1	1	1
20230331155504	-6.13	0.0	-95.09	-1.5	2.9	1	1	1	1
20230331155505	-6.16	0.0	-95.1	-1.58	2.85	1	1	1	1
20230331155506	-6.19	0.0	-95.11	-1.6	2.83	1	1	1	1
20230331155508	-6.2	0.0	-95.12	-1.63	2.81	1	1	1	1
20230331155509	-6.21	0.0	-95.12	-1.68	2.79	1	1	1	1
20230331155510	-6.27	0.0	-95.15	-1.68	2.77	1	1	1	1
20230331155511	-6.27	0.0	-95.15	-1.74	2.77	1	1	1	1
20230331155512	-6.33	0.0	-95.18	-1.79	2.71	1	1	1	1
20230331155513	-6.31	0.0	-95.17	-1.79	2.69	1	1	1	1
20230331155514	-6.33	0.0	-95.18	-1.85	2.66	1	1	1	1
20230331155515	-6.38	0.0	-95.2	-1.87	2.64	1	1	1	1
20230331155516	-6.38	0.0	-95.2	-1.9	2.62	1	1	1	1
20230331155517	-6.41	0.0	-95.21	-1.93	2.58	1	1	1	1
20230331155518	-6.43	0.0	-95.22	-1.98	2.56	1	1	1	1
20230331155519	-6.47	0.0	-95.24	-2.01	2.56	1	1	1	1
20230331155520	-6.47	0.0	-95.24	-2.04	2.52	1	1	1	1
20230331155521	-6.48	0.0	-95.24	-2.01	2.54	1	1	1	1
20230331155522	-6.51	0.0	-95.26	-2.04	2.52	1	1	1	1
20230331155523	-6.54	0.0	-95.27	-2.12	2.46	1	1	1	1
20230331155525	-6.55	0.0	-95.27	-2.15	2.44	1	1	1	1
20230331155526	-6.61	0.0	-95.3	-2.18	2.42	1	1	1	1
20230331155527	-6.64	0.0	-95.31	-2.21	2.4	1	1	1	1
20230331155528	-6.63	0.0	-95.31	-2.27	2.37	1	1	1	1
20230331155529	-6.65	0.0	-95.32	-2.27	2.4	1	1	1	1
20230331155530	-6.67	0.0	-95.33	-2.29	2.35	1	1	1	1
20230331155531	-6.73	0.0	-95.35	-2.35	2.37	1	1	1	1
20230331155532	-6.73	0.0	-95.35	-2.38	2.33	1	1	1	1
20230331155533	-6.74	0.0	-95.36	-2.38	2.29	1	1	1	1
20230331155534	-6.77	0.0	-95.37	-2.41	2.25	1	1	1	1
20230331155535	-6.78	0.0	-95.38	-2.41	2.27	1	1	1	1
20230331155536	-6.81	0.0	-95.39	-2.47	2.19	1	1	1	1
20230331155537	-6.82	0.0	-95.39	-2.5	2.27	1	1	1	1
20230331155538	-6.84	0.0	-95.4	-2.44	2.25	1	1	1	1
20230331155539	-6.87	0.0	-95.42	-2.55	2.17	1	1	1	1
20230331155540	-6.88	0.0	-95.42	-2.58	2.13	1	1	1	1
20230331155542	-6.94	0.0	-95.45	-2.61	2.17	1	1	1	1
20230331155543	-6.97	0.0	-95.46	-2.61	2.09	1	1	1	1
20230331155544	-6.98	0.0	-95.46	-2.64	2.07	1	1	1	1
20230331155545	-6.99	0.0	-95.47	-2.7	2.09	1	1	1	1
20230331155546	-7.01	0.0	-95.48	-2.73	2.05	1	1	1	1
20230331155547	-7.07	0.0	-95.5	-2.73	2.09	1	1	1	1
20230331155548	-7.07	0.0	-95.5	-2.76	2.01	1	1	1	1
20230331155549	-7.09	0.0	-95.51	-2.79	2.01	1	1	1	1
20230331155550	-7.11	0.0	-95.52	-2.82	1.99	1	1	1	1
20230331155551	-7.12	0.0	-95.53	-2.85	1.99	1	1	1	1
20230331155552	-7.13	0.0	-95.53	-2.88	1.95	1	1	1	1
20230331155553	-7.15	0.0	-95.54	-2.82	1.97	1	1	1	1
20230331155554	-7.21	0.0	-95.57	-2.85	1.93	1	1	1	1
20230331155555	-7.25	0.0	-95.58	-2.88	1.97	1	1	1	1
20230331155556	-7.25	0.0	-95.58	-3.0	1.91	1	1	1	1
20230331155558	-7.29	0.0	-95.6	-3.0	1.87	1	1	1	1
20230331155559	-7.31	0.0	-95.61	-3.0	1.83	1	1	1	1
20230331155600	-7.33	0.0	-95.62	-3.03	1.81	1	1	1	1
20230331155601	-7.35	0.0	-95.63	-3.06	1.83	1	1	1	1
20230331155602	-7.38	0.0	-95.64	-3.09	1.81	1	1	1	1
20230331155603	-7.38	0.0	-95.64	-3.12	1.75	1	1	1	1
20230331155604	-7.42	0.0	-95.66	-3.06	1.77	1	1	1	1
20230331155605	-7.43	0.0	-95.66	-3.15	1.81	1	1	1	1
20230331155606	-7.43	0.0	-95.66	-3.18	1.75	1	1	1	1
20230331155607	-7.47	0.0	-95.68	-3.18	1.75	1	1	1	1
20230331155608	-7.5	0.0	-95.7	-3.21	1.73	1	1	1	1
20230331155609	-7.52	0.0	-95.7	-3.25	1.71	1	1	1	1
20230331155610	-7.53	0.0	-95.71	-3.21	1.66	1	1	1	1
20230331155611	-7.55	0.0	-95.72	-3.28	1.64	1	1	1	1
20230331155612	-7.57	0.0	-95.73	-3.25	1.69	1	1	1	1
20230331155613	-7.62	0.0	-95.75	-3.31	1.64	1	1	1	1
20230331155615	-7.62	0.0	-95.75	-3.34	1.62	1	1	1	1
20230331155616	-7.62	0.0	-95.75	-3.37	1.58	1	1	1	1
20230331155617	-7.64	0.0	-95.76	-3.37	1.56	1	1	1	1
20230331155618	-7.7	0.0	-95.78	-3.4	1.56	1	1	1	1
20230331155619	-7.7	0.0	-95.78	-3.43	1.56	1	1	1	1
20230331155620	-7.73	0.0	-95.8	-3.43	1.52	1	1	1	1
20230331155621	-7.73	0.0	-95.8	-3.5	1.48	1	1	1	1
20230331155622	-7.77	0.0	-95.82	-3.5	1.48	1	1	1	1
20230331155623	-7.79	0.0	-95.83	-3.47	1.56	1	1	1	1
20230331155624	-7.85	0.0	-95.85	-3.53	1.46	1	1	1	1
20230331155625	-7.86	0.0	-95.86	-3.56	1.44	1	1	1	1
20230331155626	-7.91	0.0	-95.88	-3.59	1.42	1	1	1	1
20230331155627	-7.9	0.0	-95.87	-3.59	1.39	1	1	1	1
20230331155628	-7.9	0.0	-95.87	-3.56	1.46	1	1	1	1
20230331155629	-7.93	0.0	-95.89	-3.59	1.44	1	1	1	1
20230331155631	-7.96	0.0	-95.9	-3.66	1.35	1	1	1	1
20230331155632	-7.99	0.0	-95.91	-3.66	1.33	1	1	1	1
20230331155633	-8.0	0.0	-95.92	-3.69	1.37	1	1	1	1
20230331155634	-8.0	0.0	-95.92	-3.66	1.35	1	1	1	1
20230331155635	-8.0	0.0	-95.92	-3.72	1.31	1	1	1	1
20230331155636	-8.06	0.0	-95.95	-3.76	1.31	1	1	1	1
20230331155637	-8.07	0.0	-95.95	-3.79	1.31	1	1	1	1
20230331155638	-8.1	0.0	-95.96	-3.79	1.33	1	1	1	1
20230331155639	-8.13	0.0	-95.98	-3.82	1.29	1	1	1	1
20230331155640	-8.13	0.0	-95.98	-3.82	1.29	1	1	1	1
20230331155641	-8.17	0.0	-95.99	-3.85	1.23	1	1	1	1
20230331155642	-8.2	0.0	-96.01	-3.89	1.2	1	1	1	1
20230331155643	-8.21	0.0	-96.01	-3.82	1.23	1	1	1	1
20230331155644	-8.21	0.0	-96.01	-3.85	1.23	1	1	1	1
20230331155645	-8.25	0.0	-96.03	-3.85	1.2	1	1	1	1
20230331155646	-8.27	0.0	-96.04	-3.85	1.2	1	1	1	1
20230331155647	-8.3	0.0	-96.05	-3.92	1.16	1	1	1	1
20230331155649	-8.32	0.0	-96.06	-3.99	1.12	1	1	1	1
20230331155650	-8.34	0.0	-96.07	-3.95	1.1	1	1	1	1
20230331155651	-8.35	0.0	-96.07	-3.92	1.1	1	1	1	1
20230331155652	-8.38	0.0	-96.09	-4.02	1.05	1	1	1	1
20230331155653	-8.41	0.0	-96.1	-4.02	1.08	1	1	1	1
20230331155654	-8.42	0.0	-96.11	-4.05	1.08	1	1	1	1
20230331155655	-8.42	0.0	-96.11	-4.05	1.03	1	1	1	1
20230331155656	-8.46	0.0	-96.12	-4.09	1.05	1	1	1	1
20230331155657	-8.49	0.0	-96.14	-4.02	1.08	1	1	1	1
20230331155658	-8.51	0.0	-96.15	-4.12	1.03	1	1	1	1
20230331155659	-8.52	0.0	-96.15	-4.15	0.97	1	1	1	1
20230331155700	-8.55	0.0	-96.16	-4.15	0.99	1	1	1	1
20230331155701	-8.58	0.0	-96.18	-4.12	1.03	1	1	1	1
20230331155702	-8.59	0.0	-96.18	-4.12	0.99	1	1	1	1
20230331155703	-8.59	0.0	-96.18	-4.19	0.95	1	1	1	1
20230331155705	-8.65	0.0	-96.21	-4.19	0.95	1	1	1	1
20230331155706	-8.65	0.0	-96.21	-4.22	0.95	1	1	1	1
20230331155707	-8.66	0.0	-96.21	-4.22	0.97	1	1	1	1
20230331155708	-8.68	0.0	-96.22	-4.29	0.92	1	1	1	1
20230331155709	-8.7	0.0	-96.23	-4.29	0.88	1	1	1	1
20230331155710	-8.73	0.0	-96.24	-4.29	0.88	1	1	1	1
20230331155711	-8.73	0.0	-96.24	-4.32	0.9	1	1	1	1
20230331155712	-8.79	0.0	-96.27	-4.32	0.88	1	1	1	1
20230331155713	-8.79	0.0	-96.27	-4.36	0.84	1	1	1	1
20230331155714	-8.82	0.0	-96.28	-4.36	0.82	1	1	1	1
20230331155715	-8.82	0.0	-96.28	-4.36	0.79	1	1	1	1
20230331155716	-8.87	0.0	-96.31	-4.36	0.86	1	1	1	1
20230331155717	-8.88	0.0	-96.31	-4.39	0.82	1	1	1	1
20230331155718	-8.91	0.0	-96.32	-4.43	0.82	1	1	1	1
20230331155719	-8.93	0.0	-96.33	-4.36	0.82	1	1	1	1
20230331155720	-8.93	0.0	-96.33	-4.39	0.79	1	1	1	1
20230331155722	-8.95	0.0	-96.34	-4.5	0.73	1	1	1	1
20230331155723	-8.96	0.0	-96.35	-4.5	0.73	1	1	1	1
20230331155724	-8.98	0.0	-96.36	-4.43	0.79	1	1	1	1
20230331155725	-8.99	0.0	-96.36	-4.5	0.71	1	1	1	1
20230331155726	-9.0	0.0	-96.37	-4.53	0.71	1	1	1	1
20230331155727	-9.06	0.0	-96.39	-4.53	0.68	1	1	1	1
20230331155728	-9.06	0.0	-96.39	-4.57	0.68	1	1	1	1
20230331155729	-9.09	0.0	-96.41	-4.53	0.71	1	1	1	1
20230331155730	-9.1	0.0	-96.41	-4.6	0.68	1	1	1	1
20230331155731	-9.13	0.0	-96.42	-4.6	0.68	1	1	1	1
20230331155732	-9.13	0.0	-96.42	-4.64	0.64	1	1	1	1
20230331155733	-9.15	0.0	-96.43	-4.57	0.68	1	1	1	1
20230331155734	-9.17	0.0	-96.44	-4.64	0.64	1	1	1	1
20230331155735	-9.17	0.0	-96.44	-4.67	0.68	1	1	1	1
20230331155736	-9.23	0.0	-96.47	-4.6	0.71	1	1	1	1
20230331155737	-9.24	0.0	-96.47	-4.67	0.59	1	1	1	1
20230331155739	-9.26	0.0	-96.48	-4.71	0.57	1	1	1	1
20230331155740	-9.26	0.0	-96.48	-4.71	0.57	1	1	1	1
20230331155741	-9.29	0.0	-96.49	-4.75	0.59	1	1	1	1
20230331155742	-9.3	0.0	-96.5	-4.67	0.59	1	1	1	1
20230331155743	-9.34	0.0	-96.52	-4.75	0.53	1	1	1	1
20230331155744	-9.34	0.0	-96.52	-4.78	0.53	1	1	1	1
20230331155745	-9.37	0.0	-96.53	-4.78	0.53	1	1	1	1
20230331155746	-9.4	0.0	-96.54	-4.78	0.48	1	1	1	1
20230331155747	-9.42	0.0	-96.55	-4.71	0.53	1	1	1	1
20230331155748	-9.42	0.0	-96.55	-4.82	0.53	1	1	1	1
20230331155749	-9.44	0.0	-96.56	-4.75	0.53	1	1	1	1
20230331155750	-9.46	0.0	-96.57	-4.85	0.48	1	1	1	1
20230331155751	-9.46	0.0	-96.57	-4.78	0.5	1	1	1	1
20230331155752	-9.5	0.0	-96.59	-4.85	0.44	1	1	1	1
20230331155753	-9.51	0.0	-96.59	-4.82	0.48	1	1	1	1
20230331155754	-9.51	0.0	-96.59	-4.89	0.44	1	1	1	1
20230331155755	-9.54	0.0	-96.61	-4.85	0.44	1	1	1	1
20230331155756	-9.57	0.0	-96.62	-4.85	0.46	1	1	1	1
20230331155757	-9.6	0.0	-96.63	-4.93	0.39	1	1	1	1
20230331155759	-9.63	0.0	-96.65	-4.96	0.39	1	1	1	1
20230331155800	-9.63	0.0	-96.65	-4.89	0.39	1	1	1	1
20230331155801	-9.64	0.0	-96.65	-4.96	0.35	1	1	1	1
20230331155802	-9.66	0.0	-96.66	-5.0	0.37	1	1	1	1
20230331155803	-9.68	0.0	-96.67	-5.0	0.35	1	1	1	1
20230331155804	-9.71	0.0	-96.68	-4.96	0.41	1	1	1	1
20230331155805	-9.75	0.0	-96.7	-4.96	0.39	1	1	1	1
20230331155806	-9.75	0.0	-96.7	-5.04	0.28	1	1	1	1
20230331155807	-9.77	0.0	-96.71	-5.07	0.3	1	1	1	1
20230331155808	-9.8	0.0	-96.72	-5.0	0.32	1	1	1	1
20230331155809	-9.8	0.0	-96.72	-5.07	0.25	1	1	1	1
20230331155810	-9.81	0.0	-96.73	-5.07	0.28	1	1	1	1
20230331155811	-9.82	0.0	-96.73	-5.0	0.35	1	1	1	1
20230331155812	-9.84	0.0	-96.74	-5.11	0.28	1	1	1	1
20230331155813	-9.87	0.0	-96.75	-5.11	0.23	1	1	1	1
20230331155814	-9.88	0.0	-96.76	-5.04	0.28	1	1	1	1
20230331155815	-9.88	0.0	-96.76	-5.07	0.28	1	1	1	1
20230331155816	-9.91	0.0	-96.77	-5.07	0.23	1	1	1	1
20230331155817	-9.93	0.0	-96.78	-5.07	0.23	1	1	1	1
20230331155819	-9.97	0.0	-96.8	-5.19	0.21	1	1	1	1
20230331155820	-10.0	0.0	-96.81	-5.19	0.28	1	1	1	1
20230331155821	-10.01	0.0	-96.82	-5.19	0.23	1	1	1	1
20230331155822	-10.01	0.0	-96.82	-5.15	0.21	1	1	0	1
20230331155823	-10.01	0.0	-96.82	-5.26	0.14	1	1	1	1
20230331155824	-10.04	0.0	-96.83	-5.15	0.19	1	1	1	1
20230331155825	-10.04	0.0	-96.83	-5.26	0.12	1	1	0	1
20230331155826	-10.08	0.0	-96.85	-5.19	0.14	1	1	0	1
20230331155827	-10.11	0.0	-96.86	-5.19	0.14	1	1	1	1
20230331155828	-10.11	0.0	-96.86	-5.19	0.14	1	1	1	1
20230331155829	-10.12	0.0	-96.87	-5.3	0.14	1	1	1	1
20230331155830	-10.14	0.0	-96.88	-5.3	0.14	1	1	1	1
20230331155831	-10.17	0.0	-96.89	-5.22	0.14	1	1	1	1
20230331155832	-10.17	0.0	-96.89	-5.3	0.12	1	1	1	1
20230331155833	-10.18	0.0	-96.89	-5.26	0.14	1	1	1	1
20230331155834	-10.22	0.0	-96.91	-5.34	0.05	1	1	1	1
20230331155835	-10.25	0.0	-96.92	-5.26	0.09	1	1	1	1
20230331155836	-10.26	0.0	-96.93	-5.3	0.14	1	1	0	1
20230331155838	-10.29	0.0	-96.94	-5.37	0.05	1	1	1	1
20230331155839	-10.29	0.0	-96.94	-5.34	0.07	1	1	1	1
20230331155840	-10.31	0.0	-96.95	-5.34	0.05	1	1	1	1
20230331155841	-10.32	0.0	-96.96	-5.41	0.02	1	1	1	1
20230331155842	-10.34	0.0	-96.97	-5.34	0.05	1	1	1	1
20230331155843	-10.36	0.0	-96.97	-5.34	0.02	1	1	1	1
20230331155844	-10.38	0.0	-96.98	-5.45	-0.0	1	1	1	1
20230331155845	-10.39	0.0	-96.99	-5.45	-0.0	1	1	1	1
20230331155846	-10.42	0.0	-97.0	-5.45	-0.0	1	1	1	1
20230331155847	-10.44	0.0	-97.01	-5.49	-0.0	1	1	1	1
20230331155848	-10.44	0.0	-97.01	-5.49	-0.0	1	1	1	1
20230331155849	-10.46	0.0	-97.02	-5.53	-0.0	1	1	1	1
20230331155850	-10.48	0.0	-97.03	-5.49	-0.05	1	1	1	1
20230331155851	-10.49	0.0	-97.03	-5.53	-0.07	1	1	1	1
20230331155852	-10.5	0.0	-97.04	-5.45	-0.0	1	1	1	1
20230331155853	-10.5	0.0	-97.04	-5.57	-0.09	1	1	1	1
20230331155854	-10.55	0.0	-97.06	-5.45	-0.09	1	1	1	1
20230331155855	-10.58	0.0	-97.07	-5.49	-0.07	1	1	1	1
20230331155857	-10.56	0.0	-97.06	-5.57	-0.09	1	1	1	1
20230331155858	-10.59	0.0	-97.08	-5.57	-0.05	1	1	1	1
20230331155859	-10.62	0.0	-97.09	-5.57	-0.17	1	1	1	1
20230331155900	-10.63	0.0	-97.1	-5.57	-0.17	1	1	1	1
20230331155901	-10.65	0.0	-97.1	-5.49	-0.09	1	1	1	1
20230331155902	-10.68	0.0	-97.12	-5.61	-0.17	1	1	1	1
20230331155903	-10.68	0.0	-97.12	-5.61	-0.17	1	1	1	1
20230331155904	-10.69	0.0	-97.12	-5.57	-0.12	1	1	1	1
20230331155905	-10.7	0.0	-97.13	-5.53	-0.07	1	1	1	1
20230331155906	-10.72	0.0	-97.14	-5.64	-0.14	1	1	1	1
20230331155907	-10.76	0.0	-97.15	-5.61	-0.14	1	1	1	1
20230331155908	-10.73	0.0	-97.14	-5.64	-0.19	1	1	1	1
20230331155909	-10.79	0.0	-97.17	-5.61	-0.17	1	1	1	1
20230331155910	-10.8	0.0	-97.17	-5.64	-0.17	1	1	1	1
20230331155911	-10.83	0.0	-97.19	-5.72	-0.21	1	1	1	1
20230331155912	-10.84	0.0	-97.19	-5.64	-0.19	1	1	1	1
20230331155913	-10.84	0.0	-97.19	-5.64	-0.17	1	1	1	1
20230331155914	-10.87	0.0	-97.2	-5.64	-0.17	1	1	1	1
20230331155916	-10.9	0.0	-97.22	-5.72	-0.17	1	1	1	1
20230331155917	-10.9	0.0	-97.22	-5.72	-0.24	1	1	1	1
20230331155918	-10.93	0.0	-97.23	-5.72	-0.26	1	1	1	1
20230331155919	-10.93	0.0	-97.23	-5.68	-0.21	1	1	1	1
20230331155920	-10.93	0.0	-97.23	-5.68	-0.24	1	1	1	1
20230331155921	-10.96	0.0	-97.24	-5.68	-0.26	1	1	1	1
20230331155922	-10.97	0.0	-97.25	-5.8	-0.29	1	1	1	1
20230331155923	-11.0	0.0	-97.26	-5.8	-0.29	1	1	1	1
20230331155924	-11.02	0.0	-97.27	-5.72	-0.29	1	1	1	1
20230331155925	-11.04	0.0	-97.28	-5.72	-0.24	1	1	1	1
20230331155926	-11.03	0.0	-97.27	-5.8	-0.29	1	1	1	1
20230331155927	-11.04	0.0	-97.28	-5.84	-0.29	1	1	1	1
20230331155928	-11.06	0.0	-97.29	-5.88	-0.29	1	1	1	1
20230331155929	-11.1	0.0	-97.31	-5.84	-0.31	1	1	1	1
20230331155931	-11.12	0.0	-97.32	-5.8	-0.33	1	1	1	1
20230331155932	-11.13	0.0	-97.32	-5.8	-0.36	1	1	1	1
20230331155933	-11.16	0.0	-97.33	-5.88	-0.33	1	1	1	1
20230331155934	-11.13	0.0	-97.32	-5.88	-0.38	1	1	1	1
20230331155935	-11.16	0.0	-97.33	-5.84	-0.33	1	1	1	1
20230331155936	-11.2	0.0	-97.35	-5.8	-0.36	1	1	1	1
20230331155937	-11.19	0.0	-97.35	-5.92	-0.45	1	1	1	1
20230331155938	-11.26	0.0	-97.38	-5.8	-0.41	1	1	1	1
20230331155939	-11.24	0.0	-97.37	-5.84	-0.36	1	1	1	1
20230331155940	-11.26	0.0	-97.38	-5.92	-0.36	1	1	1	1
20230331155941	-11.28	0.0	-97.39	-5.96	-0.38	1	1	1	1
20230331155942	-11.28	0.0	-97.39	-5.88	-0.36	1	1	1	1
20230331155943	-11.33	0.0	-97.41	-5.96	-0.43	1	1	1	1
20230331155944	-11.33	0.0	-97.41	-5.92	-0.36	1	1	1	1
20230331155946	-11.33	0.0	-97.41	-5.92	-0.36	1	1	1	1
20230331155947	-11.37	0.0	-97.43	-6.04	-0.43	1	1	1	1
20230331155948	-11.36	0.0	-97.42	-5.92	-0.45	1	1	1	1
20230331155949	-11.34	0.0	-97.41	-6.04	-0.5	1	1	1	1
20230331155950	-11.38	0.0	-97.43	-6.04	-0.5	1	1	1	1
20230331155951	-11.41	0.0	-97.45	-5.96	-0.45	1	1	1	1
20230331155952	-11.43	0.0	-97.45	-6.04	-0.53	1	1	1	1
20230331155953	-11.46	0.0	-97.47	-6.04	-0.45	1	1	1	1
20230331155954	-11.47	0.0	-97.47	-6.08	-0.5	1	1	1	1
20230331155955	-11.5	0.0	-97.49	-5.96	-0.48	1	1	1	1
20230331155956	-11.5	0.0	-97.49	-5.96	-0.53	1	1	1	1
20230331155957	-11.52	0.0	-97.5	-6.08	-0.55	1	1	1	1
20230331155958	-11.51	0.0	-97.49	-6.08	-0.53	1	1	1	1
20230331155959	-11.52	0.0	-97.5	-6.0	-0.5	1	1	1	1
20230331160000	-11.57	0.0	-97.52	-6.04	-0.53	1	1	1	1
20230331160002	-11.6	0.0	-97.53	-6.0	-0.45	1	1	1	1
20230331160003	-11.58	0.0	-97.52	-6.13	-0.55	1	1	1	1
20230331160004	-11.6	0.0	-97.53	-6.13	-0.58	1	1	1	1
20230331160005	-11.61	0.0	-97.54	-6.08	-0.53	1	1	1	1
20230331160006	-11.61	0.0	-97.54	-6.13	-0.55	1	1	1	1
20230331160007	-11.67	0.0	-97.56	-6.08	-0.5	1	1	1	1
20230331160008	-11.67	0.0	-97.56	-6.17	-0.58	1	1	1	1
20230331160009	-11.68	0.0	-97.57	-6.08	-0.6	1	1	1	1
20230331160010	-11.71	0.0	-97.58	-6.17	-0.6	1	1	1	1
20230331160011	-11.7	0.0	-97.58	-6.13	-0.58	1	1	1	1
20230331160012	-11.71	0.0	-97.58	-6.21	-0.6	1	1	1	1
20230331160013	-11.75	0.0	-97.6	-6.17	-0.63	1	1	1	1
20230331160014	-11.75	0.0	-97.6	-6.21	-0.65	1	1	1	1
20230331160015	-11.77	0.0	-97.61	-6.17	-0.6	1	1	1	1
20230331160016	-11.78	0.0	-97.61	-6.25	-0.68	1	1	1	1
20230331160018	-11.79	0.0	-97.62	-6.17	-0.63	1	1	1	1
20230331160019	-11.81	0.0	-97.63	-6.17	-0.63	1	1	1	1
20230331160020	-11.82	0.0	-97.63	-6.17	-0.65	1	1	1	1
20230331160021	-11.85	0.0	-97.64	-6.17	-0.65	1	1	1	1
20230331160022	-11.86	0.0	-97.65	-6.25	-0.65	1	1	1	1
20230331160023	-11.88	0.0	-97.66	-6.21	-0.65	1	1	1	1
20230331160024	-11.92	0.0	-97.68	-6.29	-0.68	1	1	1	1
20230331160025	-11.89	0.0	-97.66	-6.21	-0.7	1	1	1	1
20230331160026	-11.92	0.0	-97.68	-6.25	-0.65	1	1	1	1
20230331160027	-11.93	0.0	-97.68	-6.21	-0.65	1	1	1	1
20230331160028	-11.96	0.0	-97.69	-6.29	-0.7	1	1	1	1
20230331160029	-11.95	0.0	-97.69	-6.29	-0.72	1	1	1	1
20230331160030	-11.96	0.0	-97.69	-6.33	-0.7	1	1	1	1
20230331160031	-11.98	0.0	-97.7	-6.38	-0.7	1	1	1	1
20230331160032	-12.01	0.0	-97.72	-6.38	-0.7	1	1	1	1
20230331160033	-12.01	0.0	-97.72	-6.38	-0.77	1	1	1	1
20230331160034	-12.02	0.0	-97.72	-6.29	-0.7	1	1	1	1
20230331160035	-12.02	0.0	-97.72	-6.29	-0.65	1	1	1	1
20230331160036	-12.05	0.0	-97.73	-6.38	-0.8	1	1	1	1
20230331160037	-12.08	0.0	-97.75	-6.33	-0.75	1	1	1	1
20230331160039	-12.06	0.0	-97.74	-6.29	-0.75	1	1	1	1
20230331160040	-12.11	0.0	-97.76	-6.42	-0.8	1	1	1	1
20230331160041	-12.12	0.0	-97.77	-6.42	-0.8	1	1	1	1
20230331160042	-12.15	0.0	-97.78	-6.42	-0.8	1	1	1	1
20230331160043	-12.14	0.0	-97.77	-6.42	-0.82	1	1	1	1
20230331160044	-12.16	0.0	-97.78	-6.33	-0.85	1	1	1	1
20230331160045	-12.16	0.0	-97.78	-6.33	-0.82	1	1	1	1
20230331160046	-12.18	0.0	-97.79	-6.42	-0.82	1	1	1	1
20230331160047	-12.19	0.0	-97.8	-6.33	-0.77	1	1	1	1
20230331160048	-12.22	0.0	-97.81	-6.42	-0.82	1	1	1	1
20230331160049	-12.22	0.0	-97.81	-6.42	-0.85	1	1	1	1
20230331160050	-12.26	0.0	-97.83	-6.46	-0.85	1	1	1	1
20230331160051	-12.26	0.0	-97.83	-6.38	-0.77	1	1	1	1
20230331160052	-12.28	0.0	-97.84	-6.38	-0.82	1	1	1	1
20230331160053	-12.29	0.0	-97.84	-6.38	-0.87	1	1	1	1
20230331160054	-12.3	0.0	-97.85	-6.5	-0.85	1	1	1	1
20230331160055	-12.3	0.0	-97.85	-6.42	-0.85	1	1	1	1
20230331160056	-12.33	0.0	-97.86	-6.42	-0.85	1	1	1	1
20230331160057	-12.33	0.0	-97.86	-6.54	-0.85	1	1	1	1
20230331160059	-12.36	0.0	-97.87	-6.54	-0.9	1	1	1	1
20230331160100	-12.38	0.0	-97.88	-6.46	-0.87	1	1	1	1
20230331160101	-12.38	0.0	-97.88	-6.5	-0.9	1	1	1	1
20230331160102	-12.4	0.0	-97.89	-6.54	-0.9	1	1	1	1
20230331160103	-12.38	0.0	-97.88	-6.59	-0.93	1	1	1	1
20230331160104	-12.43	0.0	-97.9	-6.59	-0.9	1	1	1	1
20230331160105	-12.43	0.0	-97.9	-6.59	-0.93	1	1	1	1
20230331160106	-12.43	0.0	-97.9	-6.5	-0.87	1	1	1	1
20230331160107	-12.46	0.0	-97.92	-6.5	-0.93	1	1	1	1
20230331160108	-12.46	0.0	-97.92	-6.5	-0.9	1	1	1	1
20230331160109	-12.5	0.0	-97.94	-6.59	-0.93	1	1	1	1
20230331160110	-12.49	0.0	-97.93	-6.59	-0.93	1	1	1	1
20230331160111	-12.52	0.0	-97.95	-6.59	-0.93	1	1	1	1
20230331160112	-12.53	0.0	-97.95	-6.59	-0.95	1	1	1	1
20230331160113	-12.56	0.0	-97.96	-6.63	-0.93	1	1	1	1
20230331160114	-12.57	0.0	-97.97	-6.54	-0.95	1	1	1	1
20230331160115	-12.57	0.0	-97.97	-6.54	-0.98	1	1	1	1
20230331160116	-12.59	0.0	-97.98	-6.54	-0.95	1	1	1	1
20230331160117	-12.61	0.0	-97.99	-6.63	-1.03	1	1	1	1
20230331160119	-12.63	0.0	-98.0	-6.67	-0.98	1	1	1	1
20230331160120	-12.63	0.0	-98.0	-6.59	-0.98	1	1	1	1
20230331160121	-12.64	0.0	-98.0	-6.54	-1.03	1	1	1	1
20230331160122	-12.67	0.0	-98.01	-6.72	-1.03	1	1	1	1
20230331160123	-12.67	0.0	-98.01	-6.67	-1.05	1	1	1	1
20230331160124	-12.69	0.0	-98.02	-6.63	-0.98	1	1	1	1
20230331160125	-12.69	0.0	-98.02	-6.63	-1.0	1	1	1	1
20230331160126	-12.7	0.0	-98.03	-6.63	-0.98	1	1	1	1
20230331160127	-12.73	0.0	-98.04	-6.67	-1.03	1	1	1	1
20230331160128	-12.74	0.0	-98.04	-6.67	-1.0	1	1	1	1
20230331160129	-12.73	0.0	-98.04	-6.67	-1.0	1	1	1	1
20230331160130	-12.74	0.0	-98.04	-6.76	-1.0	1	1	1	1
20230331160131	-12.77	0.0	-98.06	-6.76	-1.1	1	1	1	1
20230331160132	-12.8	0.0	-98.07	-6.76	-1.08	1	1	1	1
20230331160133	-12.79	0.0	-98.07	-6.76	-1.1	1	1	1	1
20230331160134	-12.8	0.0	-98.07	-6.76	-1.1	1	1	1	1
20230331160135	-12.83	0.0	-98.09	-6.67	-1.03	1	1	1	1
20230331160136	-12.84	0.0	-98.09	-6.76	-1.1	1	1	1	1
20230331160138	-12.84	0.0	-98.09	-6.76	-1.13	1	1	1	1
20230331160139	-12.87	0.0	-98.1	-6.67	-1.05	1	1	1	1
20230331160140	-12.87	0.0	-98.1	-6.72	-1.08	1	1	1	1
20230331160141	-12.9	0.0	-98.12	-6.81	-1.1	1	1	1	1
20230331160142	-12.9	0.0	-98.12	-6.81	-1.08	1	1	1	1
20230331160143	-12.91	0.0	-98.12	-6.81	-1.1	1	1	1	1
20230331160144	-12.93	0.0	-98.13	-6.72	-1.05	1	1	1	1
20230331160145	-12.93	0.0	-98.13	-6.85	-1.13	1	1	1	1
20230331160146	-12.94	0.0	-98.14	-6.81	-1.1	1	1	1	1
20230331160147	-12.95	0.0	-98.14	-6.85	-1.16	1	1	1	1
20230331160148	-12.98	0.0	-98.15	-6.81	-1.1	1	1	1	1
20230331160149	-12.95	0.0	-98.14	-6.85	-1.13	1	1	1	1
20230331160150	-13.03	0.0	-98.18	-6.76	-1.1	1	1	1	1
20230331160151	-13.03	0.0	-98.18	-6.89	-1.16	1	1	1	1
20230331160152	-13.03	0.0	-98.18	-6.89	-1.21	1	1	1	1
20230331160153	-13.04	0.0	-98.18	-6.89	-1.23	1	1	1	1
20230331160154	-13.07	0.0	-98.19	-6.89	-1.18	1	1	1	1
20230331160155	-13.09	0.0	-98.2	-6.89	-1.23	1	1	1	1
20230331160157	-13.07	0.0	-98.19	-6.89	-1.18	1	1	1	1
20230331160158	-13.08	0.0	-98.2	-6.85	-1.18	1	1	1	1
20230331160159	-13.09	0.0	-98.2	-6.85	-1.18	1	1	1	1
20230331160200	-13.12	0.0	-98.22	-6.94	-1.23	1	1	1	1
20230331160201	-13.14	0.0	-98.23	-6.85	-1.18	1	1	1	1
20230331160202	-13.15	0.0	-98.23	-6.94	-1.21	1	1	1	1
20230331160203	-13.15	0.0	-98.23	-6.98	-1.21	1	1	1	1
20230331160204	-13.17	0.0	-98.24	-6.94	-1.23	1	1	1	1
20230331160205	-13.18	0.0	-98.24	-6.98	-1.23	1	1	1	1
20230331160206	-13.17	0.0	-98.24	-6.98	-1.23	1	1	1	1
20230331160207	-13.21	0.0	-98.26	-6.98	-1.18	1	1	1	1
20230331160208	-13.22	0.0	-98.26	-6.89	-1.23	1	1	1	1
20230331160209	-13.24	0.0	-98.27	-6.98	-1.29	1	1	1	1
20230331160210	-13.27	0.0	-98.28	-6.98	-1.29	1	1	1	1
20230331160211	-13.29	0.0	-98.29	-6.98	-1.26	1	1	1	1
20230331160212	-13.28	0.0	-98.29	-6.98	-1.34	1	1	1	1
20230331160213	-13.27	0.0	-98.28	-6.98	-1.31	1	1	1	1
20230331160214	-13.28	0.0	-98.29	-6.89	-1.29	1	1	1	1
20230331160215	-13.29	0.0	-98.29	-6.98	-1.34	1	1	1	1
20230331160217	-13.31	0.0	-98.3	-6.89	-1.29	1	1	1	1
20230331160218	-13.31	0.0	-98.3	-6.94	-1.26	1	1	1	1
20230331160219	-13.32	0.0	-98.31	-6.98	-1.26	1	1	1	1
20230331160220	-13.35	0.0	-98.32	-6.98	-1.29	1	1	1	1
20230331160221	-13.37	0.0	-98.33	-7.07	-1.34	1	1	1	1
20230331160222	-13.38	0.0	-98.33	-7.07	-1.34	1	1	1	1
20230331160223	-13.39	0.0	-98.34	-7.03	-1.34	1	1	1	1
20230331160224	-13.39	0.0	-98.34	-7.07	-1.36	1	1	1	1
20230331160225	-13.41	0.0	-98.35	-7.07	-1.39	1	1	1	1
20230331160226	-13.42	0.0	-98.35	-7.12	-1.36	1	1	1	1
20230331160227	-13.44	0.0	-98.36	-7.12	-1.31	1	1	1	1
20230331160228	-13.45	0.0	-98.37	-7.12	-1.34	1	1	1	1
20230331160229	-13.47	0.0	-98.37	-7.03	-1.31	1	1	1	1
20230331160230	-13.47	0.0	-98.37	-7.16	-1.39	1	1	1	1
20230331160231	-13.47	0.0	-98.37	-7.16	-1.42	1	1	1	1
20230331160232	-13.49	0.0	-98.38	-7.12	-1.44	1	1	1	1
20230331160233	-13.51	0.0	-98.39	-7.03	-1.34	1	1	1	1
20230331160235	-13.52	0.0	-98.4	-7.16	-1.44	1	1	1	1
20230331160236	-13.52	0.0	-98.4	-7.07	-1.39	1	1	1	1
20230331160237	-13.52	0.0	-98.4	-7.03	-1.36	1	1	1	1
20230331160238	-13.54	0.0	-98.41	-7.16	-1.44	1	1	1	1
20230331160239	-13.56	0.0	-98.42	-7.16	-1.44	1	1	1	1
20230331160240	-13.58	0.0	-98.42	-7.16	-1.44	1	1	1	1
20230331160241	-13.58	0.0	-98.42	-7.16	-1.5	1	1	1	1
20230331160242	-13.61	0.0	-98.44	-7.16	-1.5	1	1	1	1
20230331160243	-13.61	0.0	-98.44	-7.07	-1.42	1	1	1	1
20230331160244	-13.62	0.0	-98.44	-7.12	-1.44	1	1	1	1
20230331160245	-13.63	0.0	-98.45	-7.12	-1.42	1	1	1	1
20230331160246	-13.66	0.0	-98.46	-7.21	-1.42	1	1	1	1
20230331160247	-13.66	0.0	-98.46	-7.21	-1.42	1	1	1	1
20230331160248	-13.66	0.0	-98.46	-7.21	-1.44	1	1	1	1
20230331160250	-13.68	0.0	-98.47	-7.12	-1.42	1	1	1	1
20230331160251	-13.69	0.0	-98.47	-7.21	-1.42	1	1	1	1
20230331160252	-13.72	0.0	-98.49	-7.12	-1.44	1	1	1	1
20230331160253	-13.71	0.0	-98.48	-7.16	-1.44	1	1	1	1
20230331160254	-13.73	0.0	-98.49	-7.26	-1.52	1	1	1	1
20230331160255	-13.72	0.0	-98.49	-7.26	-1.52	1	1	1	1
20230331160256	-13.76	0.0	-98.51	-7.16	-1.5	1	1	1	1
20230331160257	-13.78	0.0	-98.51	-7.26	-1.5	1	1	1	1
20230331160258	-13.76	0.0	-98.51	-7.3	-1.52	1	1	1	1
20230331160259	-13.78	0.0	-98.51	-7.21	-1.52	1	1	1	1
20230331160300	-13.81	0.0	-98.53	-7.21	-1.52	1	1	1	1
20230331160301	-13.81	0.0	-98.53	-7.3	-1.55	1	1	1	1
20230331160302	-13.83	0.0	-98.54	-7.3	-1.58	1	1	1	1
20230331160303	-13.83	0.0	-98.54	-7.35	-1.52	1	1	1	1
20230331160304	-13.85	0.0	-98.55	-7.3	-1.58	1	1	1	1
20230331160305	-13.86	0.0	-98.55	-7.35	-1.55	1	1	1	1
20230331160306	-13.87	0.0	-98.56	-7.35	-1.5	1	1	1	1
20230331160307	-13.86	0.0	-98.55	-7.35	-1.52	1	1	1	1
20230331160308	-13.87	0.0	-98.56	-7.35	-1.58	1	1	1	1
20230331160310	-13.86	0.0	-98.55	-7.35	-1.58	1	1	1	1
20230331160311	-13.92	0.0	-98.58	-7.26	-1.52	1	1	1	1
20230331160312	-13.93	0.0	-98.58	-7.26	-1.52	1	1	1	1
20230331160313	-13.95	0.0	-98.59	-7.35	-1.58	1	1	1	1
20230331160314	-13.96	0.0	-98.6	-7.35	-1.58	1	1	1	1
20230331160315	-13.96	0.0	-98.6	-7.3	-1.58	1	1	1	1
20230331160316	-13.97	0.0	-98.6	-7.4	-1.63	1	1	1	1
20230331160317	-13.99	0.0	-98.61	-7.35	-1.63	1	1	1	1
20230331160318	-13.99	0.0	-98.61	-7.4	-1.6	1	1	1	1
20230331160319	-14.0	0.0	-98.61	-7.4	-1.66	1	1	1	1
20230331160320	-14.02	0.0	-98.62	-7.3	-1.63	1	1	1	1
20230331160321	-14.0	0.0	-98.61	-7.4	-1.66	1	1	1	1
20230331160322	-14.0	0.0	-98.61	-7.4	-1.63	1	1	1	1
20230331160323	-14.03	0.0	-98.63	-7.3	-1.58	1	1	1	1
20230331160324	-14.06	0.0	-98.64	-7.44	-1.63	1	1	1	1
20230331160325	-14.06	0.0	-98.64	-7.4	-1.6	1	1	1	1
20230331160327	-14.1	0.0	-98.66	-7.35	-1.63	1	1	1	1
20230331160328	-14.11	0.0	-98.66	-7.35	-1.6	1	1	1	1
20230331160329	-14.09	0.0	-98.66	-7.4	-1.63	1	1	1	1
20230331160330	-14.13	0.0	-98.67	-7.35	-1.63	1	1	1	1
20230331160331	-14.11	0.0	-98.66	-7.4	-1.68	1	1	1	1
20230331160332	-14.14	0.0	-98.68	-7.54	-1.68	1	1	1	1
20230331160333	-14.14	0.0	-98.68	-7.44	-1.6	1	1	1	1
20230331160334	-14.14	0.0	-98.68	-7.4	-1.63	1	1	1	1
20230331160335	-14.16	0.0	-98.69	-7.54	-1.63	1	1	1	1
20230331160336	-14.19	0.0	-98.7	-7.4	-1.63	1	1	1	1
20230331160337	-14.19	0.0	-98.7	-7.54	-1.68	1	1	1	1
20230331160338	-14.21	0.0	-98.71	-7.4	-1.63	1	1	1	1
20230331160339	-14.2	0.0	-98.7	-7.44	-1.71	1	1	1	1
20230331160340	-14.23	0.0	-98.72	-7.54	-1.68	1	1	1	1
20230331160341	-14.23	0.0	-98.72	-7.44	-1.71	1	1	1	1
20230331160342	-14.23	0.0	-98.72	-7.44	-1.79	1	1	1	1
20230331160343	-14.24	0.0	-98.72	-7.44	-1.71	1	1	1	1
20230331160344	-14.29	0.0	-98.75	-7.54	-1.71	1	1	1	1
20230331160346	-14.27	0.0	-98.74	-7.44	-1.66	1	1	1	1
20230331160347	-14.3	0.0	-98.75	-7.54	-1.76	1	1	1	1
20230331160348	-14.3	0.0	-98.75	-7.44	-1.71	1	1	1	1
20230331160349	-14.33	0.0	-98.76	-7.44	-1.76	1	1	1	1
20230331160350	-14.33	0.0	-98.76	-7.54	-1.79	1	1	1	1
20230331160351	-14.31	0.0	-98.75	-7.54	-1.71	1	1	1	1
20230331160352	-14.36	0.0	-98.78	-7.49	-1.71	1	1	1	1
20230331160353	-14.36	0.0	-98.78	-7.58	-1.79	1	1	1	1
20230331160354	-14.37	0.0	-98.78	-7.49	-1.74	1	1	1	1
20230331160355	-14.37	0.0	-98.78	-7.58	-1.82	1	1	1	1
20230331160356	-14.36	0.0	-98.78	-7.49	-1.76	1	1	1	1
20230331160357	-14.4	0.0	-98.8	-7.54	-1.74	1	1	1	1
20230331160358	-14.41	0.0	-98.8	-7.54	-1.74	1	1	1	1
20230331160359	-14.4	0.0	-98.8	-7.54	-1.74	1	1	1	1
20230331160400	-14.41	0.0	-98.8	-7.54	-1.79	1	1	1	1
20230331160401	-14.47	0.0	-98.83	-7.63	-1.82	1	1	1	1
20230331160402	-14.45	0.0	-98.82	-7.54	-1.82	1	1	1	1
20230331160403	-14.47	0.0	-98.83	-7.54	-1.76	1	1	1	1
20230331160405	-14.45	0.0	-98.82	-7.58	-1.76	1	1	1	1
20230331160406	-14.47	0.0	-98.83	-7.58	-1.85	1	1	1	1
20230331160407	-14.48	0.0	-98.83	-7.68	-1.79	1	1	1	1
20230331160408	-14.51	0.0	-98.85	-7.54	-1.74	1	1	1	1
20230331160409	-14.53	0.0	-98.85	-7.68	-1.85	1	1	1	1
20230331160410	-14.53	0.0	-98.85	-7.58	-1.76	1	1	1	1
20230331160411	-14.53	0.0	-98.85	-7.58	-1.82	1	1	1	1
20230331160412	-14.55	0.0	-98.86	-7.63	-1.79	1	1	1	1
20230331160413	-14.53	0.0	-98.85	-7.68	-1.87	1	1	1	1
20230331160414	-14.55	0.0	-98.86	-7.58	-1.82	1	1	1	1
20230331160415	-14.57	0.0	-98.87	-7.63	-1.85	1	1	1	1
20230331160416	-14.58	0.0	-98.88	-7.63	-1.85	1	1	1	1
20230331160417	-14.6	0.0	-98.89	-7.73	-1.87	1	1	1	1
20230331160418	-14.61	0.0	-98.89	-7.63	-1.82	1	1	1	1
20230331160419	-14.64	0.0	-98.9	-7.63	-1.85	1	1	1	1
20230331160420	-14.63	0.0	-98.9	-7.73	-1.9	1	1	1	1
20230331160421	-14.65	0.0	-98.91	-7.63	-1.9	1	1	1	1
20230331160422	-14.65	0.0	-98.91	-7.63	-1.85	1	1	1	1
20230331160424	-14.67	0.0	-98.92	-7.63	-1.87	1	1	1	1
20230331160425	-14.67	0.0	-98.92	-7.73	-1.9	1	1	1	1
20230331160426	-14.7	0.0	-98.93	-7.63	-1.87	1	1	1	1
20230331160427	-14.71	0.0	-98.94	-7.63	-1.9	1	1	1	1
20230331160428	-14.73	0.0	-98.95	-7.68	-1.85	1	1	1	1
20230331160429	-14.73	0.0	-98.95	-7.68	-1.9	1	1	1	1
20230331160430	-14.74	0.0	-98.95	-7.68	-1.85	1	1	1	1
20230331160431	-14.75	0.0	-98.95	-7.78	-1.96	1	1	1	1
20230331160432	-14.77	0.0	-98.96	-7.68	-1.87	1	1	1	1
20230331160433	-14.77	0.0	-98.96	-7.78	-1.9	1	1	1	1
20230331160434	-14.81	0.0	-98.98	-7.78	-1.9	1	1	1	1
20230331160435	-14.8	0.0	-98.98	-7.68	-1.87	1	1	1	1
20230331160436	-14.8	0.0	-98.98	-7.83	-1.9	1	1	1	1
20230331160437	-14.81	0.0	-98.98	-7.73	-1.96	1	1	1	1
20230331160438	-14.81	0.0	-98.98	-7.78	-1.98	1	1	1	1
20230331160439	-14.84	0.0	-98.99	-7.73	-1.96	1	1	1	1
20230331160440	-14.84	0.0	-98.99	-7.73	-1.9	1	1	1	1
20230331160442	-14.85	0.0	-99.0	-7.73	-1.96	1	1	1	1
20230331160443	-14.85	0.0	-99.0	-7.73	-1.93	1	1	1	1
20230331160444	-14.85	0.0	-99.0	-7.83	-2.01	1	1	1	1
20230331160445	-14.89	0.0	-99.02	-7.83	-1.96	1	1	1	1
20230331160446	-14.88	0.0	-99.01	-7.78	-1.96	1	1	1	1
20230331160447	-14.89	0.0	-99.02	-7.78	-1.96	1	1	1	1
20230331160448	-14.91	0.0	-99.03	-7.87	-1.96	1	1	1	1
20230331160449	-14.94	0.0	-99.04	-7.78	-1.96	1	1	1	1
20230331160450	-14.91	0.0	-99.03	-7.83	-1.96	1	1	1	1
20230331160451	-14.95	0.0	-99.04	-7.78	-1.93	1	1	1	1
20230331160452	-14.95	0.0	-99.04	-7.83	-2.01	1	1	1	1
20230331160453	-14.97	0.0	-99.05	-7.92	-2.04	1	1	1	1
20230331160454	-14.97	0.0	-99.05	-7.78	-1.96	1	1	1	1
20230331160455	-14.99	0.0	-99.06	-7.83	-2.01	1	1	1	1
20230331160457	-15.01	0.0	-99.07	-7.83	-1.96	1	1	1	1
20230331160458	-15.02	0.0	-99.08	-7.78	-1.96	1	1	1	1
20230331160459	-15.02	0.0	-99.08	-7.83	-1.96	1	1	1	1
20230331160500	-15.02	0.0	-99.08	-7.83	-1.96	1	1	1	1
20230331160501	-15.05	0.0	-99.09	-7.83	-1.9	1	1	1	1
20230331160502	-15.05	0.0	-99.09	-7.83	-2.04	1	1	1	1
20230331160503	-15.05	0.0	-99.09	-7.97	-2.01	1	1	1	1
20230331160504	-15.07	0.0	-99.1	-7.83	-1.98	1	1	1	1
20230331160505	-15.11	0.0	-99.12	-7.83	-2.01	1	1	1	1
20230331160506	-15.11	0.0	-99.12	-7.97	-2.07	1	1	1	1
20230331160507	-15.09	0.0	-99.11	-7.83	-2.07	1	1	1	1
20230331160508	-15.12	0.0	-99.12	-7.97	-2.07	1	1	1	1
20230331160509	-15.14	0.0	-99.13	-7.97	-2.1	1	1	1	1
20230331160510	-15.16	0.0	-99.14	-7.97	-2.04	1	1	1	1
20230331160511	-15.16	0.0	-99.14	-7.87	-2.04	1	1	1	1
20230331160512	-15.16	0.0	-99.14	-7.87	-2.04	1	1	1	1
20230331160513	-15.16	0.0	-99.14	-7.87	-2.04	1	1	1	1
20230331160514	-15.16	0.0	-99.14	-7.97	-2.12	1	1	1	1
20230331160516	-15.19	0.0	-99.15	-7.97	-2.1	1	1	1	1
20230331160517	-15.22	0.0	-99.17	-7.87	-2.12	1	1	1	1
20230331160518	-15.21	0.0	-99.16	-7.92	-2.07	1	1	1	1
20230331160519	-15.19	0.0	-99.15	-7.92	-2.1	1	1	1	1
20230331160520	-15.28	0.0	-99.19	-8.02	-2.12	1	1	1	1
20230331160521	-15.26	0.0	-99.19	-7.92	-2.1	1	1	1	1
20230331160522	-15.26	0.0	-99.19	-8.02	-2.15	1	1	1	1
20230331160523	-15.25	0.0	-99.18	-7.92	-2.1	1	1	1	1
20230331160524	-15.29	0.0	-99.2	-7.97	-2.1	1	1	1	1
20230331160525	-15.29	0.0	-99.2	-8.02	-2.18	1	1	1	1
20230331160526	-15.32	0.0	-99.21	-7.97	-2.12	1	1	1	1
20230331160527	-15.29	0.0	-99.2	-7.97	-2.1	1	1	1	1
20230331160528	-15.31	0.0	-99.21	-8.12	-2.18	1	1	1	1
20230331160529	-15.32	0.0	-99.21	-8.07	-2.18	1	1	1	1
20230331160530	-15.33	0.0	-99.22	-7.97	-2.12	1	1	1	1
20230331160531	-15.33	0.0	-99.22	-8.02	-2.1	1	1	1	1
20230331160532	-15.36	0.0	-99.23	-7.97	-2.18	1	1	1	1
20230331160533	-15.35	0.0	-99.23	-8.02	-2.15	1	1	1	1
20230331160534	-15.39	0.0	-99.24	-7.97	-2.12	1	1	1	1
20230331160536	-15.38	0.0	-99.24	-8.02	-2.15	1	1	1	1
20230331160537	-15.36	0.0	-99.23	-8.02	-2.15	1	1	0	1
20230331160538	-15.4	0.0	-99.25	-8.02	-2.18	1	1	1	1
20230331160539	-15.43	0.0	-99.26	-8.02	-2.12	1	1	1	1
20230331160540	-15.44	0.0	-99.27	-8.02	-2.15	1	1	1	1
20230331160541	-15.43	0.0	-99.26	-8.02	-2.15	1	1	1	1
20230331160542	-15.43	0.0	-99.26	-8.12	-2.21	1	1	1	1
20230331160543	-15.46	0.0	-99.28	-8.12	-2.18	1	1	1	1
20230331160544	-15.46	0.0	-99.28	-8.02	-2.21	1	1	1	1
20230331160545	-15.47	0.0	-99.28	-8.02	-2.18	1	1	1	1
20230331160546	-15.49	0.0	-99.29	-8.02	-2.21	1	1	1	1
20230331160547	-15.5	0.0	-99.29	-8.17	-2.27	1	1	1	1
20230331160548	-15.49	0.0	-99.29	-8.17	-2.21	1	1	1	1
20230331160549	-15.52	0.0	-99.3	-8.02	-2.15	1	1	1	1
20230331160550	-15.52	0.0	-99.3	-8.02	-2.18	1	1	1	1
20230331160551	-15.55	0.0	-99.32	-8.02	-2.27	1	1	1	1
20230331160552	-15.53	0.0	-99.31	-8.17	-2.27	1	1	1	1
20230331160553	-15.55	0.0	-99.32	-8.07	-2.21	1	1	1	1
20230331160554	-15.56	0.0	-99.32	-8.02	-2.21	1	1	1	1
20230331160556	-15.57	0.0	-99.33	-8.07	-2.21	1	1	1	1
20230331160557	-15.62	0.0	-99.35	-8.07	-2.18	1	1	1	1
20230331160558	-15.57	0.0	-99.33	-8.07	-2.21	1	1	1	1
20230331160559	-15.6	0.0	-99.34	-8.07	-2.21	1	1	1	1
20230331160600	-15.59	0.0	-99.34	-8.07	-2.21	1	1	1	1
20230331160601	-15.63	0.0	-99.35	-8.12	-2.27	1	1	1	1
20230331160602	-15.62	0.0	-99.35	-8.23	-2.27	1	1	1	1
20230331160603	-15.63	0.0	-99.35	-8.12	-2.24	1	1	1	1
20230331160604	-15.65	0.0	-99.36	-8.12	-2.21	1	1	1	1
20230331160605	-15.66	0.0	-99.37	-8.12	-2.24	1	1	1	1
20230331160606	-15.65	0.0	-99.36	-8.12	-2.21	1	1	1	1
20230331160607	-15.67	0.0	-99.37	-8.23	-2.32	1	1	1	1
20230331160608	-15.65	0.0	-99.36	-8.12	-2.29	1	1	1	1
20230331160609	-15.67	0.0	-99.37	-8.23	-2.35	1	1	1	1
20230331160610	-15.69	0.0	-99.38	-8.17	-2.32	1	1	1	1
20230331160611	-15.71	0.0	-99.39	-8.17	-2.29	1	1	1	1
20230331160612	-15.7	0.0	-99.39	-8.17	-2.29	1	1	1	1
20230331160613	-15.71	0.0	-99.39	-8.28	-2.27	1	1	1	1
20230331160614	-15.73	0.0	-99.4	-8.28	-2.29	1	1	1	1
20230331160616	-15.74	0.0	-99.4	-8.17	-2.27	1	1	1	1
20230331160617	-15.74	0.0	-99.4	-8.17	-2.32	1	1	1	1
20230331160618	-15.77	0.0	-99.42	-8.17	-2.29	1	1	1	1
20230331160619	-15.78	0.0	-99.42	-8.28	-2.27	1	1	1	1
20230331160620	-15.77	0.0	-99.42	-8.17	-2.29	1	1	1	1
20230331160621	-15.78	0.0	-99.42	-8.17	-2.32	1	1	1	1
20230331160622	-15.81	0.0	-99.44	-8.23	-2.32	1	1	1	1
20230331160623	-15.8	0.0	-99.43	-8.23	-2.32	1	1	1	1
20230331160624	-15.8	0.0	-99.43	-8.23	-2.35	1	1	1	1
20230331160625	-15.83	0.0	-99.44	-8.23	-2.32	1	1	1	1
20230331160626	-15.83	0.0	-99.44	-8.23	-2.32	1	1	1	1
20230331160627	-15.86	0.0	-99.46	-8.23	-2.38	1	1	1	1
20230331160628	-15.84	0.0	-99.45	-8.33	-2.38	1	1	1	1
20230331160629	-15.84	0.0	-99.45	-8.23	-2.32	1	1	1	1
20230331160630	-15.87	0.0	-99.46	-8.28	-2.35	1	1	1	1
20230331160631	-15.89	0.0	-99.47	-8.28	-2.32	1	1	1	1
20230331160632	-15.89	0.0	-99.47	-8.28	-2.35	1	1	1	1
20230331160633	-15.89	0.0	-99.47	-8.33	-2.38	1	1	1	1
20230331160634	-15.93	0.0	-99.49	-8.28	-2.35	1	1	1	1
20230331160636	-15.9	0.0	-99.48	-8.28	-2.35	1	1	1	1
20230331160637	-15.94	0.0	-99.49	-8.28	-2.35	1	1	1	1
20230331160638	-15.93	0.0	-99.49	-8.28	-2.32	1	1	1	1
20230331160639	-15.94	0.0	-99.49	-8.28	-2.35	1	1	1	1
20230331160640	-15.97	0.0	-99.51	-8.28	-2.32	1	1	1	1
20230331160641	-15.95	0.0	-99.5	-8.28	-2.32	1	1	1	1
20230331160642	-15.98	0.0	-99.51	-8.28	-2.35	1	1	1	1
20230331160643	-16.0	0.0	-99.52	-8.28	-2.38	1	1	1	1
20230331160644	-16.0	0.0	-99.52	-8.28	-2.38	1	1	1	1
20230331160645	-15.98	0.0	-99.51	-8.28	-2.41	1	1	1	1
20230331160646	-16.0	0.0	-99.52	-8.33	-2.41	1	1	1	1
20230331160647	-16.0	0.0	-99.52	-8.33	-2.41	1	1	1	1
20230331160648	-16.04	0.0	-99.54	-8.33	-2.38	1	1	1	1
20230331160649	-16.04	0.0	-99.54	-8.33	-2.35	1	1	1	1
20230331160650	-16.04	0.0	-99.54	-8.33	-2.38	1	1	1	1
20230331160651	-16.07	0.0	-99.55	-8.33	-2.44	1	1	1	1
20230331160652	-16.07	0.0	-99.55	-8.33	-2.41	1	1	1	1
20230331160653	-16.07	0.0	-99.55	-8.33	-2.44	1	1	1	1
20230331160655	-16.07	0.0	-99.55	-8.28	-2.44	1	1	1	1
20230331160656	-16.09	0.0	-99.56	-8.33	-2.47	1	1	1	1
20230331160657	-16.13	0.0	-99.58	-8.33	-2.41	1	1	1	1
20230331160658	-16.1	0.0	-99.57	-8.38	-2.41	1	1	1	1
20230331160659	-16.11	0.0	-99.57	-8.38	-2.44	1	1	1	1
20230331160700	-16.13	0.0	-99.58	-8.38	-2.41	1	1	1	1
20230331160701	-16.14	0.0	-99.59	-8.38	-2.44	1	1	1	1
20230331160702	-16.14	0.0	-99.59	-8.38	-2.41	1	1	1	1
20230331160703	-16.13	0.0	-99.58	-8.48	-2.44	1	1	1	1
20230331160704	-16.14	0.0	-99.59	-8.38	-2.44	1	1	1	1
20230331160705	-16.17	0.0	-99.6	-8.48	-2.52	1	1	1	1
20230331160706	-16.18	0.0	-99.6	-8.38	-2.52	1	1	1	1
20230331160707	-16.18	0.0	-99.6	-8.38	-2.47	1	1	1	1
20230331160708	-16.21	0.0	-99.62	-8.48	-2.47	1	1	1	1
20230331160709	-16.2	0.0	-99.61	-8.43	-2.44	1	1	1	1
20230331160710	-16.2	0.0	-99.61	-8.38	-2.47	1	1	1	1
20230331160711	-16.21	0.0	-99.62	-8.54	-2.52	1	1	1	1
20230331160712	-16.22	0.0	-99.62	-8.54	-2.52	1	1	1	1
20230331160714	-16.25	0.0	-99.64	-8.43	-2.5	1	1	1	1
20230331160715	-16.22	0.0	-99.62	-8.43	-2.5	1	1	1	1
20230331160716	-16.24	0.0	-99.63	-8.43	-2.47	1	1	1	1
20230331160717	-16.24	0.0	-99.63	-8.48	-2.5	1	1	1	1
20230331160718	-16.27	0.0	-99.64	-8.43	-2.52	1	1	1	1
20230331160719	-16.25	0.0	-99.64	-8.48	-2.5	1	1	1	1
20230331160720	-16.27	0.0	-99.64	-8.43	-2.5	1	1	1	1
20230331160721	-16.27	0.0	-99.64	-8.48	-2.52	1	1	1	1
20230331160722	-16.31	0.0	-99.66	-8.43	-2.55	1	1	1	1
20230331160723	-16.32	0.0	-99.67	-8.48	-2.52	1	1	1	1
20230331160724	-16.32	0.0	-99.67	-8.48	-2.55	1	1	1	1
20230331160725	-16.32	0.0	-99.67	-8.48	-2.52	1	1	1	1
20230331160726	-16.34	0.0	-99.68	-8.48	-2.55	1	1	1	1
20230331160727	-16.32	0.0	-99.67	-8.48	-2.52	1	1	1	1
20230331160728	-16.35	0.0	-99.68	-8.48	-2.52	1	1	1	1
20230331160729	-16.37	0.0	-99.69	-8.59	-2.58	1	1	1	1
20230331160730	-16.35	0.0	-99.68	-8.59	-2.61	1	1	1	1
20230331160731	-16.35	0.0	-99.68	-8.48	-2.55	1	1	1	1
20230331160732	-16.4	0.0	-99.7	-8.48	-2.55	1	1	1	1
20230331160734	-16.38	0.0	-99.69	-8.59	-2.64	1	1	1	1
20230331160735	-16.44	0.0	-99.72	-8.48	-2.58	1	1	1	1
20230331160736	-16.4	0.0	-99.7	-8.48	-2.55	1	1	1	1
20230331160737	-16.44	0.0	-99.72	-8.48	-2.55	1	1	1	1
20230331160738	-16.4	0.0	-99.7	-8.54	-2.58	1	1	1	1
20230331160739	-16.44	0.0	-99.72	-8.54	-2.58	1	1	1	1
20230331160740	-16.45	0.0	-99.73	-8.48	-2.55	1	1	1	1
20230331160741	-16.46	0.0	-99.73	-8.54	-2.55	1	1	1	1
20230331160742	-16.46	0.0	-99.73	-8.64	-2.67	1	1	1	1
20230331160743	-16.44	0.0	-99.72	-8.54	-2.61	1	1	1	1
20230331160744	-16.48	0.0	-99.74	-8.64	-2.7	1	1	1	1
20230331160745	-16.49	0.0	-99.75	-8.54	-2.58	1	1	1	1
20230331160746	-16.51	0.0	-99.75	-8.54	-2.61	1	1	1	1
20230331160747	-16.49	0.0	-99.75	-8.59	-2.58	1	1	1	1
20230331160748	-16.49	0.0	-99.75	-8.54	-2.61	1	1	1	1
20230331160749	-16.52	0.0	-99.76	-8.64	-2.67	1	1	1	1
20230331160750	-16.52	0.0	-99.76	-8.59	-2.61	1	1	1	1
20230331160751	-16.54	0.0	-99.77	-8.59	-2.73	1	1	1	1
20230331160753	-16.54	0.0	-99.77	-8.59	-2.67	1	1	1	1
20230331160754	-16.54	0.0	-99.77	-8.7	-2.67	1	1	1	1
20230331160755	-16.54	0.0	-99.77	-8.59	-2.61	1	1	1	1
20230331160756	-16.54	0.0	-99.77	-8.64	-2.64	1	1	1	1
20230331160757	-16.56	0.0	-99.78	-8.64	-2.61	1	1	1	1
20230331160758	-16.56	0.0	-99.78	-8.64	-2.64	1	1	1	1
20230331160759	-16.59	0.0	-99.79	-8.59	-2.64	1	1	1	1
20230331160800	-16.59	0.0	-99.79	-8.59	-2.73	1	1	1	1
20230331160801	-16.61	0.0	-99.8	-8.64	-2.67	1	1	1	1
20230331160802	-16.61	0.0	-99.8	-8.64	-2.64	1	1	1	1
20230331160803	-16.64	0.0	-99.81	-8.7	-2.73	1	1	1	1
20230331160804	-16.61	0.0	-99.8	-8.75	-2.76	1	1	1	1
20230331160805	-16.64	0.0	-99.81	-8.8	-2.73	1	1	1	1
20230331160806	-16.62	0.0	-99.8	-8.75	-2.73	1	1	1	1
20230331160807	-16.65	0.0	-99.82	-8.64	-2.73	1	1	1	1
20230331160808	-16.65	0.0	-99.82	-8.75	-2.73	1	1	1	1
20230331160809	-16.68	0.0	-99.83	-8.7	-2.67	1	1	1	1
20230331160810	-16.68	0.0	-99.83	-8.8	-2.73	1	1	1	1
20230331160812	-16.68	0.0	-99.83	-8.75	-2.76	1	1	1	1
20230331160813	-16.68	0.0	-99.83	-8.7	-2.73	1	1	1	1
20230331160814	-16.71	0.0	-99.85	-8.7	-2.73	1	1	1	1
20230331160815	-16.69	0.0	-99.84	-8.7	-2.7	1	1	1	1
20230331160816	-16.72	0.0	-99.85	-8.7	-2.67	1	1	1	1
20230331160817	-16.72	0.0	-99.85	-8.7	-2.67	1	1	1	1
20230331160818	-16.73	0.0	-99.85	-8.7	-2.73	1	1	1	1
20230331160819	-16.72	0.0	-99.85	-8.7	-2.7	1	1	1	1
20230331160820	-16.76	0.0	-99.87	-8.8	-2.79	1	1	1	1
20230331160821	-16.76	0.0	-99.87	-8.7	-2.73	1	1	1	1
20230331160822	-16.75	0.0	-99.86	-8.7	-2.73	1	1	1	1
20230331160823	-16.79	0.0	-99.88	-8.7	-2.76	1	1	1	1
20230331160824	-16.75	0.0	-99.86	-8.7	-2.76	1	1	1	1
20230331160825	-16.78	0.0	-99.88	-8.7	-2.73	1	1	1	1
20230331160826	-16.78	0.0	-99.88	-8.8	-2.79	1	1	1	1
20230331160827	-16.8	0.0	-99.89	-8.8	-2.79	1	1	1	1
20230331160828	-16.79	0.0	-99.88	-8.75	-2.76	1	1	1	1
20230331160829	-16.83	0.0	-99.9	-8.7	-2.76	1	1	1	1
20230331160830	-16.82	0.0	-99.9	-8.75	-2.76	1	1	1	1
20230331160831	-16.83	0.0	-99.9	-8.75	-2.79	1	1	1	1
20230331160833	-16.83	0.0	-99.9	-8.7	-2.79	1	1	1	1
20230331160834	-16.83	0.0	-99.9	-8.75	-2.82	1	1	1	1
20230331160835	-16.85	0.0	-99.91	-8.75	-2.82	1	1	1	1
20230331160836	-16.86	0.0	-99.91	-8.75	-2.85	1	1	1	1
20230331160837	-16.89	0.0	-99.93	-8.75	-2.79	1	1	1	1
20230331160838	-16.89	0.0	-99.93	-8.75	-2.79	1	1	1	1
20230331160839	-16.89	0.0	-99.93	-8.75	-2.76	1	1	1	1
20230331160840	-16.9	0.0	-99.93	-8.8	-2.79	1	1	1	1
20230331160841	-16.89	0.0	-99.93	-8.75	-2.79	1	1	1	1
20230331160842	-16.92	0.0	-99.94	-8.86	-2.82	1	1	1	1
20230331160843	-16.9	0.0	-99.93	-8.91	-2.79	1	1	1	1
20230331160844	-16.92	0.0	-99.94	-8.8	-2.82	1	1	1	1
20230331160845	-16.95	0.0	-99.95	-8.8	-2.82	1	1	1	1
20230331160846	-16.97	0.0	-99.96	-8.8	-2.82	1	1	1	1
20230331160847	-16.93	0.0	-99.95	-8.91	-2.85	1	1	1	1
20230331160848	-16.96	0.0	-99.96	-8.8	-2.82	1	1	1	1
20230331160849	-16.97	0.0	-99.96	-8.8	-2.82	1	1	1	1
20230331160850	-16.97	0.0	-99.96	-8.91	-2.88	1	1	1	1
20230331160851	-16.97	0.0	-99.96	-8.97	-2.91	1	1	1	1
20230331160853	-16.99	0.0	-99.97	-8.8	-2.85	1	1	1	1
20230331160854	-16.97	0.0	-99.96	-8.91	-2.91	1	1	1	1
20230331160855	-16.99	0.0	-99.97	-8.86	-2.88	1	1	1	1
20230331160856	-17.03	0.0	-99.99	-8.97	-2.91	1	1	1	1
20230331160857	-17.03	0.0	-99.99	-8.86	-2.88	1	1	1	1
20230331160858	-17.03	0.0	-99.99	-8.86	-2.85	1	1	1	1
20230331160859	-17.02	0.0	-99.99	-8.91	-2.85	1	1	1	1
20230331160900	-17.03	0.0	-99.99	-8.91	-2.85	1	1	1	1
20230331160901	-17.04	0.0	-100.0	-9.02	-2.88	1	1	1	1
20230331160902	-17.04	0.0	-100.0	-8.97	-2.91	1	1	1	1
20230331160903	-17.06	0.0	-100.0	-8.91	-2.94	1	1	1	1
20230331160904	-17.07	0.0	-100.01	-8.91	-2.88	1	1	1	1
20230331160905	-17.09	0.0	-100.02	-8.91	-2.85	1	1	1	1
20230331160906	-17.1	0.0	-100.02	-8.97	-2.85	1	1	1	1
20230331160907	-17.1	0.0	-100.02	-9.02	-2.91	1	1	1	1
20230331160908	-17.12	0.0	-100.03	-8.91	-2.88	1	1	1	1
20230331160909	-17.12	0.0	-100.03	-9.02	-3.0	1	1	1	1
20230331160910	-17.1	0.0	-100.02	-9.02	-2.94	1	1	1	1
20230331160911	-17.16	0.0	-100.05	-9.02	-2.97	1	1	1	1
20230331160912	-17.12	0.0	-100.03	-8.91	-2.88	1	1	1	1
20230331160914	-17.13	0.0	-100.04	-9.02	-2.94	1	1	1	1
20230331160915	-17.13	0.0	-100.04	-9.02	-2.91	1	1	1	1
20230331160916	-17.16	0.0	-100.05	-8.91	-2.85	1	1	1	1
20230331160917	-17.14	0.0	-100.04	-8.91	-2.88	1	1	1	1
20230331160918	-17.16	0.0	-100.05	-9.02	-2.97	1	1	1	1
20230331160919	-17.16	0.0	-100.05	-8.97	-2.88	1	1	1	1
20230331160920	-17.2	0.0	-100.07	-8.97	-2.94	1	1	1	1
20230331160921	-17.2	0.0	-100.07	-9.02	-2.97	1	1	1	1
20230331160922	-17.2	0.0	-100.07	-9.08	-2.97	1	1	1	1
20230331160923	-17.22	0.0	-100.08	-9.08	-2.97	1	1	1	1
20230331160924	-17.24	0.0	-100.09	-8.91	-2.94	1	1	1	1
20230331160925	-17.22	0.0	-100.08	-9.08	-3.0	1	1	1	1
20230331160926	-17.22	0.0	-100.08	-8.97	-2.94	1	1	0	1
20230331160927	-17.24	0.0	-100.09	-8.97	-2.94	1	1	1	1
20230331160928	-17.24	0.0	-100.09	-9.02	-2.97	1	1	1	1
20230331160929	-17.24	0.0	-100.09	-8.97	-2.94	1	1	1	1
20230331160930	-17.24	0.0	-100.09	-9.13	-3.0	1	1	1	1
20230331160931	-17.26	0.0	-100.1	-8.97	-2.94	1	1	1	1
20230331160932	-17.28	0.0	-100.11	-8.97	-2.94	1	1	1	1
20230331160934	-17.27	0.0	-100.1	-9.02	-2.94	1	1	1	1
20230331160935	-17.3	0.0	-100.11	-9.13	-3.03	1	1	1	1
20230331160936	-17.31	0.0	-100.12	-9.13	-3.09	1	1	1	1
20230331160937	-17.3	0.0	-100.11	-9.02	-2.94	1	1	1	1
20230331160938	-17.31	0.0	-100.12	-9.02	-2.94	1	1	1	1
20230331160939	-17.33	0.0	-100.13	-9.02	-3.0	1	1	1	1
20230331160940	-17.33	0.0	-100.13	-9.02	-3.0	1	1	1	1
20230331160941	-17.36	0.0	-100.14	-9.02	-2.97	1	1	1	1
20230331160942	-17.34	0.0	-100.13	-9.13	-3.0	1	1	1	1
20230331160943	-17.36	0.0	-100.14	-9.02	-3.03	1	1	1	1
20230331160944	-17.36	0.0	-100.14	-9.08	-3.12	1	1	1	1
20230331160945	-17.38	0.0	-100.15	-9.08	-3.03	1	1	1	1
20230331160946	-17.38	0.0	-100.15	-9.13	-3.06	1	1	1	1
20230331160947	-17.42	0.0	-100.17	-9.13	-3.06	1	1	1	1
20230331160948	-17.42	0.0	-100.17	-9.08	-3.0	1	1	1	1
20230331160949	-17.4	0.0	-100.16	-9.08	-3.03	1	1	1	1
20230331160950	-17.42	0.0	-100.17	-9.08	-3.03	1	1	1	1
20230331160951	-17.43	0.0	-100.17	-9.19	-3.09	1	1	1	1
20230331160952	-17.43	0.0	-100.17	-9.19	-3.06	1	1	1	1
20230331160954	-17.44	0.0	-100.18	-9.08	-3.06	1	1	1	1
20230331160955	-17.44	0.0	-100.18	-9.19	-3.12	1	1	1	1
20230331160956	-17.44	0.0	-100.18	-9.08	-3.06	1	1	1	1
20230331160957	-17.46	0.0	-100.19	-9.08	-3.03	1	1	1	1
20230331160958	-17.46	0.0	-100.19	-9.08	-3.03	1	1	1	1
20230331160959	-17.47	0.0	-100.19	-9.08	-3.06	1	1	1	1
20230331161000	-17.48	0.0	-100.2	-9.13	-3.06	1	1	1	1
20230331161001	-17.48	0.0	-100.2	-9.08	-3.06	1	1	1	1
20230331161002	-17.5	0.0	-100.21	-9.13	-3.12	1	1	1	1
20230331161003	-17.51	0.0	-100.21	-9.13	-3.12	1	1	1	1
20230331161004	-17.51	0.0	-100.21	-9.25	-3.03	1	1	1	1
20230331161005	-17.53	0.0	-100.22	-9.25	-3.09	1	1	1	1
20230331161006	-17.53	0.0	-100.22	-9.25	-3.09	1	1	1	1
20230331161007	-17.54	0.0	-100.22	-9.13	-3.03	1	1	1	1
20230331161008	-17.54	0.0	-100.22	-9.13	-3.09	1	1	1	1
20230331161009	-17.54	0.0	-100.22	-9.13	-3.06	1	1	1	1
20230331161010	-17.54	0.0	-100.22	-9.13	-3.06	1	1	1	1
20230331161011	-17.57	0.0	-100.24	-9.13	-3.06	1	1	1	1
20230331161012	-17.56	0.0	-100.23	-9.31	-3.12	1	1	1	1
20230331161014	-17.58	0.0	-100.24	-9.25	-3.12	1	1	1	1
20230331161015	-17.6	0.0	-100.25	-9.25	-3.12	1	1	1	1
20230331161016	-17.61	0.0	-100.26	-9.13	-3.06	1	1	1	1
20230331161017	-17.58	0.0	-100.24	-9.31	-3.12	1	1	1	1
20230331161018	-17.61	0.0	-100.26	-9.13	-3.06	1	1	1	1
20230331161019	-17.61	0.0	-100.26	-9.13	-3.06	1	1	1	1
20230331161020	-17.64	0.0	-100.27	-9.13	-3.12	1	1	1	1
20230331161021	-17.61	0.0	-100.26	-9.19	-3.09	1	1	1	1
20230331161022	-17.66	0.0	-100.28	-9.13	-3.12	1	1	1	1
20230331161023	-17.67	0.0	-100.28	-9.31	-3.15	1	1	1	1
20230331161024	-17.64	0.0	-100.27	-9.19	-3.09	1	1	1	1
20230331161025	-17.66	0.0	-100.28	-9.31	-3.09	1	1	1	1
20230331161026	-17.67	0.0	-100.28	-9.19	-3.09	1	1	1	1
20230331161027	-17.67	0.0	-100.28	-9.31	-3.06	1	1	1	1
20230331161028	-17.68	0.0	-100.29	-9.31	-3.12	1	1	1	1
20230331161029	-17.68	0.0	-100.29	-9.31	-3.12	1	1	1	1
20230331161030	-17.68	0.0	-100.29	-9.36	-3.15	1	1	1	1
20230331161031	-17.68	0.0	-100.29	-9.31	-3.18	1	1	1	1
20230331161032	-17.71	0.0	-100.3	-9.19	-3.09	1	1	1	1
20230331161033	-17.73	0.0	-100.31	-9.31	-3.09	1	1	1	1
20230331161035	-17.74	0.0	-100.32	-9.25	-3.12	1	1	1	1
20230331161036	-17.74	0.0	-100.32	-9.36	-3.15	1	1	1	1
20230331161037	-17.74	0.0	-100.32	-9.25	-3.15	1	1	1	1
20230331161038	-17.75	0.0	-100.32	-9.25	-3.09	1	1	1	1
20230331161039	-17.75	0.0	-100.32	-9.31	-3.12	1	1	1	1
20230331161040	-17.77	0.0	-100.33	-9.19	-3.15	1	1	1	1
20230331161041	-17.77	0.0	-100.33	-9.25	-3.18	1	1	1	1
20230331161042	-17.78	0.0	-100.33	-9.31	-3.18	1	1	1	1
20230331161043	-17.8	0.0	-100.34	-9.25	-3.15	1	1	1	1
20230331161044	-17.8	0.0	-100.34	-9.25	-3.18	1	1	1	1
20230331161045	-17.81	0.0	-100.35	-9.31	-3.18	1	1	1	1
20230331161046	-17.8	0.0	-100.34	-9.25	-3.21	1	1	1	1
20230331161047	-17.84	0.0	-100.36	-9.25	-3.18	1	1	1	1
20230331161048	-17.85	0.0	-100.37	-9.25	-3.18	1	1	1	1
20230331161049	-17.84	0.0	-100.36	-9.25	-3.18	1	1	1	1
20230331161050	-17.85	0.0	-100.37	-9.36	-3.25	1	1	1	1
20230331161051	-17.85	0.0	-100.37	-9.31	-3.18	1	1	1	1
20230331161052	-17.84	0.0	-100.36	-9.42	-3.25	1	1	1	1
20230331161053	-17.87	0.0	-100.37	-9.42	-3.25	1	1	1	1
20230331161055	-17.87	0.0	-100.37	-9.31	-3.18	1	1	1	1
20230331161056	-17.85	0.0	-100.37	-9.31	-3.15	1	1	1	1
20230331161057	-17.91	0.0	-100.39	-9.31	-3.25	1	1	1	1
20230331161058	-17.88	0.0	-100.38	-9.42	-3.15	1	1	1	1
20230331161059	-17.87	0.0	-100.37	-9.31	-3.18	1	1	1	1
20230331161100	-17.9	0.0	-100.39	-9.36	-3.21	1	1	1	1
20230331161101	-17.9	0.0	-100.39	-9.36	-3.25	1	1	1	1
20230331161102	-17.94	0.0	-100.41	-9.19	-3.15	1	1	1	1
20230331161103	-17.92	0.0	-100.4	-9.36	-3.21	1	1	1	1
20230331161104	-17.95	0.0	-100.41	-9.36	-3.21	1	1	1	1
20230331161105	-17.94	0.0	-100.41	-9.36	-3.21	1	1	1	1
20230331161106	-17.94	0.0	-100.41	-9.36	-3.25	1	1	1	1
20230331161107	-17.94	0.0	-100.41	-9.36	-3.18	1	1	1	1
20230331161108	-17.94	0.0	-100.41	-9.48	-3.31	1	1	1	1
20230331161109	-17.98	0.0	-100.43	-9.36	-3.21	1	1	1	1
20230331161110	-17.97	0.0	-100.42	-9.36	-3.21	1	1	1	1
20230331161111	-17.97	0.0	-100.42	-9.36	-3.18	1	1	1	1
20230331161112	-17.99	0.0	-100.43	-9.48	-3.31	1	1	1	1
20230331161113	-18.01	0.0	-100.44	-9.36	-3.25	1	1	1	1
20230331161114	-18.01	0.0	-100.44	-9.36	-3.25	1	1	1	1
20230331161116	-18.01	0.0	-100.44	-9.36	-3.21	1	1	1	1
20230331161117	-18.01	0.0	-100.44	-9.48	-3.31	1	1	1	1
20230331161118	-18.02	0.0	-100.44	-9.36	-3.21	1	1	1	1
20230331161119	-18.02	0.0	-100.44	-9.36	-3.25	1	1	1	1
20230331161120	-18.02	0.0	-100.44	-9.48	-3.37	1	1	1	1
20230331161121	-18.06	0.0	-100.46	-9.36	-3.25	1	1	1	1
20230331161122	-18.05	0.0	-100.46	-9.36	-3.25	1	1	1	1
20230331161123	-18.05	0.0	-100.46	-9.36	-3.28	1	1	1	1
20230331161124	-18.06	0.0	-100.46	-9.36	-3.34	1	1	1	1
20230331161125	-18.09	0.0	-100.48	-9.36	-3.34	1	1	1	1
20230331161126	-18.06	0.0	-100.46	-9.36	-3.31	1	1	1	1
20230331161127	-18.06	0.0	-100.46	-9.36	-3.31	1	1	1	1
20230331161128	-18.09	0.0	-100.48	-9.54	-3.34	1	1	1	1
20230331161129	-18.08	0.0	-100.47	-9.54	-3.34	1	1	1	1
20230331161130	-18.09	0.0	-100.48	-9.36	-3.25	1	1	1	1
20230331161131	-18.12	0.0	-100.49	-9.54	-3.34	1	1	1	1
20230331161132	-18.15	0.0	-100.5	-9.36	-3.28	1	1	1	1
20230331161133	-18.15	0.0	-100.5	-9.42	-3.28	1	1	1	1
20230331161134	-18.14	0.0	-100.5	-9.54	-3.37	1	1	1	1
20230331161136	-18.12	0.0	-100.49	-9.42	-3.31	1	1	1	1
20230331161137	-18.15	0.0	-100.5	-9.42	-3.34	1	1	1	1
20230331161138	-18.14	0.0	-100.5	-9.42	-3.31	1	1	1	1
20230331161139	-18.15	0.0	-100.5	-9.54	-3.37	1	1	1	1
20230331161140	-18.16	0.0	-100.51	-9.42	-3.28	1	1	1	1
20230331161141	-18.19	0.0	-100.52	-9.54	-3.37	1	1	1	1
20230331161142	-18.18	0.0	-100.52	-9.54	-3.28	1	1	1	1
20230331161143	-18.21	0.0	-100.53	-9.42	-3.34	1	1	1	1
20230331161144	-18.21	0.0	-100.53	-9.48	-3.31	1	1	1	1
20230331161145	-18.21	0.0	-100.53	-9.48	-3.28	1	1	1	1
20230331161146	-18.22	0.0	-100.53	-9.48	-3.34	1	1	1	1
20230331161147	-18.22	0.0	-100.53	-9.42	-3.31	1	1	1	1
20230331161148	-18.21	0.0	-100.53	-9.42	-3.31	1	1	1	1
20230331161149	-18.24	0.0	-100.54	-9.48	-3.31	1	1	1	1
20230331161150	-18.25	0.0	-100.55	-9.6	-3.43	1	1	1	1
20230331161151	-18.25	0.0	-100.55	-9.42	-3.31	1	1	1	1
20230331161152	-18.26	0.0	-100.55	-9.6	-3.37	1	1	1	1
20230331161153	-18.28	0.0	-100.56	-9.6	-3.37	1	1	1	1
20230331161154	-18.26	0.0	-100.55	-9.6	-3.43	1	1	1	1
20230331161155	-18.29	0.0	-100.57	-9.6	-3.37	1	1	1	1
20230331161157	-18.3	0.0	-100.57	-9.48	-3.37	1	1	1	1
20230331161158	-18.29	0.0	-100.57	-9.6	-3.34	1	1	1	1
20230331161159	-18.29	0.0	-100.57	-9.48	-3.31	1	1	1	1
20230331161200	-18.3	0.0	-100.57	-9.48	-3.37	1	1	1	1
20230331161201	-18.3	0.0	-100.57	-9.48	-3.4	1	1	1	1
20230331161202	-18.32	0.0	-100.58	-9.48	-3.34	1	1	1	1
20230331161203	-18.3	0.0	-100.57	-9.66	-3.37	1	1	1	1
20230331161204	-18.33	0.0	-100.59	-9.54	-3.4	1	1	1	1
20230331161205	-18.33	0.0	-100.59	-9.48	-3.37	1	1	1	1
20230331161206	-18.38	0.0	-100.61	-9.66	-3.4	1	1	1	1
20230331161207	-18.36	0.0	-100.6	-9.66	-3.47	1	1	1	1
20230331161208	-18.35	0.0	-100.59	-9.54	-3.4	1	1	1	1
20230331161209	-18.35	0.0	-100.59	-9.54	-3.43	1	1	1	1
20230331161210	-18.39	0.0	-100.61	-9.54	-3.43	1	1	1	1
20230331161211	-18.39	0.0	-100.61	-9.54	-3.43	1	1	1	1
20230331161212	-18.39	0.0	-100.61	-9.54	-3.34	1	1	1	1
20230331161213	-18.39	0.0	-100.61	-9.54	-3.43	1	1	1	1
20230331161214	-18.38	0.0	-100.61	-9.6	-3.43	1	1	1	1
20230331161215	-18.4	0.0	-100.62	-9.6	-3.43	1	1	1	1
20230331161216	-18.4	0.0	-100.62	-9.6	-3.43	1	1	1	1
20230331161218	-18.4	0.0	-100.62	-9.71	-3.5	1	1	1	1
20230331161219	-18.42	0.0	-100.63	-9.71	-3.5	1	1	1	1
20230331161220	-18.43	0.0	-100.63	-9.54	-3.43	1	1	1	1
20230331161221	-18.42	0.0	-100.63	-9.6	-3.47	1	1	1	1
20230331161222	-18.42	0.0	-100.63	-9.6	-3.47	1	1	1	1
20230331161223	-18.43	0.0	-100.63	-9.6	-3.43	1	1	1	1
20230331161224	-18.46	0.0	-100.64	-9.71	-3.5	1	1	1	1
20230331161225	-18.46	0.0	-100.64	-9.6	-3.4	1	1	1	1
20230331161226	-18.46	0.0	-100.64	-9.6	-3.43	1	1	1	1
20230331161227	-18.48	0.0	-100.65	-9.6	-3.5	1	1	1	1
20230331161228	-18.48	0.0	-100.65	-9.6	-3.53	1	1	1	1
20230331161229	-18.48	0.0	-100.65	-9.6	-3.47	1	1	1	1
20230331161230	-18.49	0.0	-100.66	-9.78	-3.53	1	1	1	1
20230331161231	-18.49	0.0	-100.66	-9.78	-3.53	1	1	1	1
20230331161232	-18.5	0.0	-100.66	-9.6	-3.47	1	1	1	1
20230331161233	-18.5	0.0	-100.66	-9.66	-3.47	1	1	1	1
20230331161234	-18.52	0.0	-100.67	-9.66	-3.53	1	1	1	1
20230331161235	-18.5	0.0	-100.66	-9.6	-3.47	1	1	1	1
20230331161236	-18.53	0.0	-100.68	-9.71	-3.5	1	1	1	1
20230331161238	-18.52	0.0	-100.67	-9.66	-3.47	1	1	1	1
20230331161239	-18.55	0.0	-100.69	-9.78	-3.59	1	1	1	1
20230331161240	-18.56	0.0	-100.69	-9.66	-3.47	1	1	1	1
20230331161241	-18.52	0.0	-100.67	-9.78	-3.47	1	1	1	1
20230331161242	-18.55	0.0	-100.69	-9.78	-3.53	1	1	1	1
20230331161243	-18.56	0.0	-100.69	-9.66	-3.47	1	1	1	1
20230331161244	-18.57	0.0	-100.7	-9.78	-3.53	1	1	1	1
20230331161245	-18.56	0.0	-100.69	-9.66	-3.5	1	1	1	1
20230331161246	-18.59	0.0	-100.7	-9.66	-3.5	1	1	1	1
20230331161247	-18.59	0.0	-100.7	-9.66	-3.47	1	1	1	1
20230331161248	-18.6	0.0	-100.71	-9.78	-3.53	1	1	1	1
20230331161249	-18.57	0.0	-100.7	-9.66	-3.53	1	1	1	1
20230331161250	-18.59	0.0	-100.7	-9.66	-3.5	1	1	1	1
20230331161251	-18.61	0.0	-100.71	-9.78	-3.56	1	1	1	1
20230331161252	-18.61	0.0	-100.71	-9.66	-3.56	1	1	1	1
20230331161253	-18.63	0.0	-100.72	-9.71	-3.56	1	1	1	1
20230331161254	-18.61	0.0	-100.71	-9.78	-3.59	1	1	1	1
20230331161255	-18.64	0.0	-100.73	-9.78	-3.53	1	1	1	1
20230331161257	-18.64	0.0	-100.73	-9.71	-3.56	1	1	1	1
20230331161258	-18.63	0.0	-100.72	-9.84	-3.59	1	1	1	1
20230331161259	-18.66	0.0	-100.74	-9.84	-3.56	1	1	1	1
20230331161300	-18.64	0.0	-100.73	-9.71	-3.53	1	1	1	1
20230331161301	-18.67	0.0	-100.74	-9.71	-3.53	1	1	1	1
20230331161302	-18.67	0.0	-100.74	-9.9	-3.63	1	1	1	1
20230331161303	-18.67	0.0	-100.74	-9.71	-3.56	1	1	1	1
20230331161304	-18.69	0.0	-100.75	-9.71	-3.56	1	1	1	1
20230331161305	-18.69	0.0	-100.75	-9.78	-3.56	1	1	1	1
20230331161306	-18.7	0.0	-100.75	-9.71	-3.56	1	1	1	1
20230331161307	-18.69	0.0	-100.75	-9.78	-3.56	1	1	1	1
20230331161308	-18.69	0.0	-100.75	-9.71	-3.56	1	1	1	1
20230331161309	-18.69	0.0	-100.75	-9.78	-3.56	1	1	1	1
20230331161310	-18.73	0.0	-100.77	-9.78	-3.59	1	1	1	1
20230331161311	-18.72	0.0	-100.76	-9.78	-3.56	1	1	1	1
20230331161313	-18.72	0.0	-100.76	-9.78	-3.59	1	1	1	1
20230331161314	-18.74	0.0	-100.77	-9.78	-3.59	1	1	1	1
20230331161315	-18.73	0.0	-100.77	-9.78	-3.63	1	1	1	1
20230331161316	-18.73	0.0	-100.77	-9.78	-3.59	1	1	1	1
20230331161317	-18.76	0.0	-100.78	-9.78	-3.59	1	1	1	1
20230331161318	-18.77	0.0	-100.79	-9.78	-3.66	1	1	1	1
20230331161319	-18.76	0.0	-100.78	-9.71	-3.59	1	1	1	1
20230331161320	-18.76	0.0	-100.78	-9.78	-3.59	1	1	1	1
20230331161321	-18.79	0.0	-100.8	-9.78	-3.59	1	1	1	1
20230331161322	-18.79	0.0	-100.8	-9.84	-3.59	1	1	1	1
20230331161323	-18.77	0.0	-100.79	-9.96	-3.66	1	1	1	1
20230331161324	-18.8	0.0	-100.8	-9.78	-3.59	1	1	1	1
20230331161325	-18.8	0.0	-100.8	-9.9	-3.59	1	1	1	1
20230331161327	-18.84	0.0	-100.82	-9.84	-3.66	1	1	1	1
20230331161328	-18.82	0.0	-100.81	-9.84	-3.63	1	1	1	1
20230331161329	-18.83	0.0	-100.81	-9.84	-3.63	1	1	1	1
20230331161330	-18.84	0.0	-100.82	-9.78	-3.66	1	1	1	1
20230331161331	-18.83	0.0	-100.81	-9.84	-3.63	1	1	1	1
20230331161332	-18.83	0.0	-100.81	-9.84	-3.66	1	1	1	1
20230331161333	-18.83	0.0	-100.81	-9.96	-3.69	1	1	1	1
20230331161334	-18.87	0.0	-100.83	-9.84	-3.69	1	1	1	1
20230331161335	-18.87	0.0	-100.83	-9.84	-3.69	1	1	1	1
20230331161336	-18.87	0.0	-100.83	-9.84	-3.69	1	1	1	1
20230331161337	-18.9	0.0	-100.85	-9.84	-3.66	1	1	1	1
20230331161338	-18.89	0.0	-100.84	-9.96	-3.76	1	1	1	1
20230331161340	-18.9	0.0	-100.85	-9.84	-3.69	1	1	1	1
20230331161341	-18.9	0.0	-100.85	-9.96	-3.76	1	1	1	1
20230331161342	-18.9	0.0	-100.85	-9.84	-3.66	1	1	1	1
20230331161343	-18.9	0.0	-100.85	-9.9	-3.69	1	1	1	1
20230331161344	-18.9	0.0	-100.85	-9.9	-3.69	1	1	1	1
20230331161345	-18.92	0.0	-100.86	-9.9	-3.72	1	1	1	1
20230331161346	-18.92	0.0	-100.86	-9.9	-3.69	1	1	1	1
20230331161347	-18.93	0.0	-100.86	-9.9	-3.69	1	1	1	1
20230331161348	-18.94	0.0	-100.86	-9.9	-3.66	1	1	1	1
20230331161349	-18.94	0.0	-100.86	-9.9	-3.69	1	1	1	1
20230331161350	-18.93	0.0	-100.86	-10.02	-3.76	1	1	1	1
20230331161351	-18.96	0.0	-100.87	-9.9	-3.69	1	1	1	1
20230331161352	-18.96	0.0	-100.87	-9.9	-3.72	1	1	1	1
20230331161353	-18.94	0.0	-100.86	-10.02	-3.76	1	1	1	1
20230331161354	-18.99	0.0	-100.89	-9.9	-3.72	1	1	1	1
20230331161355	-18.96	0.0	-100.87	-9.9	-3.69	1	1	1	1
20230331161356	-19.0	0.0	-100.89	-9.9	-3.72	1	1	1	1
20230331161357	-18.99	0.0	-100.89	-9.9	-3.72	1	1	1	1
20230331161359	-18.99	0.0	-100.89	-9.9	-3.72	1	1	1	1
20230331161400	-19.0	0.0	-100.89	-9.9	-3.69	1	1	1	1
20230331161401	-19.0	0.0	-100.89	-10.02	-3.79	1	1	1	1
20230331161402	-18.99	0.0	-100.89	-9.9	-3.66	1	1	1	1
20230331161403	-19.02	0.0	-100.9	-9.9	-3.72	1	1	1	1
20230331161404	-19.03	0.0	-100.91	-10.02	-3.76	1	1	1	1
20230331161405	-19.03	0.0	-100.91	-9.9	-3.76	1	1	1	1
20230331161406	-19.03	0.0	-100.91	-9.9	-3.76	1	1	1	1
20230331161407	-19.03	0.0	-100.91	-9.9	-3.72	1	1	1	1
20230331161408	-19.07	0.0	-100.92	-9.9	-3.79	1	1	1	1
20230331161409	-19.06	0.0	-100.92	-10.08	-3.82	1	1	1	1
20230331161410	-19.07	0.0	-100.92	-9.9	-3.72	1	1	1	1
20230331161411	-19.07	0.0	-100.92	-10.02	-3.85	1	1	1	1
20230331161412	-19.1	0.0	-100.94	-9.96	-3.72	1	1	1	1
20230331161413	-19.08	0.0	-100.93	-10.08	-3.76	1	1	1	1
20230331161414	-19.1	0.0	-100.94	-9.9	-3.79	1	1	1	1
