EventTime	aTemp	RH	DP	cTemp	mTemp	sLid	sVacuu	sPressure	IsOkay
20230328172401	21.4	0.2	-51.96	21.41	19.97	1	1	1	1
20230328172402	21.27	0.05	-63.16	21.41	19.97	1	1	1	1
20230328172403	21.29	0.05	-63.15	21.41	19.97	1	1	1	1
20230328172404	21.3	0.11	-56.97	21.41	19.97	1	1	1	1
20230328172405	21.3	0.16	-53.89	21.41	19.97	1	1	1	1
20230328172406	21.29	0.1	-57.75	21.41	19.99	1	1	1	1
20230328172407	21.3	0.13	-55.61	21.41	19.97	1	1	1	1
20230328172408	21.31	0.07	-60.56	21.41	19.97	1	1	1	1
20230328172409	21.3	0.13	-55.61	21.41	19.97	1	1	1	1
20230328172410	21.31	0.04	-64.81	21.42	20.0	1	1	1	1
20230328172412	21.33	0.12	-56.25	21.41	19.99	1	1	1	1
20230328172413	21.31	0.16	-53.89	21.41	19.97	1	1	1	1
20230328172414	21.3	0.07	-60.56	21.41	19.97	1	1	1	1
20230328172415	21.31	0.05	-63.14	21.41	19.97	1	1	1	1
20230328172416	21.33	0.16	-53.88	21.42	19.99	1	1	1	1
20230328172417	21.34	0.12	-56.25	21.41	19.97	1	1	1	1
20230328172418	21.33	0.06	-61.74	21.41	19.97	1	1	1	1
20230328172419	21.33	0.12	-56.25	21.41	19.97	1	1	1	1
20230328172420	21.31	0.07	-60.56	21.41	19.99	1	1	1	1
20230328172421	21.31	0.05	-63.14	21.41	19.97	1	1	1	1
20230328172422	21.34	0.07	-60.54	21.41	19.97	1	1	1	1
20230328172423	21.31	0.04	-64.81	21.41	19.97	1	1	1	1
20230328172424	21.34	0.07	-60.54	21.41	19.97	1	1	1	1
20230328172425	21.33	0.06	-61.74	21.41	19.99	1	1	1	1
20230328172426	21.34	0.12	-56.25	21.41	19.97	1	1	1	1
20230328172427	21.33	0.12	-56.25	21.41	19.99	1	1	1	1
20230328172428	21.34	0.1	-57.72	21.4	19.99	1	1	1	1
20230328172429	21.33	0.04	-64.8	21.41	19.99	1	1	1	1
20230328172430	21.33	0.16	-53.88	21.41	19.99	1	1	1	1
20230328172431	21.34	0.02	-69.8	21.41	19.97	1	1	1	1
20230328172433	21.31	0.05	-63.14	21.41	19.99	1	1	1	1
20230328172434	21.33	0.1	-57.73	21.41	19.99	1	1	1	1
20230328172435	21.34	0.07	-60.54	21.41	19.99	1	1	1	1
20230328172436	21.34	0.1	-57.72	21.4	19.97	1	1	1	1
20230328172437	21.34	0.1	-57.72	21.36	19.97	1	1	1	1
20230328172438	21.34	0.12	-56.25	21.29	19.97	1	1	1	1
20230328172439	21.33	0.13	-55.6	21.23	19.94	1	1	1	1
20230328172440	21.34	0.16	-53.87	21.14	19.91	1	1	1	1
20230328172441	21.36	0.12	-56.24	21.08	19.88	1	1	1	1
20230328172442	21.34	0.1	-57.72	20.99	19.83	1	1	1	1
20230328172443	21.34	0.12	-56.25	20.92	19.8	1	1	1	1
20230328172444	21.33	0.1	-57.73	20.83	19.75	1	1	1	1
20230328172445	21.34	0.06	-61.73	20.76	19.7	1	1	1	1
20230328172446	21.34	0.04	-64.79	20.69	19.65	1	1	1	1
20230328172447	21.33	0.1	-57.73	20.61	19.62	1	1	1	1
20230328172448	21.33	0.13	-55.6	20.54	19.56	1	1	1	1
20230328172449	21.34	0.0	-88.53	20.47	19.51	1	1	1	1
20230328172450	21.33	0.06	-61.74	20.4	19.46	1	1	1	1
20230328172451	21.33	0.12	-56.25	20.32	19.41	1	1	1	1
20230328172452	21.33	0.18	-52.89	20.26	19.37	1	1	1	1
20230328172454	21.34	0.1	-57.72	20.19	19.32	1	1	1	1
20230328172455	21.33	0.12	-56.25	20.14	19.28	1	1	1	1
20230328172456	21.31	0.11	-56.97	20.07	19.23	1	1	1	1
20230328172457	21.33	0.07	-60.55	20.01	19.19	1	1	1	1
20230328172458	21.3	0.1	-57.74	19.95	19.14	1	1	1	1
20230328172459	21.31	0.11	-56.97	19.89	19.1	1	1	1	1
20230328172500	21.3	0.16	-53.89	19.83	19.05	1	1	1	1
20230328172501	21.3	0.11	-56.97	19.77	19.02	1	1	1	1
20230328172502	21.29	0.13	-55.62	19.72	18.98	1	1	1	1
20230328172503	21.3	0.11	-56.97	19.66	18.93	1	1	1	1
20230328172504	21.3	0.11	-56.97	19.62	18.9	1	1	1	1
20230328172505	21.29	0.07	-60.57	19.57	18.87	1	1	1	1
20230328172506	21.3	0.11	-56.97	19.52	18.82	1	1	1	1
20230328172507	21.27	0.04	-64.83	19.47	18.78	1	1	1	1
20230328172508	21.26	0.15	-54.45	19.43	18.75	1	1	1	1
20230328172509	21.26	0.11	-56.99	19.37	18.73	1	1	1	1
20230328172510	21.25	0.17	-53.41	19.32	18.7	1	1	1	1
20230328172511	21.26	0.03	-66.94	19.27	18.65	1	1	1	1
20230328172512	21.26	0.09	-58.6	19.23	18.63	1	1	1	1
20230328172513	21.25	0.11	-57.0	19.19	18.59	1	1	1	1
20230328172514	21.23	0.11	-57.01	19.14	18.55	1	1	1	1
20230328172516	21.23	0.09	-58.62	19.11	18.53	1	1	1	1
20230328172517	21.23	0.07	-60.59	19.08	18.52	1	1	1	1
20230328172518	21.22	0.09	-58.62	19.02	18.48	1	1	1	1
20230328172519	21.2	0.07	-60.61	18.99	18.45	1	1	1	1
20230328172520	21.19	0.09	-58.64	18.95	18.44	1	1	1	1
20230328172521	21.19	0.05	-63.19	18.92	18.39	1	1	1	1
20230328172522	21.19	0.05	-63.19	18.87	18.38	1	1	1	1
20230328172523	21.2	0.05	-63.19	18.85	18.33	1	1	1	1
20230328172524	21.19	0.09	-58.64	18.81	18.32	1	1	1	1
20230328172525	21.17	0.13	-55.68	18.79	18.3	1	1	1	1
20230328172526	21.16	0.11	-57.04	18.74	18.26	1	1	1	1
20230328172527	21.16	0.05	-63.21	18.72	18.26	1	1	1	1
20230328172528	21.15	0.13	-55.69	18.68	18.23	1	1	1	1
20230328172529	21.15	0.19	-52.52	18.65	18.2	1	1	1	1
20230328172530	21.15	0.07	-60.63	18.63	18.19	1	1	1	1
20230328172531	21.12	0.07	-60.65	18.59	18.16	1	1	1	1
20230328172532	21.13	0.01	-74.61	18.58	18.15	1	1	1	1
20230328172533	21.1	0.03	-67.01	18.55	18.15	1	1	1	1
20230328172534	21.1	0.09	-58.68	18.51	18.1	1	1	1	1
20230328172535	21.09	0.03	-67.02	18.48	18.09	1	1	1	1
20230328172537	21.09	0.09	-58.69	18.46	18.06	1	1	1	1
20230328172538	21.07	0.11	-57.09	18.45	18.05	1	1	1	1
20230328172539	21.09	0.11	-57.08	18.43	18.04	1	1	1	1
20230328172540	21.06	0.13	-55.73	18.39	18.01	1	1	1	1
20230328172541	21.07	0.11	-57.09	18.37	18.0	1	1	1	1
20230328172542	21.02	0.07	-60.69	18.33	17.97	1	1	1	1
20230328172543	21.03	0.15	-54.57	18.32	17.95	1	1	1	1
20230328172544	21.03	0.11	-57.11	18.3	17.95	1	1	1	1
20230328172545	21.02	0.05	-63.27	18.29	17.93	1	1	1	1
20230328172546	21.02	0.05	-63.27	18.25	17.91	1	1	1	1
20230328172547	21.0	0.07	-60.7	18.24	17.9	1	1	1	1
20230328172548	21.0	0.09	-58.73	18.22	17.89	1	1	1	1
20230328172549	20.99	0.11	-57.13	18.19	17.87	1	1	1	1
20230328172550	21.0	0.11	-57.12	18.18	17.86	1	1	1	1
20230328172551	20.97	0.06	-61.91	18.16	17.86	1	1	1	1
20230328172552	21.0	0.15	-54.58	18.15	17.82	1	1	1	1
20230328172553	20.96	0.09	-58.75	18.12	17.82	1	1	1	1
20230328172554	20.97	0.09	-58.74	18.1	17.82	1	1	1	1
20230328172555	20.97	0.05	-63.29	18.09	17.8	1	1	1	1
20230328172556	20.96	0.06	-61.91	18.08	17.79	1	1	1	1
20230328172557	20.9	0.08	-59.71	18.05	17.77	1	1	1	1
20230328172559	20.93	0.05	-63.31	18.05	17.77	1	1	1	1
20230328172600	20.92	0.06	-61.93	18.04	17.75	1	1	1	1
20230328172601	20.9	0.1	-57.94	18.02	17.75	1	1	1	1
20230328172602	20.87	0.08	-59.72	18.0	17.72	1	1	1	1
20230328172603	20.89	0.04	-65.0	17.98	17.7	1	1	1	1
20230328172604	20.89	0.06	-61.94	17.96	17.7	1	1	1	1
20230328172605	20.87	0.12	-56.48	17.95	17.69	1	1	1	1
20230328172606	20.86	0.06	-61.96	17.95	17.68	1	1	1	1
20230328172607	20.86	0.08	-59.73	17.93	17.67	1	1	1	1
20230328172608	20.86	0.04	-65.01	17.91	17.67	1	1	1	1
20230328172609	20.85	0.12	-56.49	17.9	17.66	1	1	1	1
20230328172610	20.85	0.06	-61.96	17.89	17.66	1	1	1	1
20230328172611	20.83	0.06	-61.97	17.88	17.65	1	1	1	1
20230328172612	20.83	0.04	-65.03	17.88	17.65	1	1	1	1
20230328172613	20.83	0.08	-59.74	17.86	17.62	1	1	1	1
20230328172614	20.83	0.16	-54.13	17.86	17.61	1	1	1	1
20230328172615	20.8	0.08	-59.76	17.84	17.6	1	1	1	1
20230328172616	20.8	0.06	-61.99	17.82	17.61	1	1	1	1
20230328172617	20.79	0.08	-59.76	17.82	17.59	1	1	1	1
20230328172618	20.78	0.04	-65.05	17.81	17.59	1	1	1	1
20230328172620	20.79	0.02	-70.03	17.8	17.58	1	1	1	1
20230328172621	20.78	0.08	-59.77	17.79	17.59	1	1	1	1
20230328172622	20.76	0.08	-59.78	17.8	17.58	1	1	1	1
20230328172623	20.78	0.06	-62.0	17.77	17.55	1	1	1	1
20230328172624	20.72	0.04	-65.08	17.77	17.57	1	1	1	1
20230328172625	20.73	0.06	-62.02	17.75	17.55	1	1	1	1
20230328172626	20.73	0.06	-62.02	17.75	17.54	1	1	1	1
20230328172627	20.73	0.12	-56.55	17.74	17.52	1	1	1	1
20230328172628	20.75	0.0	-88.73	17.73	17.53	1	1	1	1
20230328172629	20.72	0.1	-58.03	17.72	17.52	1	1	1	1
20230328172630	20.71	0.06	-62.03	17.72	17.53	1	1	1	1
20230328172631	20.72	0.08	-59.8	17.7	17.52	1	1	1	1
20230328172632	20.71	0.08	-59.8	17.7	17.51	1	1	1	1
20230328172633	20.72	0.08	-59.8	17.7	17.5	1	1	1	1
20230328172634	20.68	0.06	-62.04	17.68	17.51	1	1	1	1
20230328172635	20.68	0.1	-58.05	17.68	17.51	1	1	1	1
20230328172636	20.69	0.08	-59.81	17.67	17.48	1	1	1	1
20230328172637	20.69	0.04	-65.09	17.66	17.48	1	1	1	1
20230328172638	20.68	0.06	-62.04	17.66	17.47	1	1	1	1
20230328172639	20.66	0.1	-58.06	17.66	17.47	1	1	1	1
20230328172640	20.65	0.05	-63.44	17.66	17.46	1	1	1	1
20230328172642	20.65	0.05	-63.44	17.66	17.46	1	1	1	1
20230328172643	20.65	0.08	-59.83	17.66	17.48	1	1	1	1
20230328172644	20.63	0.05	-63.45	17.65	17.46	1	1	1	1
20230328172645	20.62	0.02	-70.11	17.65	17.46	1	1	1	1
20230328172646	20.63	0.0	-88.78	17.64	17.45	1	1	1	1
20230328172647	20.63	0.04	-65.12	17.62	17.45	1	1	1	1
20230328172648	20.63	0.08	-59.84	17.61	17.43	1	1	1	1
20230328172649	20.63	0.04	-65.12	17.61	17.43	1	1	1	1
20230328172650	20.59	0.11	-57.33	17.61	17.43	1	1	1	1
20230328172651	20.56	0.11	-57.34	17.61	17.41	1	1	1	1
20230328172652	20.58	0.03	-67.24	17.61	17.44	1	1	1	1
20230328172653	20.59	0.05	-63.47	17.61	17.43	1	1	1	1
20230328172654	20.56	0.07	-60.91	17.6	17.43	1	1	1	1
20230328172655	20.58	0.13	-55.98	17.6	17.43	1	1	1	1
20230328172656	20.56	0.03	-67.25	17.59	17.41	1	1	1	1
20230328172657	20.55	0.09	-58.95	17.59	17.41	1	1	1	1
20230328172658	20.55	0.11	-57.35	17.59	17.43	1	1	1	1
20230328172659	20.55	0.03	-67.26	17.58	17.41	1	1	1	1
20230328172700	20.55	0.11	-57.35	17.58	17.41	1	1	1	1
20230328172701	20.55	0.05	-63.49	17.57	17.41	1	1	1	1
20230328172703	20.53	0.02	-70.14	17.58	17.4	1	1	1	1
20230328172704	20.52	0.09	-58.96	17.58	17.39	1	1	1	1
20230328172705	20.52	0.03	-67.27	17.58	17.41	1	1	1	1
20230328172706	20.52	0.07	-60.93	17.58	17.41	1	1	1	1
20230328172707	20.52	0.09	-58.96	17.57	17.4	1	1	1	1
20230328172708	20.51	0.03	-67.27	17.55	17.41	1	1	1	1
20230328172709	20.51	0.11	-57.37	17.55	17.4	1	1	1	1
20230328172710	20.51	0.05	-63.51	17.55	17.4	1	1	1	1
20230328172711	20.49	0.05	-63.52	17.55	17.39	1	1	1	1
20230328172712	20.49	0.05	-63.52	17.55	17.39	1	1	1	1
20230328172713	20.51	0.01	-74.86	17.55	17.4	1	1	1	1
20230328172714	20.51	0.03	-67.27	17.55	17.38	1	1	1	1
20230328172715	20.48	0.05	-63.52	17.55	17.38	1	1	1	1
20230328172716	20.48	0.0	-88.83	17.55	17.39	1	1	1	1
20230328172717	20.48	0.07	-60.95	17.55	17.38	1	1	1	1
20230328172718	20.48	0.05	-63.52	17.55	17.37	1	1	1	1
20230328172719	20.48	0.07	-60.95	17.55	17.37	1	1	1	1
20230328172720	20.46	0.07	-60.96	17.55	17.39	1	1	1	1
20230328172721	20.43	0.09	-59.01	17.55	17.39	1	1	1	1
20230328172722	20.45	0.09	-59.0	17.55	17.38	1	1	1	1
20230328172724	20.43	0.05	-63.54	17.54	17.38	1	1	1	1
20230328172725	20.42	0.11	-57.41	17.54	17.38	1	1	1	1
20230328172726	20.43	0.07	-60.98	17.54	17.37	1	1	1	1
20230328172727	20.42	0.07	-60.98	17.54	17.38	1	1	1	1
20230328172728	20.43	0.13	-56.05	17.55	17.38	1	1	1	1
20230328172729	20.46	0.05	-63.53	17.54	17.37	1	1	1	1
20230328172730	20.41	0.05	-63.55	17.54	17.38	1	1	1	1
20230328172731	20.42	0.05	-63.55	17.54	17.38	1	1	1	1
20230328172732	20.42	0.07	-60.98	17.55	17.39	1	1	1	1
20230328172733	20.41	0.13	-56.06	17.54	17.37	1	1	1	1
20230328172734	20.41	0.07	-60.99	17.54	17.38	1	1	1	1
20230328172735	20.39	0.03	-67.33	17.55	17.37	1	1	1	1
20230328172736	20.39	0.03	-67.33	17.55	17.38	1	1	1	1
20230328172737	20.39	0.05	-63.56	17.54	17.37	1	1	1	1
20230328172738	20.39	0.01	-74.91	17.54	17.37	1	1	1	1
20230328172739	20.39	0.11	-57.43	17.54	17.38	1	1	1	1
20230328172740	20.39	0.03	-67.33	17.54	17.37	1	1	1	1
20230328172741	20.41	0.0	-88.85	17.53	17.38	1	1	1	1
20230328172742	20.38	0.03	-67.33	17.54	17.37	1	1	1	1
20230328172743	20.38	0.11	-57.43	17.55	17.38	1	1	1	1
20230328172744	20.39	0.01	-74.91	17.54	17.37	1	1	1	1
20230328172746	20.38	0.05	-63.57	17.55	17.37	1	1	1	1
20230328172747	20.36	0.09	-59.04	17.54	17.38	1	1	1	1
20230328172748	20.36	0.05	-63.58	17.57	17.39	1	1	1	1
20230328172749	20.36	0.09	-59.04	17.54	17.39	1	1	1	1
20230328172750	20.36	0.05	-63.58	17.55	17.37	1	1	1	1
20230328172751	20.36	0.09	-59.04	17.54	17.37	1	1	1	1
20230328172752	20.39	0.03	-67.33	17.55	17.37	1	1	1	1
20230328172753	20.38	0.07	-61.0	17.57	17.38	1	1	1	1
20230328172754	20.35	0.05	-63.58	17.57	17.37	1	1	1	1
20230328172755	20.35	0.09	-59.05	17.55	17.37	1	1	1	1
20230328172756	20.33	0.05	-63.59	17.55	17.37	1	1	1	1
20230328172757	20.36	0.05	-63.58	17.55	17.38	1	1	1	1
20230328172758	20.33	0.09	-59.06	17.55	17.37	1	1	1	1
20230328172759	20.32	0.03	-67.36	17.55	17.37	1	1	1	1
20230328172800	20.36	0.03	-67.34	17.55	17.37	1	1	1	1
20230328172801	20.32	0.03	-67.36	17.55	17.38	1	1	1	1
20230328172802	20.31	0.09	-59.07	17.58	17.38	1	1	1	1
20230328172803	20.31	0.13	-56.11	17.55	17.37	1	1	1	1
20230328172804	20.33	0.03	-67.35	17.55	17.37	1	1	1	1
20230328172805	20.32	0.03	-67.36	17.55	17.38	1	1	1	1
20230328172807	20.32	0.09	-59.06	17.55	17.38	1	1	1	1
20230328172808	20.33	0.05	-63.59	17.55	17.38	1	1	1	1
20230328172809	20.32	0.03	-67.36	17.57	17.38	1	1	1	1
20230328172810	20.31	0.07	-61.03	17.57	17.39	1	1	1	1
20230328172811	20.31	0.03	-67.36	17.58	17.38	1	1	1	1
20230328172812	20.32	0.09	-59.06	17.57	17.38	1	1	1	1
20230328172813	20.31	0.05	-63.6	17.57	17.37	1	1	1	1
20230328172814	20.31	0.07	-61.03	17.57	17.38	1	1	1	1
20230328172815	20.28	0.13	-56.13	17.57	17.37	1	1	1	1
20230328172816	20.28	0.05	-63.61	17.58	17.38	1	1	1	1
20230328172817	20.29	0.05	-63.61	17.58	17.39	1	1	1	1
20230328172818	20.32	0.13	-56.11	17.58	17.39	1	1	1	1
20230328172819	20.28	0.01	-74.96	17.58	17.4	1	1	1	1
20230328172820	20.29	0.09	-59.08	17.58	17.4	1	1	1	1
20230328172821	20.29	0.07	-61.04	17.59	17.43	1	1	1	1
20230328172822	20.27	0.07	-61.05	17.59	17.4	1	1	1	1
20230328172823	20.28	0.07	-61.05	17.59	17.4	1	1	1	1
20230328172824	20.27	0.05	-63.62	17.59	17.39	1	1	1	1
20230328172825	20.29	0.03	-67.37	17.59	17.4	1	1	1	1
20230328172826	20.29	0.05	-63.61	17.59	17.4	1	1	1	1
20230328172827	20.27	0.05	-63.62	17.6	17.39	1	1	1	1
20230328172829	20.27	0.03	-67.38	17.6	17.4	1	1	1	1
20230328172830	20.25	0.14	-55.54	17.6	17.41	1	1	1	1
20230328172831	20.25	0.08	-60.02	17.6	17.43	1	1	1	1
20230328172832	20.27	0.07	-61.05	17.6	17.41	1	1	1	1
20230328172833	20.29	0.11	-57.48	17.61	17.43	1	1	1	1
20230328172834	20.27	0.07	-61.05	17.61	17.41	1	1	1	1
20230328172835	20.25	0.01	-74.97	17.61	17.41	1	1	1	1
20230328172836	20.25	0.08	-60.02	17.61	17.41	1	1	1	1
20230328172837	20.27	0.07	-61.05	17.61	17.41	1	1	1	1
20230328172838	20.29	0.03	-67.37	17.61	17.41	1	1	1	1
20230328172839	20.28	0.01	-74.96	17.61	17.41	1	1	1	1
20230328172840	20.25	0.01	-74.97	17.61	17.41	1	1	1	1
20230328172841	20.27	0.03	-67.38	17.61	17.43	1	1	1	1
20230328172842	20.27	0.14	-55.53	17.64	17.44	1	1	1	1
20230328172843	20.25	0.05	-63.63	17.62	17.44	1	1	1	1
20230328172844	20.27	0.03	-67.38	17.62	17.43	1	1	1	1
20230328172845	20.25	0.07	-61.06	17.62	17.43	1	1	1	1
20230328172846	20.25	0.05	-63.63	17.64	17.43	1	1	1	1
20230328172847	20.27	0.01	-74.96	17.64	17.43	1	1	1	1
20230328172848	20.27	0.07	-61.05	17.64	17.44	1	1	1	1
20230328172850	20.27	0.05	-63.62	17.64	17.44	1	1	1	1
20230328172851	20.25	0.13	-56.14	17.65	17.43	1	1	1	1
20230328172852	20.25	0.05	-63.63	17.65	17.41	1	1	1	1
20230328172853	20.24	0.0	-88.91	17.65	17.43	1	1	1	1
20230328172854	20.22	0.04	-65.3	17.66	17.45	1	1	1	1
20230328172855	20.27	0.05	-63.62	17.66	17.44	1	1	1	1
20230328172856	20.27	0.09	-59.09	17.67	17.44	1	1	1	1
20230328172857	20.25	0.05	-63.63	17.67	17.44	1	1	1	1
20230328172858	20.24	0.04	-65.3	17.66	17.43	1	1	1	1
20230328172859	20.24	0.02	-70.27	17.66	17.44	1	1	1	1
20230328172900	20.25	0.07	-61.06	17.66	17.44	1	1	1	1
20230328172901	20.25	0.08	-60.02	17.66	17.44	1	1	1	1
20230328172902	20.21	0.04	-65.31	17.66	17.45	1	1	1	1
20230328172903	20.21	0.07	-61.08	17.67	17.44	1	1	1	1
20230328172904	20.22	0.0	-88.92	17.67	17.46	1	1	1	1
20230328172905	20.25	0.02	-70.26	17.67	17.46	1	1	1	1
20230328172906	20.24	0.01	-74.97	17.67	17.46	1	1	1	1
20230328172907	20.25	0.01	-74.97	17.68	17.46	1	1	1	1
20230328172908	20.24	0.04	-65.3	17.68	17.46	1	1	1	1
20230328172909	20.24	0.07	-61.07	17.68	17.46	1	1	1	1
20230328172911	20.22	0.08	-60.04	17.68	17.46	1	1	1	1
20230328172912	20.21	0.07	-61.08	17.69	17.45	1	1	1	1
20230328172913	20.22	0.07	-61.08	17.69	17.46	1	1	1	1
20230328172914	20.22	0.07	-61.08	17.69	17.46	1	1	1	1
20230328172915	20.24	0.04	-65.3	17.69	17.46	1	1	1	1
20230328172916	20.24	0.04	-65.3	17.7	17.48	1	1	1	1
20230328172917	20.24	0.07	-61.07	17.7	17.46	1	1	1	1
20230328172918	20.24	0.07	-61.07	17.7	17.47	1	1	1	1
20230328172919	20.22	0.07	-61.08	17.7	17.5	1	1	1	1
20230328172920	20.24	0.02	-70.27	17.7	17.47	1	1	1	1
20230328172921	20.22	0.01	-74.98	17.7	17.48	1	1	1	1
20230328172922	20.25	0.05	-63.63	17.7	17.5	1	1	1	1
20230328172923	20.21	0.02	-70.28	17.72	17.48	1	1	1	1
20230328172924	20.22	0.04	-65.3	17.72	17.48	1	1	1	1
20230328172925	20.19	0.06	-62.27	17.73	17.5	1	1	1	1
20230328172926	20.21	0.08	-60.04	17.73	17.5	1	1	1	1
20230328172927	20.22	0.07	-61.08	17.73	17.51	1	1	1	1
20230328172928	20.22	0.04	-65.3	17.73	17.51	1	1	1	1
20230328172929	20.22	0.04	-65.3	17.73	17.51	1	1	1	1
20230328172930	20.22	0.04	-65.3	17.73	17.51	1	1	1	1
20230328172931	20.22	0.07	-61.08	17.74	17.51	1	1	1	1
20230328172933	20.22	0.07	-61.08	17.73	17.51	1	1	1	1
20230328172934	20.22	0.07	-61.08	17.74	17.51	1	1	1	1
20230328172935	20.24	0.0	-88.91	17.75	17.51	1	1	1	1
20230328172936	20.21	0.01	-74.98	17.75	17.51	1	1	1	1
20230328172937	20.21	0.04	-65.31	17.76	17.51	1	1	1	1
20230328172938	20.24	0.02	-70.27	17.76	17.52	1	1	1	1
20230328172939	20.22	0.01	-74.98	17.75	17.51	1	1	1	1
20230328172940	20.21	0.07	-61.08	17.75	17.51	1	1	1	1
20230328172941	20.22	0.0	-88.92	17.76	17.51	1	1	1	1
20230328172942	20.22	0.01	-74.98	17.75	17.52	1	1	1	1
20230328172943	20.22	0.04	-65.3	17.76	17.52	1	1	1	1
20230328172944	20.22	0.1	-58.27	17.76	17.51	1	1	1	1
20230328172945	20.22	0.02	-70.28	17.77	17.51	1	1	1	1
20230328172946	20.22	0.07	-61.08	17.77	17.52	1	1	1	1
20230328172947	20.24	0.07	-61.07	17.77	17.51	1	1	1	1
20230328172948	20.22	0.07	-61.08	17.79	17.51	1	1	1	1
20230328172949	20.24	0.02	-70.27	17.79	17.52	1	1	1	1
20230328172950	20.21	0.04	-65.31	17.79	17.53	1	1	1	1
20230328172951	20.24	0.04	-65.3	17.79	17.52	1	1	1	1
20230328172952	20.21	0.04	-65.31	17.8	17.54	1	1	1	1
20230328172954	20.25	0.11	-57.5	17.8	17.53	1	1	1	1
20230328172955	20.24	0.01	-74.97	17.8	17.53	1	1	1	1
20230328172956	20.24	0.08	-60.03	17.8	17.55	1	1	1	1
20230328172957	20.22	0.02	-70.28	17.8	17.54	1	1	1	1
20230328172958	20.21	0.04	-65.31	17.8	17.54	1	1	1	1
20230328172959	20.24	0.07	-61.07	17.81	17.55	1	1	1	1
20230328173000	20.21	0.02	-70.28	17.82	17.54	1	1	1	1
20230328173001	20.22	0.04	-65.3	17.81	17.53	1	1	1	1
20230328173002	20.22	0.1	-58.27	17.81	17.54	1	1	1	1
20230328173003	20.24	0.02	-70.27	17.82	17.55	1	1	1	1
20230328173004	20.24	0.01	-74.97	17.82	17.55	1	1	1	1
20230328173005	20.22	0.02	-70.28	17.82	17.57	1	1	1	1
20230328173006	20.25	0.07	-61.06	17.83	17.55	1	1	1	1
20230328173007	20.22	0.13	-56.16	17.82	17.55	1	1	1	1
20230328173008	20.24	0.07	-61.07	17.84	17.58	1	1	1	1
20230328173009	20.25	0.02	-70.26	17.83	17.57	1	1	1	1
20230328173010	20.25	0.08	-60.02	17.83	17.55	1	1	1	1
20230328173011	20.22	0.02	-70.28	17.84	17.55	1	1	1	1
20230328173012	20.24	0.02	-70.27	17.86	17.58	1	1	1	1
20230328173013	20.24	0.04	-65.3	17.84	17.57	1	1	1	1
20230328173014	20.24	0.1	-58.26	17.86	17.58	1	1	1	1
20230328173016	20.25	0.02	-70.26	17.86	17.58	1	1	1	1
20230328173017	20.25	0.07	-61.06	17.86	17.58	1	1	1	1
20230328173018	20.21	0.04	-65.31	17.86	17.58	1	1	1	1
20230328173019	20.25	0.07	-61.06	17.87	17.58	1	1	1	1
20230328173020	20.24	0.14	-55.54	17.86	17.58	1	1	1	1
20230328173021	20.22	0.07	-61.08	17.88	17.6	1	1	1	1
20230328173022	20.25	0.02	-70.26	17.88	17.61	1	1	1	1
20230328173023	20.24	0.04	-65.3	17.87	17.59	1	1	1	1
20230328173024	20.24	0.07	-61.07	17.88	17.59	1	1	1	1
20230328173025	20.22	0.02	-70.28	17.88	17.61	1	1	1	1
20230328173026	20.28	0.07	-61.05	17.88	17.61	1	1	1	1
20230328173027	20.24	0.07	-61.07	17.88	17.61	1	1	1	1
20230328173028	20.22	0.04	-65.3	17.89	17.61	1	1	1	1
20230328173029	20.24	0.08	-60.03	17.9	17.62	1	1	1	1
20230328173030	20.25	0.05	-63.63	17.89	17.6	1	1	1	1
20230328173031	20.25	0.02	-70.26	17.9	17.61	1	1	1	1
20230328173032	20.24	0.02	-70.27	17.9	17.61	1	1	1	1
20230328173033	20.25	0.05	-63.63	17.91	17.62	1	1	1	1
20230328173034	20.24	0.07	-61.07	17.9	17.61	1	1	1	1
20230328173035	20.24	0.04	-65.3	17.9	17.61	1	1	1	1
20230328173037	20.25	0.05	-63.63	17.91	17.61	1	1	1	1
20230328173038	20.25	0.05	-63.63	17.9	17.61	1	1	1	1
20230328173039	20.24	0.1	-58.26	17.91	17.61	1	1	1	1
20230328173040	20.25	0.07	-61.06	17.91	17.61	1	1	1	1
20230328173041	20.25	0.05	-63.63	17.93	17.62	1	1	1	1
20230328173042	20.27	0.05	-63.62	17.93	17.62	1	1	1	1
20230328173043	20.24	0.07	-61.07	17.94	17.65	1	1	1	1
20230328173044	20.28	0.07	-61.05	17.93	17.62	1	1	1	1
20230328173045	20.25	0.08	-60.02	17.94	17.62	1	1	1	1
20230328173046	20.25	0.01	-74.97	17.94	17.62	1	1	1	1
20230328173047	20.27	0.03	-67.38	17.94	17.65	1	1	1	1
20230328173048	20.25	0.05	-63.63	17.95	17.64	1	1	1	1
20230328173049	20.28	0.09	-59.08	17.95	17.64	1	1	1	1
20230328173050	20.27	0.09	-59.09	17.95	17.65	1	1	1	1
20230328173051	20.27	0.07	-61.05	17.96	17.66	1	1	1	1
20230328173052	20.25	0.07	-61.06	17.95	17.66	1	1	1	1
20230328173053	20.28	0.09	-59.08	17.95	17.65	1	1	1	1
20230328173054	20.25	0.05	-63.63	17.96	17.66	1	1	1	1
20230328173055	20.27	0.05	-63.62	17.96	17.66	1	1	1	1
20230328173056	20.28	0.05	-63.61	17.97	17.66	1	1	1	1
20230328173058	20.27	0.01	-74.96	17.96	17.66	1	1	1	1
20230328173059	20.27	0.05	-63.62	17.97	17.66	1	1	1	1
20230328173100	20.28	0.01	-74.96	17.97	17.66	1	1	1	1
20230328173101	20.28	0.07	-61.05	17.97	17.67	1	1	1	1
20230328173102	20.28	0.05	-63.61	17.97	17.66	1	1	1	1
20230328173103	20.28	0.13	-56.13	17.98	17.67	1	1	1	1
20230328173104	20.24	0.04	-65.3	18.01	17.68	1	1	1	1
20230328173105	20.27	0.01	-74.96	18.01	17.68	1	1	1	1
20230328173106	20.27	0.07	-61.05	18.0	17.68	1	1	1	1
20230328173107	20.29	0.01	-74.95	18.0	17.67	1	1	1	1
20230328173108	20.27	0.05	-63.62	18.0	17.67	1	1	1	1
20230328173109	20.27	0.05	-63.62	18.0	17.67	1	1	1	1
20230328173110	20.28	0.07	-61.05	18.0	17.68	1	1	1	1
20230328173111	20.28	0.07	-61.05	18.01	17.69	1	1	1	1
20230328173112	20.28	0.05	-63.61	18.0	17.69	1	1	1	1
20230328173113	20.29	0.13	-56.12	18.0	17.69	1	1	1	1
20230328173114	20.28	0.07	-61.05	18.01	17.69	1	1	1	1
20230328173115	20.27	0.0	-88.9	18.02	17.69	1	1	1	1
20230328173116	20.28	0.03	-67.38	18.02	17.7	1	1	1	1
20230328173117	20.29	0.05	-63.61	18.03	17.69	1	1	1	1
20230328173118	20.28	0.0	-88.9	18.03	17.7	1	1	1	1
20230328173120	20.29	0.09	-59.08	18.03	17.7	1	1	1	1
20230328173121	20.29	0.03	-67.37	18.04	17.7	1	1	1	1
20230328173122	20.31	0.01	-74.94	18.04	17.69	1	1	1	1
20230328173123	20.31	0.05	-63.6	18.05	17.72	1	1	1	1
20230328173124	20.31	0.05	-63.6	18.04	17.7	1	1	1	1
20230328173125	20.31	0.03	-67.36	18.06	17.73	1	1	1	1
20230328173126	20.31	0.07	-61.03	18.06	17.73	1	1	1	1
20230328173127	20.29	0.0	-88.89	18.04	17.72	1	1	1	1
20230328173128	20.28	0.11	-57.48	18.04	17.72	1	1	1	1
20230328173129	20.31	0.03	-67.36	18.05	17.72	1	1	1	1
20230328173130	20.31	0.01	-74.94	18.06	17.72	1	1	1	1
20230328173131	20.31	0.05	-63.6	18.06	17.73	1	1	1	1
20230328173132	20.31	0.15	-54.94	18.06	17.72	1	1	1	1
20230328173133	20.31	0.05	-63.6	18.06	17.73	1	1	1	1
20230328173134	20.31	0.11	-57.47	18.06	17.73	1	1	1	1
20230328173135	20.33	0.09	-59.06	18.08	17.73	1	1	1	1
20230328173136	20.29	0.07	-61.04	18.08	17.72	1	1	1	1
20230328173137	20.31	0.05	-63.6	18.08	17.74	1	1	1	1
20230328173138	20.31	0.03	-67.36	18.09	17.72	1	1	1	1
20230328173139	20.32	0.07	-61.03	18.09	17.75	1	1	1	1
20230328173141	20.32	0.05	-63.6	18.09	17.73	1	1	1	1
20230328173142	20.32	0.07	-61.03	18.11	17.74	1	1	1	1
20230328173143	20.33	0.07	-61.02	18.09	17.74	1	1	1	1
20230328173144	20.33	0.05	-63.59	18.11	17.74	1	1	1	1
20230328173145	20.32	0.07	-61.03	18.1	17.75	1	1	1	1
20230328173146	20.31	0.07	-61.03	18.1	17.76	1	1	1	1
20230328173147	20.33	0.11	-57.46	18.11	17.74	1	1	1	1
20230328173148	20.31	0.01	-74.94	18.11	17.76	1	1	1	1
20230328173149	20.32	0.07	-61.03	18.12	17.77	1	1	1	1
20230328173150	20.32	0.09	-59.06	18.12	17.76	1	1	1	1
20230328173151	20.33	0.07	-61.02	18.11	17.75	1	1	1	1
20230328173152	20.33	0.03	-67.35	18.12	17.77	1	1	1	1
20230328173153	20.33	0.11	-57.46	18.12	17.77	1	1	1	1
20230328173154	20.33	0.09	-59.06	18.13	17.76	1	1	1	1
20230328173155	20.33	0.13	-56.1	18.13	17.77	1	1	1	1
20230328173156	20.35	0.09	-59.05	18.15	17.77	1	1	1	1
20230328173157	20.33	0.03	-67.35	18.15	17.77	1	1	1	1
20230328173158	20.35	0.05	-63.58	18.15	17.79	1	1	1	1
20230328173159	20.35	0.09	-59.05	18.15	17.77	1	1	1	1
20230328173200	20.36	0.09	-59.04	18.15	17.79	1	1	1	1
20230328173201	20.35	0.03	-67.35	18.15	17.79	1	1	1	1
20230328173203	20.35	0.07	-61.01	18.15	17.8	1	1	1	1
20230328173204	20.36	0.05	-63.58	18.15	17.77	1	1	1	1
20230328173205	20.36	0.05	-63.58	18.16	17.8	1	1	1	1
20230328173206	20.35	0.11	-57.45	18.16	17.79	1	1	1	1
20230328173207	20.33	0.07	-61.02	18.17	17.8	1	1	1	1
20230328173208	20.35	0.07	-61.01	18.17	17.8	1	1	1	1
20230328173209	20.35	0.03	-67.35	18.16	17.8	1	1	1	1
20230328173210	20.35	0.07	-61.01	18.18	17.81	1	1	1	1
20230328173211	20.38	0.07	-61.0	18.17	17.8	1	1	1	1
20230328173212	20.36	0.05	-63.58	18.18	17.81	1	1	1	1
20230328173213	20.38	0.0	-88.86	18.18	17.81	1	1	1	1
20230328173214	20.38	0.05	-63.57	18.18	17.81	1	1	1	1
20230328173215	20.38	0.01	-74.91	18.19	17.82	1	1	1	1
20230328173216	20.38	0.07	-61.0	18.18	17.81	1	1	1	1
20230328173217	20.38	0.09	-59.03	18.19	17.81	1	1	1	1
20230328173218	20.39	0.01	-74.91	18.19	17.81	1	1	1	1
20230328173219	20.39	0.05	-63.56	18.2	17.82	1	1	1	1
20230328173220	20.38	0.0	-88.86	18.19	17.82	1	1	1	1
20230328173221	20.39	0.07	-60.99	18.19	17.83	1	1	1	1
20230328173222	20.38	0.05	-63.57	18.2	17.81	1	1	1	1
20230328173224	20.38	0.11	-57.43	18.2	17.82	1	1	1	1
20230328173225	20.39	0.07	-60.99	18.2	17.83	1	1	1	1
20230328173226	20.38	0.03	-67.33	18.22	17.83	1	1	1	1
20230328173227	20.38	0.07	-61.0	18.22	17.84	1	1	1	1
20230328173228	20.41	0.05	-63.55	18.22	17.86	1	1	1	1
20230328173229	20.41	0.07	-60.99	18.22	17.84	1	1	1	1
20230328173230	20.41	0.07	-60.99	18.23	17.84	1	1	1	1
20230328173231	20.38	0.07	-61.0	18.23	17.84	1	1	1	1
20230328173232	20.41	0.07	-60.99	18.24	17.87	1	1	1	1
20230328173233	20.41	0.07	-60.99	18.25	17.84	1	1	1	1
20230328173234	20.41	0.07	-60.99	18.24	17.86	1	1	1	1
20230328173235	20.42	0.01	-74.9	18.24	17.86	1	1	1	1
20230328173236	20.42	0.09	-59.01	18.24	17.86	1	1	1	1
20230328173237	20.41	0.09	-59.02	18.24	17.86	1	1	1	1
20230328173238	20.41	0.13	-56.06	18.24	17.84	1	1	1	1
20230328173239	20.39	0.03	-67.33	18.24	17.86	1	1	1	1
20230328173240	20.42	0.07	-60.98	18.25	17.87	1	1	1	1
20230328173241	20.41	0.03	-67.32	18.24	17.86	1	1	1	1
20230328173242	20.41	0.11	-57.42	18.25	17.86	1	1	1	1
20230328173243	20.42	0.09	-59.01	18.26	17.87	1	1	1	1
20230328173244	20.42	0.09	-59.01	18.26	17.88	1	1	1	1
20230328173246	20.39	0.11	-57.43	18.26	17.86	1	1	1	1
20230328173247	20.42	0.07	-60.98	18.26	17.87	1	1	1	1
20230328173248	20.42	0.05	-63.55	18.27	17.87	1	1	1	1
20230328173249	20.42	0.05	-63.55	18.27	17.88	1	1	1	1
20230328173250	20.46	0.11	-57.39	18.27	17.88	1	1	1	1
20230328173251	20.43	0.13	-56.05	18.3	17.9	1	1	1	1
20230328173252	20.45	0.09	-59.0	18.27	17.88	1	1	1	1
20230328173253	20.42	0.07	-60.98	18.29	17.89	1	1	1	1
20230328173254	20.43	0.07	-60.98	18.3	17.9	1	1	1	1
20230328173255	20.43	0.0	-88.84	18.29	17.88	1	1	1	1
20230328173256	20.45	0.05	-63.54	18.29	17.88	1	1	1	1
20230328173257	20.45	0.09	-59.0	18.29	17.89	1	1	1	1
20230328173258	20.43	0.07	-60.98	18.29	17.89	1	1	1	1
20230328173259	20.43	0.07	-60.98	18.3	17.89	1	1	1	1
20230328173300	20.43	0.03	-67.31	18.3	17.9	1	1	1	1
20230328173301	20.45	0.07	-60.97	18.31	17.9	1	1	1	1
20230328173302	20.43	0.01	-74.89	18.31	17.9	1	1	1	1
20230328173303	20.45	0.05	-63.54	18.31	17.9	1	1	1	1
20230328173304	20.45	0.07	-60.97	18.31	17.9	1	1	1	1
20230328173305	20.43	0.07	-60.98	18.32	17.9	1	1	1	1
20230328173307	20.46	0.05	-63.53	18.32	17.9	1	1	1	1
20230328173308	20.46	0.03	-67.3	18.32	17.9	1	1	1	1
20230328173309	20.45	0.07	-60.97	18.33	17.9	1	1	1	1
20230328173310	20.43	0.01	-74.89	18.34	17.9	1	1	1	1
20230328173311	20.46	0.07	-60.96	18.33	17.91	1	1	1	1
20230328173312	20.48	0.03	-67.29	18.33	17.91	1	1	1	1
20230328173313	20.46	0.01	-74.88	18.33	17.91	1	1	1	1
20230328173314	20.49	0.05	-63.52	18.33	17.93	1	1	1	1
20230328173315	20.48	0.07	-60.95	18.33	17.95	1	1	1	1
20230328173316	20.48	0.09	-58.98	18.36	17.93	1	1	1	1
20230328173317	20.48	0.07	-60.95	18.36	17.93	1	1	1	1
20230328173318	20.51	0.01	-74.86	18.36	17.94	1	1	1	1
20230328173319	20.49	0.07	-60.95	18.34	17.93	1	1	1	1
20230328173320	20.49	0.09	-58.98	18.36	17.93	1	1	1	1
20230328173321	20.49	0.07	-60.95	18.36	17.94	1	1	1	1
20230328173322	20.48	0.09	-58.98	18.36	17.93	1	1	1	1
20230328173323	20.49	0.07	-60.95	18.36	17.94	1	1	1	1
20230328173324	20.51	0.07	-60.94	18.36	17.95	1	1	1	1
20230328173325	20.51	0.13	-56.01	18.37	17.95	1	1	1	1
20230328173326	20.51	0.05	-63.51	18.37	17.94	1	1	1	1
20230328173327	20.52	0.09	-58.96	18.37	17.95	1	1	1	1
20230328173329	20.51	0.05	-63.51	18.38	17.95	1	1	1	1
20230328173330	20.51	0.01	-74.86	18.38	17.94	1	1	1	1
20230328173331	20.51	0.11	-57.37	18.38	17.95	1	1	1	1
20230328173332	20.53	0.09	-58.96	18.39	17.95	1	1	1	1
20230328173333	20.52	0.09	-58.96	18.39	17.96	1	1	1	1
20230328173334	20.49	0.01	-74.87	18.39	17.95	1	1	1	1
20230328173335	20.51	0.05	-63.51	18.39	17.95	1	1	1	1
20230328173336	20.52	0.07	-60.93	18.39	17.95	1	1	1	1
20230328173337	20.51	0.07	-60.94	18.39	17.96	1	1	1	1
20230328173338	20.52	0.05	-63.5	18.39	17.96	1	1	1	1
20230328173339	20.52	0.03	-67.27	18.39	17.96	1	1	1	1
20230328173340	20.55	0.05	-63.49	18.4	17.97	1	1	1	1
20230328173341	20.56	0.07	-60.91	18.4	17.97	1	1	1	1
20230328173342	20.53	0.03	-67.26	18.41	17.98	1	1	1	1
20230328173343	20.53	0.05	-63.5	18.41	17.97	1	1	1	1
20230328173344	20.53	0.03	-67.26	18.43	17.98	1	1	1	1
20230328173345	20.55	0.07	-60.92	18.41	17.98	1	1	1	1
20230328173346	20.52	0.09	-58.96	18.41	17.97	1	1	1	1
20230328173347	20.53	0.07	-60.93	18.43	17.98	1	1	1	1
20230328173348	20.55	0.11	-57.35	18.43	17.98	1	1	1	1
20230328173350	20.53	0.07	-60.93	18.44	17.98	1	1	1	1
20230328173351	20.56	0.03	-67.25	18.44	17.98	1	1	1	1
20230328173352	20.55	0.09	-58.95	18.44	18.0	1	1	1	1
20230328173353	20.53	0.05	-63.5	18.44	18.0	1	1	1	1
20230328173354	20.56	0.02	-70.13	18.44	18.0	1	1	1	1
20230328173355	20.56	0.03	-67.25	18.44	18.0	1	1	1	1
20230328173356	20.55	0.05	-63.49	18.44	18.0	1	1	1	1
20230328173357	20.58	0.03	-67.24	18.44	18.0	1	1	1	1
20230328173358	20.56	0.07	-60.91	18.45	18.0	1	1	1	1
20230328173359	20.55	0.05	-63.49	18.46	18.01	1	1	1	1
20230328173400	20.58	0.02	-70.12	18.45	18.0	1	1	1	1
20230328173401	20.58	0.03	-67.24	18.45	18.01	1	1	1	1
20230328173402	20.56	0.05	-63.48	18.46	18.0	1	1	1	1
20230328173403	20.58	0.05	-63.48	18.46	18.01	1	1	1	1
20230328173404	20.56	0.03	-67.25	18.47	18.02	1	1	1	1
20230328173405	20.58	0.09	-58.93	18.47	18.0	1	1	1	1
20230328173406	20.59	0.05	-63.47	18.47	18.01	1	1	1	1
20230328173407	20.61	0.05	-63.46	18.47	18.02	1	1	1	1
20230328173408	20.59	0.11	-57.33	18.48	18.02	1	1	1	1
20230328173409	20.59	0.07	-60.9	18.47	18.03	1	1	1	1
20230328173411	20.59	0.04	-65.14	18.48	18.02	1	1	1	1
20230328173412	20.59	0.05	-63.47	18.48	18.03	1	1	1	1
20230328173413	20.61	0.1	-58.08	18.48	18.03	1	1	1	1
20230328173414	20.61	0.02	-70.11	18.48	18.04	1	1	1	1
20230328173415	20.58	0.09	-58.93	18.48	18.02	1	1	1	1
20230328173416	20.62	0.11	-57.31	18.48	18.02	1	1	1	1
20230328173417	20.61	0.0	-88.78	18.5	18.02	1	1	1	1
20230328173418	20.59	0.07	-60.9	18.5	18.03	1	1	1	1
20230328173419	20.62	0.08	-59.84	18.5	18.03	1	1	1	1
20230328173420	20.61	0.08	-59.85	18.5	18.04	1	1	1	1
20230328173421	20.62	0.08	-59.84	18.52	18.04	1	1	1	1
20230328173422	20.61	0.08	-59.85	18.51	18.05	1	1	1	1
20230328173423	20.62	0.08	-59.84	18.52	18.04	1	1	1	1
20230328173424	20.62	0.05	-63.46	18.52	18.04	1	1	1	1
20230328173425	20.62	0.04	-65.12	18.52	18.04	1	1	1	1
20230328173426	20.62	0.02	-70.11	18.52	18.04	1	1	1	1
20230328173427	20.62	0.08	-59.84	18.53	18.06	1	1	1	1
20230328173428	20.62	0.08	-59.84	18.52	18.05	1	1	1	1
20230328173429	20.63	0.14	-55.34	18.53	18.04	1	1	1	1
20230328173430	20.65	0.08	-59.83	18.53	18.05	1	1	1	1
20230328173431	20.63	0.05	-63.45	18.53	18.05	1	1	1	1
20230328173433	20.62	0.04	-65.12	18.53	18.05	1	1	1	1
20230328173434	20.63	0.05	-63.45	18.53	18.04	1	1	1	1
20230328173435	20.62	0.05	-63.46	18.54	18.06	1	1	1	1
20230328173436	20.65	0.05	-63.44	18.54	18.06	1	1	1	1
20230328173437	20.62	0.05	-63.46	18.54	18.06	1	1	1	1
20230328173438	20.65	0.02	-70.09	18.55	18.06	1	1	1	1
20230328173439	20.63	0.1	-58.07	18.55	18.06	1	1	1	1
20230328173440	20.66	0.06	-62.05	18.54	18.08	1	1	1	1
20230328173441	20.65	0.04	-65.11	18.55	18.06	1	1	1	1
20230328173442	20.66	0.1	-58.06	18.58	18.09	1	1	1	1
20230328173443	20.68	0.06	-62.04	18.55	18.08	1	1	1	1
20230328173444	20.66	0.12	-56.59	18.57	18.09	1	1	1	1
20230328173445	20.66	0.12	-56.59	18.57	18.09	1	1	1	1
20230328173446	20.66	0.12	-56.59	18.55	18.09	1	1	1	1
20230328173447	20.66	0.08	-59.82	18.57	18.09	1	1	1	1
20230328173448	20.65	0.04	-65.11	18.58	18.09	1	1	1	1
20230328173449	20.68	0.0	-88.76	18.58	18.09	1	1	1	1
20230328173450	20.68	0.04	-65.09	18.58	18.09	1	1	1	1
20230328173451	20.65	0.08	-59.83	18.58	18.09	1	1	1	1
20230328173452	20.69	0.12	-56.57	18.58	18.09	1	1	1	1
20230328173453	20.68	0.12	-56.58	18.58	18.1	1	1	1	1
20230328173455	20.68	0.02	-70.08	18.58	18.09	1	1	1	1
20230328173456	20.69	0.06	-62.04	18.59	18.09	1	1	1	1
20230328173457	20.69	0.02	-70.08	18.59	18.1	1	1	1	1
20230328173458	20.69	0.14	-55.31	18.59	18.1	1	1	1	1
20230328173459	20.69	0.14	-55.31	18.59	18.1	1	1	1	1
20230328173500	20.69	0.1	-58.04	18.6	18.11	1	1	1	1
20230328173501	20.72	0.12	-56.56	18.6	18.11	1	1	1	1
20230328173502	20.69	0.12	-56.57	18.6	18.11	1	1	1	1
20230328173503	20.73	0.04	-65.07	18.6	18.11	1	1	1	1
20230328173504	20.71	0.08	-59.8	18.61	18.11	1	1	1	1
20230328173505	20.72	0.06	-62.02	18.63	18.12	1	1	1	1
20230328173506	20.69	0.04	-65.09	18.61	18.12	1	1	1	1
20230328173507	20.71	0.08	-59.8	18.63	18.12	1	1	1	1
20230328173508	20.72	0.08	-59.8	18.63	18.11	1	1	1	1
20230328173509	20.72	0.04	-65.08	18.63	18.12	1	1	1	1
20230328173510	20.72	0.06	-62.02	18.63	18.12	1	1	1	1
20230328173511	20.72	0.0	-88.75	18.64	18.12	1	1	1	1
20230328173512	20.71	0.12	-56.56	18.64	18.12	1	1	1	1
20230328173513	20.71	0.04	-65.08	18.64	18.12	1	1	1	1
20230328173514	20.73	0.06	-62.02	18.64	18.15	1	1	1	1
20230328173516	20.72	0.06	-62.02	18.64	18.15	1	1	1	1
20230328173517	20.73	0.1	-58.02	18.64	18.15	1	1	1	1
20230328173518	20.72	0.1	-58.03	18.64	18.15	1	1	1	1
20230328173519	20.73	0.06	-62.02	18.64	18.15	1	1	1	1
20230328173520	20.72	0.04	-65.08	18.65	18.15	1	1	1	1
20230328173521	20.75	0.04	-65.06	18.65	18.15	1	1	1	1
20230328173522	20.72	0.1	-58.03	18.65	18.15	1	1	1	1
20230328173523	20.75	0.12	-56.54	18.66	18.15	1	1	1	1
20230328173524	20.76	0.08	-59.78	18.66	18.17	1	1	1	1
20230328173525	20.75	0.02	-70.05	18.66	18.16	1	1	1	1
20230328173526	20.75	0.06	-62.01	18.66	18.15	1	1	1	1
20230328173527	20.73	0.06	-62.02	18.66	18.15	1	1	1	1
20230328173528	20.75	0.1	-58.01	18.66	18.16	1	1	1	1
20230328173529	20.76	0.06	-62.01	18.67	18.16	1	1	1	1
20230328173530	20.75	0.08	-59.78	18.68	18.16	1	1	1	1
20230328173531	20.78	0.04	-65.05	18.68	18.16	1	1	1	1
20230328173532	20.76	0.08	-59.78	18.68	18.16	1	1	1	1
20230328173533	20.78	0.14	-55.27	18.68	18.16	1	1	1	1
20230328173534	20.76	0.04	-65.06	18.68	18.16	1	1	1	1
20230328173535	20.78	0.04	-65.05	18.68	18.17	1	1	1	1
20230328173536	20.79	0.1	-57.99	18.68	18.17	1	1	1	1
20230328173538	20.78	0.06	-62.0	18.68	18.18	1	1	1	1
20230328173539	20.78	0.02	-70.04	18.7	18.17	1	1	1	1
20230328173540	20.78	0.12	-56.53	18.7	18.17	1	1	1	1
20230328173541	20.79	0.12	-56.52	18.7	18.17	1	1	1	1
20230328173542	20.76	0.08	-59.78	18.7	18.17	1	1	1	1
20230328173543	20.79	0.04	-65.04	18.7	18.17	1	1	1	1
20230328173544	20.79	0.1	-57.99	18.71	18.18	1	1	1	1
20230328173545	20.79	0.08	-59.76	18.71	18.18	1	1	1	1
20230328173546	20.82	0.06	-61.98	18.71	18.18	1	1	1	1
20230328173547	20.8	0.0	-88.72	18.72	18.2	1	1	1	1
20230328173548	20.83	0.08	-59.74	18.71	18.19	1	1	1	1
20230328173549	20.79	0.08	-59.76	18.72	18.19	1	1	1	1
20230328173550	20.79	0.12	-56.52	18.72	18.19	1	1	1	1
20230328173551	20.82	0.08	-59.75	18.72	18.19	1	1	1	1
20230328173552	20.82	0.06	-61.98	18.73	18.2	1	1	1	1
20230328173553	20.8	0.04	-65.04	18.73	18.19	1	1	1	1
20230328173554	20.82	0.04	-65.03	18.73	18.19	1	1	1	1
20230328173555	20.79	0.1	-57.99	18.73	18.19	1	1	1	1
20230328173556	20.82	0.06	-61.98	18.74	18.2	1	1	1	1
20230328173557	20.83	0.1	-57.97	18.73	18.2	1	1	1	1
20230328173559	20.82	0.06	-61.98	18.73	18.2	1	1	1	1
20230328173600	20.83	0.06	-61.97	18.73	18.22	1	1	1	1
20230328173601	20.79	0.12	-56.52	18.74	18.22	1	1	1	1
20230328173602	20.83	0.04	-65.03	18.74	18.22	1	1	1	1
20230328173603	20.86	0.06	-61.96	18.74	18.2	1	1	1	1
20230328173604	20.83	0.1	-57.97	18.74	18.23	1	1	1	1
20230328173605	20.82	0.12	-56.51	18.75	18.22	1	1	1	1
20230328173606	20.83	0.08	-59.74	18.75	18.23	1	1	1	1
20230328173607	20.83	0.08	-59.74	18.75	18.23	1	1	1	1
20230328173608	20.83	0.12	-56.5	18.75	18.24	1	1	1	1
20230328173609	20.85	0.08	-59.73	18.75	18.24	1	1	1	1
20230328173610	20.85	0.06	-61.96	18.75	18.24	1	1	1	1
20230328173611	20.86	0.06	-61.96	18.77	18.24	1	1	1	1
20230328173612	20.85	0.1	-57.96	18.78	18.23	1	1	1	1
20230328173613	20.86	0.1	-57.96	18.78	18.24	1	1	1	1
20230328173614	20.86	0.12	-56.49	18.78	18.24	1	1	1	1
20230328173615	20.87	0.0	-88.69	18.78	18.24	1	1	1	1
20230328173616	20.87	0.08	-59.72	18.78	18.24	1	1	1	1
20230328173617	20.86	0.1	-57.96	18.78	18.24	1	1	1	1
20230328173618	20.89	0.02	-69.99	18.78	18.24	1	1	1	1
20230328173619	20.87	0.06	-61.95	18.78	18.24	1	1	1	1
20230328173621	20.87	0.1	-57.95	18.78	18.24	1	1	1	1
20230328173622	20.87	0.12	-56.48	18.77	18.24	1	1	1	1
20230328173623	20.87	0.04	-65.01	18.79	18.24	1	1	1	1
20230328173624	20.89	0.08	-59.71	18.79	18.24	1	1	1	1
20230328173625	20.86	0.06	-61.96	18.79	18.24	1	1	1	1
20230328173626	20.87	0.08	-59.72	18.8	18.25	1	1	1	1
20230328173627	20.9	0.08	-59.71	18.79	18.25	1	1	1	1
20230328173628	20.89	0.02	-69.99	18.79	18.25	1	1	1	1
20230328173629	20.89	0.06	-61.94	18.8	18.26	1	1	1	1
20230328173630	20.89	0.04	-65.0	18.8	18.26	1	1	1	1
20230328173631	20.89	0.04	-65.0	18.81	18.29	1	1	1	1
20230328173632	20.89	0.06	-61.94	18.81	18.26	1	1	1	1
20230328173633	20.89	0.08	-59.71	18.81	18.26	1	1	1	1
20230328173634	20.89	0.1	-57.94	18.82	18.26	1	1	1	1
20230328173635	20.9	0.04	-64.99	18.82	18.26	1	1	1	1
20230328173636	20.92	0.11	-57.16	18.82	18.26	1	1	1	1
20230328173637	20.92	0.08	-59.7	18.82	18.27	1	1	1	1
20230328173638	20.92	0.14	-55.2	18.82	18.26	1	1	1	1
20230328173639	20.93	0.06	-61.93	18.82	18.27	1	1	1	1
20230328173640	20.9	0.06	-61.94	18.82	18.29	1	1	1	1
20230328173642	20.92	0.12	-56.46	18.82	18.27	1	1	1	1
20230328173643	20.9	0.08	-59.71	18.84	18.27	1	1	1	1
20230328173644	20.9	0.08	-59.71	18.82	18.29	1	1	1	1
20230328173645	20.92	0.02	-69.98	18.84	18.29	1	1	1	1
20230328173646	20.93	0.06	-61.93	18.84	18.3	1	1	1	1
20230328173647	20.92	0.08	-59.7	18.85	18.29	1	1	1	1
20230328173648	20.95	0.11	-57.15	18.85	18.29	1	1	1	1
20230328173649	20.95	0.05	-63.3	18.85	18.29	1	1	1	1
20230328173650	20.92	0.08	-59.7	18.85	18.29	1	1	1	1
20230328173651	20.93	0.09	-58.76	18.85	18.29	1	1	1	1
20230328173652	20.93	0.09	-58.76	18.85	18.29	1	1	1	1
20230328173653	20.95	0.06	-61.92	18.86	18.3	1	1	1	1
20230328173654	20.97	0.05	-63.29	18.86	18.29	1	1	1	1
20230328173655	20.95	0.05	-63.3	18.86	18.3	1	1	1	1
20230328173656	20.97	0.0	-88.66	18.86	18.3	1	1	1	1
20230328173657	20.96	0.09	-58.75	18.87	18.3	1	1	1	1
20230328173658	20.97	0.09	-58.74	18.87	18.3	1	1	1	1
20230328173659	20.96	0.15	-54.61	18.87	18.3	1	1	1	1
20230328173700	20.97	0.11	-57.14	18.87	18.3	1	1	1	1
20230328173701	20.96	0.11	-57.14	18.86	18.31	1	1	1	1
20230328173702	20.99	0.07	-60.71	18.87	18.32	1	1	1	1
20230328173704	20.97	0.11	-57.14	18.87	18.31	1	1	1	1
20230328173705	20.97	0.05	-63.29	18.87	18.31	1	1	1	1
20230328173706	20.97	0.03	-67.07	18.88	18.32	1	1	1	1
20230328173707	20.97	0.03	-67.07	18.88	18.32	1	1	1	1
20230328173708	21.0	0.05	-63.28	18.88	18.32	1	1	1	1
20230328173709	20.96	0.06	-61.91	18.9	18.31	1	1	1	1
20230328173710	20.99	0.03	-67.06	18.9	18.31	1	1	1	1
20230328173711	21.0	0.11	-57.12	18.9	18.32	1	1	1	1
20230328173712	20.99	0.11	-57.13	18.9	18.32	1	1	1	1
20230328173713	20.99	0.07	-60.71	18.9	18.33	1	1	1	1
20230328173714	21.02	0.07	-60.69	18.91	18.33	1	1	1	1
20230328173715	21.0	0.07	-60.7	18.92	18.33	1	1	1	1
20230328173716	21.03	0.13	-55.75	18.91	18.33	1	1	1	1
20230328173717	20.99	0.05	-63.28	18.92	18.33	1	1	1	1
20230328173718	21.02	0.09	-58.72	18.92	18.33	1	1	1	1
20230328173719	21.02	0.05	-63.27	18.92	18.33	1	1	1	1
20230328173720	21.0	0.07	-60.7	18.92	18.33	1	1	1	1
20230328173721	21.03	0.03	-67.04	18.92	18.33	1	1	1	1
20230328173722	21.03	0.07	-60.69	18.93	18.33	1	1	1	1
20230328173723	21.0	0.09	-58.73	18.93	18.33	1	1	1	1
20230328173725	21.03	0.09	-58.72	18.93	18.34	1	1	1	1
20230328173726	21.03	0.07	-60.69	18.93	18.33	1	1	1	1
20230328173727	21.03	0.07	-60.69	18.93	18.34	1	1	1	1
20230328173728	21.03	0.05	-63.27	18.93	18.34	1	1	1	1
20230328173729	21.02	0.11	-57.11	18.93	18.36	1	1	1	1
20230328173730	21.05	0.07	-60.68	18.93	18.36	1	1	1	1
20230328173731	21.06	0.03	-67.03	18.94	18.36	1	1	1	1
20230328173732	21.02	0.05	-63.27	18.93	18.38	1	1	1	1
20230328173733	21.03	0.11	-57.11	18.94	18.37	1	1	1	1
20230328173734	21.05	0.11	-57.1	18.94	18.36	1	1	1	1
20230328173735	21.03	0.09	-58.72	18.94	18.36	1	1	1	1
20230328173736	21.05	0.13	-55.74	18.95	18.39	1	1	1	1
20230328173737	21.05	0.13	-55.74	18.95	18.37	1	1	1	1
20230328173738	21.06	0.11	-57.09	18.95	18.37	1	1	1	1
20230328173739	21.06	0.11	-57.09	18.95	18.37	1	1	1	1
20230328173740	21.07	0.07	-60.67	18.95	18.37	1	1	1	1
20230328173741	21.07	0.11	-57.09	18.97	18.38	1	1	1	1
20230328173742	21.06	0.05	-63.25	18.97	18.38	1	1	1	1
20230328173743	21.06	0.09	-58.7	18.97	18.37	1	1	1	1
20230328173744	21.07	0.07	-60.67	18.97	18.37	1	1	1	1
20230328173746	21.07	0.07	-60.67	18.97	18.38	1	1	1	1
20230328173747	21.09	0.13	-55.72	18.98	18.38	1	1	1	1
20230328173748	21.09	0.05	-63.24	18.98	18.39	1	1	1	1
20230328173749	21.07	0.07	-60.67	18.98	18.38	1	1	1	1
20230328173750	21.09	0.15	-54.54	18.98	18.38	1	1	1	1
20230328173751	21.07	0.11	-57.09	18.98	18.39	1	1	1	1
20230328173752	21.07	0.07	-60.67	18.99	18.39	1	1	1	1
20230328173753	21.09	0.07	-60.66	18.98	18.39	1	1	1	1
20230328173754	21.09	0.09	-58.69	18.98	18.39	1	1	1	1
20230328173755	21.1	0.09	-58.68	18.99	18.39	1	1	1	1
20230328173756	21.12	0.07	-60.65	18.99	18.39	1	1	1	1
20230328173757	21.09	0.11	-57.08	18.99	18.39	1	1	1	1
20230328173758	21.09	0.11	-57.08	19.01	18.4	1	1	1	1
20230328173759	21.1	0.13	-55.71	19.0	18.39	1	1	1	1
20230328173800	21.1	0.15	-54.53	19.0	18.4	1	1	1	1
20230328173801	21.12	0.03	-67.0	19.0	18.41	1	1	1	1
20230328173802	21.12	0.13	-55.7	19.01	18.4	1	1	1	1
20230328173803	21.1	0.07	-60.66	19.0	18.4	1	1	1	1
20230328173804	21.12	0.07	-60.65	19.0	18.41	1	1	1	1
20230328173805	21.13	0.07	-60.64	19.01	18.41	1	1	1	1
20230328173806	21.12	0.07	-60.65	19.01	18.41	1	1	1	1
20230328173808	21.12	0.11	-57.06	19.02	18.41	1	1	1	1
20230328173809	21.13	0.09	-58.67	19.01	18.41	1	1	1	1
20230328173810	21.13	0.07	-60.64	19.02	18.41	1	1	1	1
20230328173811	21.13	0.09	-58.67	19.02	18.41	1	1	1	1
20230328173812	21.15	0.05	-63.21	19.02	18.41	1	1	1	1
20230328173813	21.15	0.05	-63.21	19.02	18.43	1	1	1	1
20230328173814	21.13	0.11	-57.06	19.02	18.43	1	1	1	1
20230328173815	21.15	0.13	-55.69	19.02	18.41	1	1	1	1
20230328173816	21.16	0.15	-54.5	19.02	18.43	1	1	1	1
20230328173817	21.12	0.09	-58.67	19.04	18.44	1	1	1	1
20230328173818	21.15	0.11	-57.05	19.04	18.43	1	1	1	1
20230328173819	21.13	0.05	-63.22	19.04	18.44	1	1	1	1
20230328173820	21.15	0.11	-57.05	19.05	18.44	1	1	1	1
20230328173821	21.13	0.03	-67.0	19.05	18.44	1	1	1	1
20230328173822	21.15	0.05	-63.21	19.05	18.44	1	1	1	1
20230328173823	21.17	0.03	-66.98	19.05	18.44	1	1	1	1
20230328173824	21.15	0.07	-60.63	19.05	18.45	1	1	1	1
20230328173825	21.17	0.11	-57.04	19.05	18.44	1	1	1	1
20230328173826	21.16	0.01	-74.6	19.06	18.45	1	1	1	1
20230328173827	21.17	0.09	-58.65	19.06	18.45	1	1	1	1
20230328173829	21.17	0.05	-63.2	19.07	18.45	1	1	1	1
20230328173830	21.19	0.03	-66.97	19.07	18.45	1	1	1	1
20230328173831	21.17	0.03	-66.98	19.06	18.46	1	1	1	1
20230328173832	21.17	0.13	-55.68	19.06	18.45	1	1	1	1
20230328173833	21.16	0.09	-58.65	19.07	18.45	1	1	1	1
20230328173834	21.19	0.11	-57.03	19.07	18.45	1	1	1	1
20230328173835	21.17	0.07	-60.62	19.07	18.46	1	1	1	1
20230328173836	21.16	0.13	-55.68	19.07	18.46	1	1	1	1
20230328173837	21.2	0.05	-63.19	19.07	18.46	1	1	1	1
20230328173838	21.19	0.03	-66.97	19.07	18.46	1	1	1	1
20230328173839	21.22	0.09	-58.62	19.08	18.47	1	1	1	1
20230328173840	21.2	0.05	-63.19	19.08	18.46	1	1	1	1
20230328173841	21.19	0.09	-58.64	19.08	18.46	1	1	1	1
20230328173842	21.17	0.07	-60.62	19.1	18.46	1	1	1	1
20230328173843	21.22	0.15	-54.47	19.08	18.47	1	1	1	1
20230328173844	21.19	0.07	-60.61	19.08	18.47	1	1	1	1
20230328173845	21.22	0.15	-54.47	19.1	18.48	1	1	1	1
20230328173846	21.22	0.11	-57.01	19.1	18.48	1	1	1	1
20230328173847	21.2	0.19	-52.5	19.1	18.47	1	1	1	1
20230328173848	21.2	0.11	-57.02	19.11	18.48	1	1	1	1
20230328173849	21.23	0.07	-60.59	19.1	18.47	1	1	1	1
20230328173851	21.23	0.07	-60.59	19.11	18.48	1	1	1	1
20230328173852	21.2	0.11	-57.02	19.11	18.48	1	1	1	1
20230328173853	21.23	0.07	-60.59	19.11	18.48	1	1	1	1
20230328173854	21.23	0.09	-58.62	19.12	18.48	1	1	1	1
20230328173855	21.22	0.09	-58.62	19.12	18.48	1	1	1	1
20230328173856	21.23	0.11	-57.01	19.12	18.48	1	1	1	1
20230328173857	21.25	0.07	-60.58	19.12	18.48	1	1	1	1
20230328173858	21.25	0.13	-55.64	19.12	18.48	1	1	1	1
20230328173859	21.23	0.07	-60.59	19.12	18.48	1	1	1	1
20230328173900	21.25	0.07	-60.58	19.12	18.5	1	1	1	1
20230328173901	21.23	0.07	-60.59	19.12	18.5	1	1	1	1
20230328173902	21.25	0.11	-57.0	19.12	18.51	1	1	1	1
20230328173903	21.27	0.1	-57.76	19.12	18.51	1	1	1	1
20230328173904	21.26	0.13	-55.63	19.13	18.5	1	1	1	1
20230328173905	21.25	0.13	-55.64	19.13	18.5	1	1	1	1
20230328173906	21.26	0.15	-54.45	19.13	18.5	1	1	1	1
20230328173907	21.26	0.05	-63.16	19.13	18.5	1	1	1	1
20230328173908	21.26	0.07	-60.58	19.14	18.51	1	1	1	1
20230328173909	21.26	0.11	-56.99	19.14	18.51	1	1	1	1
20230328173910	21.27	0.05	-63.16	19.14	18.52	1	1	1	1
20230328173912	21.26	0.05	-63.16	19.14	18.51	1	1	1	1
20230328173913	21.26	0.11	-56.99	19.15	18.5	1	1	1	1
20230328173914	21.29	0.11	-56.98	19.15	18.51	1	1	1	1
20230328173915	21.29	0.05	-63.15	19.15	18.51	1	1	1	1
20230328173916	21.29	0.07	-60.57	19.15	18.52	1	1	1	1
20230328173917	21.3	0.01	-74.54	19.15	18.52	1	1	1	1
20230328173918	21.29	0.13	-55.62	19.17	18.52	1	1	1	1
20230328173919	21.29	0.04	-64.82	19.17	18.52	1	1	1	1
20230328173920	21.29	0.05	-63.15	19.17	18.53	1	1	1	1
20230328173921	21.27	0.05	-63.16	19.17	18.53	1	1	1	1
20230328173922	21.3	0.07	-60.56	19.17	18.53	1	1	1	1
20230328173923	21.29	0.1	-57.75	19.18	18.52	1	1	1	1
20230328173924	21.29	0.05	-63.15	19.18	18.53	1	1	1	1
20230328173925	21.31	0.11	-56.97	19.19	18.54	1	1	1	1
20230328173926	21.3	0.1	-57.74	19.18	18.53	1	1	1	1
20230328173927	21.29	0.1	-57.75	19.18	18.53	1	1	1	1
20230328173928	21.31	0.07	-60.56	19.18	18.54	1	1	1	1
20230328173929	21.31	0.07	-60.56	19.18	18.53	1	1	1	1
20230328173930	21.31	0.1	-57.74	19.18	18.53	1	1	1	1
20230328173931	21.31	0.1	-57.74	19.18	18.53	1	1	1	1
20230328173933	21.31	0.1	-57.74	19.18	18.53	1	1	1	1
20230328173934	21.31	0.1	-57.74	19.19	18.54	1	1	1	1
20230328173935	21.3	0.1	-57.74	19.19	18.54	1	1	1	1
20230328173936	21.31	0.1	-57.74	19.19	18.53	1	1	1	1
20230328173937	21.31	0.05	-63.14	19.19	18.55	1	1	1	1
20230328173938	21.34	0.07	-60.54	19.19	18.55	1	1	1	1
20230328173939	21.34	0.07	-60.54	19.2	18.54	1	1	1	1
20230328173940	21.34	0.06	-61.73	19.2	18.55	1	1	1	1
20230328173941	21.36	0.06	-61.72	19.2	18.55	1	1	1	1
20230328173942	21.34	0.12	-56.25	19.2	18.57	1	1	1	1
20230328173943	21.31	0.11	-56.97	19.21	18.57	1	1	1	1
20230328173944	21.34	0.13	-55.59	19.21	18.55	1	1	1	1
20230328173945	21.34	0.07	-60.54	19.21	18.55	1	1	1	1
20230328173946	21.34	0.1	-57.72	19.21	18.55	1	1	1	1
20230328173947	21.34	0.06	-61.73	19.23	18.58	1	1	1	1
20230328173948	21.36	0.1	-57.71	19.21	18.57	1	1	1	1
20230328173949	21.34	0.07	-60.54	19.23	18.57	1	1	1	1
20230328173950	21.37	0.04	-64.78	19.23	18.57	1	1	1	1
20230328173951	21.36	0.07	-60.53	19.23	18.57	1	1	1	1
20230328173952	21.33	0.07	-60.55	19.23	18.57	1	1	1	1
20230328173953	21.36	0.12	-56.24	19.23	18.57	1	1	1	1
20230328173955	21.36	0.04	-64.79	19.23	18.57	1	1	1	1
20230328173956	21.36	0.06	-61.72	19.23	18.58	1	1	1	1
20230328173957	21.37	0.07	-60.53	19.23	18.58	1	1	1	1
20230328173958	21.37	0.04	-64.78	19.24	18.58	1	1	1	1
20230328173959	21.36	0.04	-64.79	19.24	18.58	1	1	1	1
20230328174000	21.37	0.16	-53.86	19.24	18.58	1	1	1	1
20230328174001	21.39	0.12	-56.22	19.24	18.58	1	1	1	1
20230328174002	21.39	0.07	-60.52	19.24	18.58	1	1	1	1
20230328174003	21.39	0.04	-64.77	19.24	18.58	1	1	1	1
20230328174004	21.4	0.1	-57.69	19.25	18.59	1	1	1	1
20230328174005	21.4	0.14	-54.95	19.25	18.58	1	1	1	1
20230328174006	21.37	0.1	-57.71	19.25	18.59	1	1	1	1
20230328174007	21.39	0.1	-57.7	19.26	18.59	1	1	1	1
20230328174008	21.39	0.13	-55.57	19.27	18.6	1	1	1	1
20230328174009	21.39	0.04	-64.77	19.26	18.59	1	1	1	1
20230328174010	21.39	0.16	-53.85	19.26	18.59	1	1	1	1
20230328174011	21.41	0.14	-54.95	19.27	18.59	1	1	1	1
20230328174012	21.39	0.07	-60.52	19.26	18.59	1	1	1	1
20230328174013	21.41	0.14	-54.95	19.27	18.61	1	1	1	1
20230328174014	21.43	0.12	-56.2	19.27	18.6	1	1	1	1
20230328174016	21.4	0.12	-56.22	19.27	18.59	1	1	1	1
20230328174017	21.41	0.1	-57.69	19.27	18.6	1	1	1	1
20230328174018	21.4	0.08	-59.47	19.27	18.61	1	1	1	1
20230328174019	21.43	0.12	-56.2	19.27	18.61	1	1	1	1
20230328174020	21.4	0.04	-64.77	19.27	18.61	1	1	1	1
20230328174021	21.43	0.12	-56.2	19.27	18.61	1	1	1	1
20230328174022	21.43	0.06	-61.69	19.28	18.63	1	1	1	1
20230328174023	21.4	0.06	-61.7	19.27	18.61	1	1	1	1
20230328174024	21.43	0.06	-61.69	19.27	18.61	1	1	1	1
20230328174025	21.43	0.06	-61.69	19.3	18.64	1	1	1	1
20230328174026	21.44	0.1	-57.67	19.28	18.63	1	1	1	1
20230328174027	21.46	0.06	-61.68	19.3	18.63	1	1	1	1
20230328174028	21.43	0.1	-57.68	19.31	18.61	1	1	1	1
20230328174029	21.44	0.12	-56.2	19.3	18.63	1	1	1	1
20230328174030	21.43	0.1	-57.68	19.3	18.63	1	1	1	1
20230328174031	21.46	0.08	-59.44	19.31	18.61	1	1	1	1
20230328174032	21.44	0.06	-61.69	19.31	18.64	1	1	1	1
20230328174033	21.46	0.14	-54.92	19.31	18.64	1	1	1	1
20230328174034	21.44	0.08	-59.45	19.32	18.64	1	1	1	1
20230328174035	21.44	0.1	-57.67	19.32	18.64	1	1	1	1
20230328174037	21.44	0.1	-57.67	19.32	18.64	1	1	1	1
20230328174038	21.47	0.08	-59.43	19.32	18.64	1	1	1	1
20230328174039	21.46	0.14	-54.92	19.32	18.64	1	1	1	1
20230328174040	21.46	0.14	-54.92	19.32	18.64	1	1	1	1
20230328174041	21.47	0.12	-56.18	19.32	18.64	1	1	1	1
20230328174042	21.47	0.14	-54.92	19.32	18.64	1	1	1	1
20230328174043	21.49	0.16	-53.8	19.32	18.64	1	1	1	1
20230328174044	21.49	0.12	-56.17	19.32	18.64	1	1	1	1
20230328174045	21.47	0.12	-56.18	19.32	18.65	1	1	1	1
20230328174046	21.47	0.1	-57.66	19.32	18.65	1	1	1	1
20230328174047	21.47	0.1	-57.66	19.33	18.64	1	1	1	1
20230328174048	21.49	0.12	-56.17	19.33	18.65	1	1	1	1
20230328174049	21.51	0.1	-57.64	19.34	18.65	1	1	1	1
20230328174050	21.49	0.1	-57.65	19.33	18.65	1	1	1	1
20230328174051	21.49	0.1	-57.65	19.34	18.66	1	1	1	1
20230328174052	21.49	0.1	-57.65	19.34	18.65	1	1	1	1
20230328174053	21.49	0.1	-57.65	19.34	18.65	1	1	1	1
20230328174054	21.5	0.1	-57.64	19.34	18.66	1	1	1	1
20230328174055	21.47	0.12	-56.18	19.36	18.67	1	1	1	1
20230328174056	21.49	0.1	-57.65	19.36	18.66	1	1	1	1
20230328174057	21.51	0.06	-61.65	19.36	18.66	1	1	1	1
20230328174059	21.49	0.12	-56.17	19.36	18.67	1	1	1	1
20230328174100	21.51	0.14	-54.9	19.36	18.67	1	1	1	1
20230328174101	21.51	0.08	-59.41	19.36	18.68	1	1	1	1
20230328174102	21.5	0.14	-54.9	19.37	18.67	1	1	1	1
20230328174103	21.5	0.1	-57.64	19.37	18.67	1	1	1	1
20230328174104	21.51	0.14	-54.9	19.37	18.68	1	1	1	1
20230328174105	21.53	0.08	-59.4	19.37	18.68	1	1	1	1
20230328174106	21.54	0.12	-56.15	19.37	18.68	1	1	1	1
20230328174107	21.54	0.16	-53.77	19.37	18.68	1	1	1	1
20230328174108	21.51	0.16	-53.79	19.37	18.67	1	1	1	1
20230328174109	21.51	0.1	-57.64	19.37	18.68	1	1	1	1
20230328174110	21.54	0.08	-59.4	19.37	18.68	1	1	1	1
20230328174111	21.54	0.12	-56.15	19.37	18.68	1	1	1	1
20230328174112	21.54	0.1	-57.62	19.38	18.68	1	1	1	1
20230328174113	21.56	0.1	-57.61	19.38	18.7	1	1	1	1
20230328174114	21.54	0.08	-59.4	19.38	18.68	1	1	1	1
20230328174115	21.56	0.12	-56.14	19.38	18.68	1	1	1	1
20230328174116	21.59	0.08	-59.38	19.38	18.68	1	1	1	1
20230328174117	21.56	0.1	-57.61	19.39	18.7	1	1	1	1
20230328174118	21.54	0.1	-57.62	19.39	18.68	1	1	1	1
20230328174120	21.57	0.1	-57.61	19.39	18.68	1	1	1	1
20230328174121	21.59	0.08	-59.38	19.39	18.7	1	1	1	1
20230328174122	21.59	0.16	-53.75	19.38	18.7	1	1	1	1
20230328174123	21.54	0.08	-59.4	19.39	18.71	1	1	1	1
20230328174124	21.57	0.08	-59.39	19.4	18.71	1	1	1	1
20230328174125	21.57	0.1	-57.61	19.39	18.71	1	1	1	1
20230328174126	21.59	0.12	-56.12	19.4	18.7	1	1	1	1
20230328174127	21.56	0.1	-57.61	19.4	18.7	1	1	1	1
20230328174128	21.57	0.14	-54.87	19.4	18.71	1	1	1	1
20230328174129	21.56	0.12	-56.14	19.4	18.72	1	1	1	1
20230328174130	21.59	0.14	-54.86	19.41	18.72	1	1	1	1
20230328174131	21.59	0.1	-57.6	19.41	18.71	1	1	1	1
20230328174132	21.59	0.1	-57.6	19.43	18.72	1	1	1	1
20230328174133	21.57	0.1	-57.61	19.41	18.72	1	1	1	1
20230328174134	21.59	0.08	-59.38	19.43	18.72	1	1	1	1
20230328174135	21.59	0.14	-54.86	19.43	18.71	1	1	1	1
20230328174136	21.6	0.08	-59.37	19.43	18.72	1	1	1	1
20230328174137	21.6	0.08	-59.37	19.43	18.72	1	1	1	1
20230328174138	21.59	0.1	-57.6	19.43	18.71	1	1	1	1
20230328174139	21.6	0.06	-61.61	19.43	18.73	1	1	1	1
20230328174141	21.59	0.12	-56.12	19.43	18.73	1	1	1	1
20230328174142	21.57	0.1	-57.61	19.43	18.72	1	1	1	1
20230328174143	21.61	0.12	-56.11	19.43	18.73	1	1	1	1
20230328174144	21.63	0.08	-59.36	19.43	18.72	1	1	1	1
20230328174145	21.63	0.11	-56.81	19.44	18.73	1	1	1	1
20230328174146	21.6	0.06	-61.61	19.44	18.73	1	1	1	1
20230328174147	21.6	0.14	-54.85	19.44	18.73	1	1	1	1
20230328174148	21.61	0.06	-61.61	19.44	18.73	1	1	1	1
20230328174149	21.59	0.1	-57.6	19.44	18.73	1	1	1	1
20230328174150	21.61	0.12	-56.11	19.44	18.73	1	1	1	1
20230328174151	21.61	0.12	-56.11	19.45	18.73	0	1	1	1
20230328174152	21.63	0.05	-62.99	19.45	18.73	0	1	1	1
20230328174153	21.61	0.11	-56.82	19.45	18.73	0	1	1	1
20230328174154	21.63	0.14	-54.84	19.47	18.75	0	1	1	1
20230328174155	21.64	0.08	-59.35	19.45	18.74	0	1	1	1
20230328174156	21.64	0.11	-56.81	19.46	18.73	0	1	1	0
20230328174157	21.63	0.08	-59.36	19.46	18.74	0	1	1	0
20230328174159	21.66	0.08	-59.34	19.5	18.75	0	1	1	0
20230328174200	21.63	0.08	-59.36	19.56	18.75	1	1	1	0
20230328174201	21.66	0.06	-61.58	19.59	18.78	1	1	1	0
20230328174202	21.66	0.08	-59.34	19.62	18.79	1	1	1	0
20230328174203	21.66	0.05	-62.97	19.63	18.8	1	1	1	0
20230328174204	21.66	0.11	-56.8	19.63	18.82	1	1	1	0
20230328174205	21.67	0.13	-55.43	19.63	18.82	1	1	1	0
20230328174206	21.66	0.08	-59.34	19.64	18.85	1	1	1	0
20230328174207	21.66	0.21	-51.4	19.63	18.85	1	1	1	0
20230328174208	21.66	0.06	-61.58	19.68	18.86	1	1	1	0
20230328174209	21.66	0.11	-56.8	19.7	18.87	1	1	1	0
20230328174210	21.66	0.13	-55.43	19.76	18.87	1	1	1	0
20230328174211	21.67	0.13	-55.43	19.81	18.9	1	1	1	0
20230328174213	21.69	0.18	-52.7	19.87	18.93	1	1	1	0
20230328174214	21.67	0.08	-59.34	19.93	18.95	1	1	1	0
20230328174215	21.69	0.13	-55.42	19.99	19.0	1	1	1	0
20230328174216	21.69	0.11	-56.78	20.06	19.04	1	1	1	0
20230328174217	21.67	0.11	-56.79	20.11	19.07	1	1	1	0
20230328174218	21.69	0.11	-56.78	20.17	19.11	1	1	1	0
