EventTime	aTemp	RH	DP	cTemp	mTemp	sLid	sVacuu	sPressure	IsOkay
20230331165144	-18.15	0.0	-100.5	-3.25	-2.61	1	1	1	1
20230331165145	-18.05	0.0	-100.46	-3.18	-2.56	1	1	1	1
20230331165146	-18.02	0.0	-100.44	-3.12	-2.51	1	1	1	1
20230331165147	-17.98	0.0	-100.43	-3.12	-2.53	1	1	1	1
20230331165148	-17.95	0.0	-100.41	-3.0	-2.43	1	1	1	1
20230331165149	-17.87	0.0	-100.37	-3.0	-2.41	1	1	1	1
20230331165150	-17.84	0.0	-100.36	-2.91	-2.33	1	1	1	1
20230331165151	-17.77	0.0	-100.33	-2.85	-2.31	1	1	1	1
20230331165152	-17.74	0.0	-100.32	-2.82	-2.31	1	1	1	1
20230331165153	-17.7	0.0	-100.3	-2.79	-2.26	1	1	1	1
20230331165154	-17.63	0.0	-100.27	-2.7	-2.16	1	1	1	1
20230331165155	-17.58	0.0	-100.24	-2.73	-2.19	1	1	1	1
20230331165157	-17.57	0.0	-100.24	-2.64	-2.06	1	1	1	1
20230331165158	-17.5	0.0	-100.21	-2.61	-2.04	1	1	1	1
20230331165159	-17.44	0.0	-100.18	-2.5	-1.99	1	1	1	1
20230331165200	-17.42	0.0	-100.17	-2.44	-1.94	1	1	1	1
20230331165201	-17.37	0.0	-100.15	-2.41	-1.92	1	1	1	1
20230331165202	-17.31	0.0	-100.12	-2.32	-1.85	1	1	1	1
20230331165203	-17.28	0.0	-100.11	-2.27	-1.82	1	1	1	1
20230331165204	-17.19	0.0	-100.06	-2.27	-1.8	1	1	1	1
20230331165205	-17.14	0.0	-100.04	-2.21	-1.8	1	1	1	1
20230331165206	-17.1	0.0	-100.02	-2.1	-1.68	1	1	1	1
20230331165207	-17.06	0.0	-100.0	-2.07	-1.68	1	1	1	1
20230331165208	-17.03	0.0	-99.99	-1.98	-1.61	1	1	1	1
20230331165209	-16.99	0.0	-99.97	-1.96	-1.54	1	1	1	1
20230331165210	-16.93	0.0	-99.95	-1.9	-1.51	1	1	1	1
20230331165211	-16.93	0.0	-99.95	-1.85	-1.47	1	1	1	1
20230331165212	-16.9	0.0	-99.93	-1.79	-1.49	1	1	1	1
20230331165213	-16.83	0.0	-99.9	-1.74	-1.4	1	1	1	1
20230331165214	-16.79	0.0	-99.88	-1.76	-1.42	1	1	1	1
20230331165215	-16.76	0.0	-99.87	-1.63	-1.33	1	1	1	1
20230331165216	-16.76	0.0	-99.87	-1.6	-1.28	1	1	1	1
20230331165218	-16.69	0.0	-99.84	-1.55	-1.26	1	1	1	1
20230331165219	-16.66	0.0	-99.82	-1.5	-1.23	1	1	1	1
20230331165220	-16.64	0.0	-99.81	-1.44	-1.19	1	1	1	1
20230331165221	-16.62	0.0	-99.8	-1.42	-1.14	1	1	1	1
20230331165222	-16.54	0.0	-99.77	-1.39	-1.12	1	1	1	1
20230331165223	-16.51	0.0	-99.75	-1.31	-1.1	1	1	1	1
20230331165224	-16.45	0.0	-99.73	-1.42	-1.07	1	1	1	1
20230331165225	-16.46	0.0	-99.73	-1.68	-1.12	1	1	1	1
20230331165226	-16.41	0.0	-99.71	-1.79	-1.14	1	1	1	1
20230331165227	-16.4	0.0	-99.7	-2.07	-1.21	1	1	1	1
20230331165228	-16.37	0.0	-99.69	-2.21	-1.28	1	1	1	1
20230331165229	-16.35	0.0	-99.68	-2.41	-1.42	1	1	1	1
20230331165230	-16.34	0.0	-99.68	-2.61	-1.51	1	1	1	1
20230331165231	-16.27	0.0	-99.64	-2.79	-1.63	1	1	1	1
20230331165232	-16.27	0.0	-99.64	-3.03	-1.8	1	1	1	1
20230331165233	-16.24	0.0	-99.63	-3.15	-1.85	1	1	1	1
20230331165234	-16.22	0.0	-99.62	-3.31	-1.99	1	1	1	1
20230331165235	-16.21	0.0	-99.62	-3.53	-2.14	1	1	1	1
20230331165236	-16.2	0.0	-99.61	-3.69	-2.29	1	1	1	1
20230331165237	-16.17	0.0	-99.6	-3.82	-2.36	1	1	1	1
20230331165238	-16.17	0.0	-99.6	-3.99	-2.43	1	1	1	1
20230331165240	-16.16	0.0	-99.59	-4.12	-2.59	1	1	1	1
20230331165241	-16.1	0.0	-99.57	-4.36	-2.74	1	1	1	1
20230331165242	-16.1	0.0	-99.57	-4.5	-2.87	1	1	1	1
20230331165243	-16.09	0.0	-99.56	-4.64	-2.92	1	1	1	1
20230331165244	-16.06	0.0	-99.55	-4.78	-3.07	1	1	1	1
20230331165245	-16.06	0.0	-99.55	-4.82	-3.13	1	1	1	1
20230331165246	-16.04	0.0	-99.54	-5.04	-3.23	1	1	1	1
20230331165247	-16.02	0.0	-99.53	-5.11	-3.28	1	1	1	1
20230331165248	-16.04	0.0	-99.54	-5.26	-3.44	1	1	1	1
20230331165249	-16.0	0.0	-99.52	-5.41	-3.53	1	1	1	1
20230331165250	-16.01	0.0	-99.53	-5.45	-3.58	1	1	1	1
20230331165251	-16.0	0.0	-99.52	-5.61	-3.69	1	1	1	1
20230331165252	-16.0	0.0	-99.52	-5.68	-3.74	1	1	1	1
20230331165253	-15.98	0.0	-99.51	-5.8	-3.85	1	1	1	1
20230331165254	-15.95	0.0	-99.5	-6.04	-3.99	1	1	1	1
20230331165255	-15.97	0.0	-99.51	-6.13	-4.05	1	1	1	1
20230331165256	-15.95	0.0	-99.5	-6.17	-4.11	1	1	1	1
20230331165257	-15.95	0.0	-99.5	-6.25	-4.19	1	1	1	1
20230331165258	-15.95	0.0	-99.5	-6.42	-4.22	1	1	1	1
20230331165259	-15.91	0.0	-99.48	-6.59	-4.39	1	1	1	1
20230331165301	-15.93	0.0	-99.49	-6.59	-4.39	1	1	1	1
20230331165302	-15.91	0.0	-99.48	-6.67	-4.45	1	1	1	1
20230331165303	-15.91	0.0	-99.48	-6.89	-4.56	1	1	1	1
20230331165304	-15.94	0.0	-99.49	-6.89	-4.54	1	1	1	1
20230331165305	-15.9	0.0	-99.48	-6.98	-4.62	1	1	1	1
20230331165306	-15.9	0.0	-99.48	-7.16	-4.8	1	1	1	1
20230331165307	-15.91	0.0	-99.48	-7.21	-4.8	1	1	1	1
20230331165308	-15.89	0.0	-99.47	-7.3	-4.89	1	1	1	1
20230331165309	-15.91	0.0	-99.48	-7.4	-4.92	1	1	1	1
20230331165310	-15.9	0.0	-99.48	-7.44	-5.01	1	1	1	1
20230331165311	-15.9	0.0	-99.48	-7.68	-5.04	1	1	1	1
20230331165312	-15.9	0.0	-99.48	-7.63	-5.13	1	1	1	1
20230331165313	-15.9	0.0	-99.48	-7.73	-5.16	1	1	1	1
20230331165314	-15.91	0.0	-99.48	-7.83	-5.28	1	1	1	1
20230331165315	-15.9	0.0	-99.48	-7.97	-5.38	1	1	1	1
20230331165316	-15.93	0.0	-99.49	-8.02	-5.41	1	1	1	1
20230331165317	-15.91	0.0	-99.48	-8.07	-5.41	1	1	1	1
20230331165318	-15.89	0.0	-99.47	-8.28	-5.57	1	1	1	1
20230331165319	-15.89	0.0	-99.47	-8.38	-5.66	1	1	1	1
20230331165320	-15.89	0.0	-99.47	-8.33	-5.63	1	1	1	1
20230331165321	-15.89	0.0	-99.47	-8.43	-5.69	1	1	1	1
20230331165323	-15.89	0.0	-99.47	-8.48	-5.76	1	1	1	1
20230331165324	-15.9	0.0	-99.48	-8.59	-5.85	1	1	1	1
20230331165325	-15.89	0.0	-99.47	-8.75	-5.88	1	1	1	1
20230331165326	-15.89	0.0	-99.47	-8.8	-5.92	1	1	1	1
20230331165327	-15.89	0.0	-99.47	-8.8	-5.92	1	1	1	1
20230331165328	-15.89	0.0	-99.47	-9.02	-6.05	1	1	1	1
20230331165329	-15.9	0.0	-99.48	-9.02	-6.11	1	1	1	1
20230331165330	-15.9	0.0	-99.48	-9.02	-6.08	1	1	1	1
20230331165331	-15.9	0.0	-99.48	-9.13	-6.18	1	1	1	1
20230331165332	-15.9	0.0	-99.48	-9.13	-6.28	1	1	1	1
20230331165333	-15.9	0.0	-99.48	-9.36	-6.38	1	1	1	1
20230331165334	-15.91	0.0	-99.48	-9.31	-6.28	1	1	1	1
20230331165335	-15.9	0.0	-99.48	-9.36	-6.35	1	1	1	1
20230331165336	-15.9	0.0	-99.48	-9.42	-6.41	1	1	1	1
20230331165337	-15.89	0.0	-99.47	-9.66	-6.45	1	1	1	1
20230331165338	-15.91	0.0	-99.48	-9.78	-6.51	1	1	1	1
20230331165339	-15.9	0.0	-99.48	-9.66	-6.48	1	1	1	1
20230331165340	-15.9	0.0	-99.48	-9.71	-6.58	1	1	1	1
20230331165341	-15.91	0.0	-99.48	-9.78	-6.62	1	1	1	1
20230331165342	-15.93	0.0	-99.49	-9.9	-6.62	1	1	1	1
20230331165343	-15.93	0.0	-99.49	-9.9	-6.69	1	1	1	1
20230331165345	-15.93	0.0	-99.49	-10.08	-6.75	1	1	1	1
20230331165346	-15.93	0.0	-99.49	-10.02	-6.79	1	1	1	1
20230331165347	-15.93	0.0	-99.49	-10.27	-6.93	1	1	1	1
20230331165348	-15.94	0.0	-99.49	-10.14	-6.86	1	1	1	1
20230331165349	-15.91	0.0	-99.48	-10.21	-6.89	1	1	1	1
20230331165350	-15.95	0.0	-99.5	-10.27	-6.96	1	1	1	1
20230331165351	-15.95	0.0	-99.5	-10.33	-7.0	1	1	1	1
20230331165352	-15.94	0.0	-99.49	-10.53	-7.07	1	1	1	1
20230331165353	-15.94	0.0	-99.49	-10.4	-7.07	1	1	1	1
20230331165354	-15.97	0.0	-99.51	-10.53	-7.07	1	1	1	1
20230331165355	-15.97	0.0	-99.51	-10.59	-7.14	1	1	1	1
20230331165356	-15.95	0.0	-99.5	-10.66	-7.21	1	1	1	1
20230331165357	-15.97	0.0	-99.51	-10.66	-7.21	1	1	1	1
20230331165358	-15.98	0.0	-99.51	-10.86	-7.32	1	1	1	1
20230331165359	-15.97	0.0	-99.51	-10.73	-7.4	1	1	1	1
20230331165400	-16.0	0.0	-99.52	-10.79	-7.29	1	1	1	1
20230331165401	-16.0	0.0	-99.52	-10.86	-7.4	1	1	1	1
20230331165402	-16.0	0.0	-99.52	-10.93	-7.36	1	1	1	1
20230331165403	-15.98	0.0	-99.51	-11.0	-7.4	1	1	1	1
20230331165405	-16.0	0.0	-99.52	-11.0	-7.51	1	1	1	1
20230331165406	-15.98	0.0	-99.51	-11.07	-7.51	1	1	1	1
20230331165407	-16.01	0.0	-99.53	-11.07	-7.54	1	1	1	1
20230331165408	-16.0	0.0	-99.52	-11.21	-7.54	1	1	1	1
20230331165409	-16.02	0.0	-99.53	-11.35	-7.69	1	1	1	1
20230331165410	-16.02	0.0	-99.53	-11.28	-7.65	1	1	1	1
20230331165411	-16.02	0.0	-99.53	-11.28	-7.65	1	1	1	1
20230331165412	-16.04	0.0	-99.54	-11.5	-7.73	1	1	1	1
20230331165413	-16.02	0.0	-99.53	-11.42	-7.65	1	1	1	1
20230331165414	-16.07	0.0	-99.55	-11.5	-7.77	1	1	1	1
20230331165415	-16.06	0.0	-99.55	-11.57	-7.84	1	1	1	1
20230331165416	-16.04	0.0	-99.54	-11.42	-7.8	1	1	1	1
20230331165417	-16.06	0.0	-99.55	-11.57	-7.8	1	1	1	1
20230331165418	-16.06	0.0	-99.55	-11.64	-7.88	1	1	1	1
20230331165419	-16.09	0.0	-99.56	-11.72	-7.84	1	1	1	1
20230331165420	-16.09	0.0	-99.56	-11.72	-7.92	1	1	1	1
20230331165421	-16.09	0.0	-99.56	-11.79	-7.96	1	1	1	1
20230331165422	-16.11	0.0	-99.57	-11.87	-7.96	1	1	1	1
20230331165423	-16.11	0.0	-99.57	-11.87	-7.99	1	1	1	1
20230331165424	-16.11	0.0	-99.57	-11.87	-7.99	1	1	1	1
20230331165426	-16.11	0.0	-99.57	-12.1	-8.11	1	1	1	1
20230331165427	-16.11	0.0	-99.57	-11.94	-8.11	1	1	1	1
20230331165428	-16.11	0.0	-99.57	-12.18	-8.19	1	1	1	1
20230331165429	-16.13	0.0	-99.58	-12.26	-8.15	1	1	1	1
20230331165430	-16.13	0.0	-99.58	-12.1	-8.35	1	1	1	1
20230331165431	-16.16	0.0	-99.59	-12.1	-8.07	1	1	1	1
20230331165432	-16.17	0.0	-99.6	-12.18	-7.73	1	1	1	1
20230331165433	-16.14	0.0	-99.59	-12.18	-7.21	1	1	1	1
20230331165434	-16.14	0.0	-99.59	-12.18	-6.93	1	1	1	1
20230331165435	-16.13	0.0	-99.58	-12.1	-6.62	1	1	1	1
20230331165436	-16.16	0.0	-99.59	-12.1	-6.48	1	1	1	1
20230331165437	-16.13	0.0	-99.58	-12.02	-6.28	1	1	1	1
20230331165438	-16.13	0.0	-99.58	-12.02	-6.11	1	1	1	1
20230331165439	-16.1	0.0	-99.57	-11.94	-6.05	1	1	1	1
20230331165440	-16.1	0.0	-99.57	-11.87	-5.95	1	1	1	1
20230331165441	-16.09	0.0	-99.56	-12.02	-5.92	1	1	1	1
20230331165442	-16.07	0.0	-99.55	-11.94	-5.88	1	1	1	1
20230331165443	-16.09	0.0	-99.56	-11.79	-5.79	1	1	1	1
20230331165444	-16.07	0.0	-99.55	-11.87	-5.76	1	1	1	1
20230331165445	-16.04	0.0	-99.54	-11.64	-5.69	1	1	1	1
20230331165446	-16.01	0.0	-99.53	-11.72	-5.72	1	1	1	1
20230331165448	-16.02	0.0	-99.53	-11.57	-5.57	1	1	1	1
20230331165449	-16.0	0.0	-99.52	-11.57	-5.57	1	1	1	1
20230331165450	-16.0	0.0	-99.52	-11.64	-5.57	1	1	1	1
20230331165451	-15.95	0.0	-99.5	-11.64	-5.44	1	1	1	1
20230331165452	-15.94	0.0	-99.49	-11.57	-5.47	1	1	1	1
20230331165453	-15.93	0.0	-99.49	-11.5	-5.38	1	1	1	1
20230331165454	-15.93	0.0	-99.49	-11.5	-5.41	1	1	1	1
20230331165455	-15.93	0.0	-99.49	-11.28	-5.38	1	1	1	1
20230331165456	-15.9	0.0	-99.48	-11.42	-5.35	1	1	1	1
20230331165457	-15.89	0.0	-99.47	-11.35	-5.35	1	1	1	1
20230331165458	-15.9	0.0	-99.48	-11.14	-5.25	1	1	1	1
20230331165459	-15.9	0.0	-99.48	-11.14	-5.25	1	1	1	1
20230331165500	-15.87	0.0	-99.46	-11.07	-5.25	1	1	1	1
20230331165501	-15.86	0.0	-99.46	-11.14	-5.19	1	1	1	1
20230331165502	-15.84	0.0	-99.45	-11.0	-5.19	1	1	1	1
20230331165503	-15.84	0.0	-99.45	-11.0	-5.16	1	1	1	1
20230331165504	-15.81	0.0	-99.44	-11.07	-5.19	1	1	1	1
20230331165505	-15.81	0.0	-99.44	-11.07	-5.16	1	1	1	1
20230331165506	-15.81	0.0	-99.44	-11.0	-5.07	1	1	1	1
20230331165507	-15.81	0.0	-99.44	-11.0	-5.1	1	1	1	1
20230331165509	-15.77	0.0	-99.42	-10.93	-5.01	1	1	1	1
20230331165510	-15.78	0.0	-99.42	-10.93	-5.01	1	1	1	1
20230331165511	-15.76	0.0	-99.41	-10.73	-4.95	1	1	1	1
20230331165512	-15.74	0.0	-99.4	-10.66	-4.95	1	1	1	1
20230331165513	-15.74	0.0	-99.4	-10.86	-4.98	1	1	1	1
20230331165514	-15.73	0.0	-99.4	-10.66	-4.95	1	1	1	1
20230331165515	-15.71	0.0	-99.39	-10.66	-4.95	1	1	1	1
20230331165516	-15.7	0.0	-99.39	-10.59	-4.86	1	1	1	1
20230331165517	-15.7	0.0	-99.39	-10.66	-4.86	1	1	1	1
20230331165518	-15.66	0.0	-99.37	-10.53	-4.83	1	1	1	1
20230331165519	-15.67	0.0	-99.37	-10.59	-4.86	1	1	1	1
20230331165520	-15.66	0.0	-99.37	-10.4	-4.77	1	1	1	1
20230331165521	-15.65	0.0	-99.36	-10.4	-4.77	1	1	1	1
20230331165522	-15.65	0.0	-99.36	-10.4	-4.77	1	1	1	1
20230331165523	-15.62	0.0	-99.35	-10.4	-4.74	1	1	1	1
20230331165524	-15.65	0.0	-99.36	-10.46	-4.71	1	1	1	1
20230331165525	-15.62	0.0	-99.35	-10.4	-4.74	1	1	1	1
20230331165526	-15.59	0.0	-99.34	-10.4	-4.77	1	1	1	1
20230331165527	-15.57	0.0	-99.33	-10.21	-4.62	1	1	1	1
20230331165528	-15.55	0.0	-99.32	-10.21	-4.62	1	1	1	1
20230331165529	-15.56	0.0	-99.32	-10.14	-4.62	1	1	1	1
20230331165531	-15.55	0.0	-99.32	-10.14	-4.59	1	1	1	1
20230331165532	-15.55	0.0	-99.32	-10.27	-4.62	1	1	1	1
20230331165533	-15.52	0.0	-99.3	-10.14	-4.59	1	1	1	1
20230331165534	-15.5	0.0	-99.29	-10.21	-4.59	1	1	1	1
20230331165535	-15.53	0.0	-99.31	-10.08	-4.51	1	1	1	1
20230331165536	-15.5	0.0	-99.29	-10.08	-4.51	1	1	1	1
20230331165537	-15.5	0.0	-99.29	-10.14	-4.51	1	1	1	1
20230331165538	-15.46	0.0	-99.28	-10.08	-4.48	1	1	1	1
20230331165539	-15.47	0.0	-99.28	-9.96	-4.48	1	1	1	1
20230331165540	-15.47	0.0	-99.28	-10.02	-4.45	1	1	1	1
20230331165541	-15.43	0.0	-99.26	-10.02	-4.45	1	1	1	1
20230331165542	-15.44	0.0	-99.27	-9.9	-4.39	1	1	1	1
20230331165543	-15.47	0.0	-99.28	-9.9	-4.42	1	1	1	1
20230331165544	-15.43	0.0	-99.26	-9.9	-4.36	1	1	1	1
20230331165545	-15.4	0.0	-99.25	-9.84	-4.33	1	1	1	1
20230331165546	-15.4	0.0	-99.25	-9.96	-4.3	1	1	1	1
20230331165547	-15.39	0.0	-99.24	-9.96	-4.33	1	1	1	1
20230331165548	-15.36	0.0	-99.23	-9.9	-4.36	1	1	1	1
20230331165549	-15.36	0.0	-99.23	-9.84	-4.28	1	1	1	1
20230331165550	-15.35	0.0	-99.23	-9.66	-4.28	1	1	1	1
20230331165552	-15.36	0.0	-99.23	-9.71	-4.28	1	1	1	1
20230331165553	-15.35	0.0	-99.23	-9.66	-4.25	1	1	1	1
20230331165554	-15.33	0.0	-99.22	-9.66	-4.19	1	1	1	1
20230331165555	-15.32	0.0	-99.21	-9.78	-4.25	1	1	1	1
20230331165556	-15.31	0.0	-99.21	-9.66	-4.19	1	1	1	1
20230331165557	-15.29	0.0	-99.2	-9.66	-4.16	1	1	1	1
20230331165558	-15.29	0.0	-99.2	-9.71	-4.19	1	1	1	1
20230331165559	-15.29	0.0	-99.2	-9.54	-4.16	1	1	1	1
20230331165600	-15.25	0.0	-99.18	-9.66	-4.16	1	1	1	1
20230331165601	-15.26	0.0	-99.19	-9.54	-4.19	1	1	1	1
20230331165602	-15.23	0.0	-99.17	-9.48	-4.16	1	1	1	1
20230331165603	-15.25	0.0	-99.18	-9.48	-4.08	1	1	1	1
20230331165604	-15.25	0.0	-99.18	-9.42	-4.11	1	1	1	1
20230331165605	-15.22	0.0	-99.17	-9.42	-4.05	1	1	1	1
20230331165606	-15.19	0.0	-99.15	-9.42	-4.05	1	1	1	1
20230331165607	-15.22	0.0	-99.17	-9.54	-4.08	1	1	1	1
20230331165608	-15.16	0.0	-99.14	-9.54	-4.05	1	1	1	1
20230331165609	-15.16	0.0	-99.14	-9.36	-4.05	1	1	1	1
20230331165610	-15.15	0.0	-99.14	-9.36	-4.05	1	1	1	1
20230331165611	-15.15	0.0	-99.14	-9.54	-4.08	1	1	1	1
20230331165613	-15.12	0.0	-99.12	-9.36	-3.99	1	1	1	1
20230331165614	-15.11	0.0	-99.12	-9.48	-3.99	1	1	1	1
20230331165615	-15.11	0.0	-99.12	-9.36	-3.97	1	1	1	1
20230331165616	-15.12	0.0	-99.12	-9.36	-3.99	1	1	1	1
20230331165617	-15.11	0.0	-99.12	-9.36	-3.97	1	1	1	1
20230331165618	-15.09	0.0	-99.11	-9.36	-3.99	1	1	1	1
20230331165619	-15.08	0.0	-99.1	-9.36	-3.97	1	1	1	1
20230331165620	-15.07	0.0	-99.1	-9.19	-3.91	1	1	1	1
20230331165621	-15.07	0.0	-99.1	-9.31	-3.91	1	1	1	1
20230331165622	-15.08	0.0	-99.1	-9.13	-3.91	1	1	1	1
20230331165623	-15.04	0.0	-99.09	-9.13	-3.97	1	1	1	1
20230331165624	-15.02	0.0	-99.08	-9.13	-3.88	1	1	1	1
20230331165625	-15.01	0.0	-99.07	-9.13	-3.88	1	1	1	1
20230331165626	-15.01	0.0	-99.07	-9.13	-3.83	1	1	1	1
20230331165627	-14.99	0.0	-99.06	-9.13	-3.8	1	1	1	1
20230331165628	-14.98	0.0	-99.06	-9.25	-3.91	1	1	1	1
20230331165629	-14.98	0.0	-99.06	-9.13	-3.8	1	1	1	1
20230331165630	-14.97	0.0	-99.05	-9.08	-3.8	1	1	1	1
20230331165631	-14.94	0.0	-99.04	-9.19	-3.85	1	1	1	1
20230331165632	-14.91	0.0	-99.03	-9.02	-3.8	1	1	1	1
20230331165633	-14.95	0.0	-99.04	-9.13	-3.83	1	1	1	1
20230331165635	-14.91	0.0	-99.03	-9.02	-3.74	1	1	1	1
20230331165636	-14.91	0.0	-99.03	-9.02	-3.8	1	1	1	1
20230331165637	-14.88	0.0	-99.01	-9.13	-3.8	1	1	1	1
20230331165638	-14.91	0.0	-99.03	-8.97	-3.74	1	1	1	1
20230331165639	-14.88	0.0	-99.01	-9.08	-3.66	1	1	1	1
20230331165640	-14.85	0.0	-99.0	-8.91	-3.69	1	1	1	1
20230331165641	-14.85	0.0	-99.0	-8.91	-3.72	1	1	1	1
20230331165642	-14.87	0.0	-99.01	-9.02	-3.77	1	1	1	1
20230331165643	-14.84	0.0	-98.99	-9.02	-3.74	1	1	1	1
20230331165644	-14.83	0.0	-98.99	-8.91	-3.69	1	1	1	1
20230331165645	-14.83	0.0	-98.99	-9.02	-3.74	1	1	1	1
20230331165646	-14.8	0.0	-98.98	-9.02	-3.77	1	1	1	1
20230331165647	-14.8	0.0	-98.98	-9.02	-3.69	1	1	1	1
20230331165648	-14.78	0.0	-98.97	-8.86	-3.63	1	1	1	1
20230331165649	-14.78	0.0	-98.97	-8.86	-3.69	1	1	1	1
20230331165650	-14.77	0.0	-98.96	-8.86	-3.66	1	1	1	1
20230331165651	-14.75	0.0	-98.95	-8.91	-3.69	1	1	1	1
20230331165652	-14.78	0.0	-98.97	-8.91	-3.72	1	1	1	1
20230331165653	-14.75	0.0	-98.95	-8.8	-3.66	1	1	1	1
20230331165654	-14.74	0.0	-98.95	-8.86	-3.63	1	1	1	1
20230331165656	-14.73	0.0	-98.95	-8.8	-3.63	1	1	1	1
20230331165657	-14.73	0.0	-98.95	-8.86	-3.66	1	1	1	1
20230331165658	-14.71	0.0	-98.94	-8.8	-3.58	1	1	1	1
20230331165659	-14.71	0.0	-98.94	-8.86	-3.63	1	1	1	1
20230331165700	-14.71	0.0	-98.94	-8.75	-3.53	1	1	1	1
20230331165701	-14.7	0.0	-98.93	-8.86	-3.63	1	1	1	1
20230331165702	-14.7	0.0	-98.93	-8.8	-3.61	1	1	1	1
20230331165703	-14.67	0.0	-98.92	-8.7	-3.55	1	1	1	1
20230331165704	-14.65	0.0	-98.91	-8.8	-3.61	1	1	1	1
20230331165705	-14.67	0.0	-98.92	-8.7	-3.55	1	1	1	1
20230331165706	-14.64	0.0	-98.9	-8.7	-3.55	1	1	1	1
20230331165707	-14.63	0.0	-98.9	-8.7	-3.55	1	1	1	1
20230331165708	-14.65	0.0	-98.91	-8.7	-3.61	1	1	1	1
20230331165709	-14.63	0.0	-98.9	-8.7	-3.5	1	1	1	1
20230331165710	-14.61	0.0	-98.89	-8.7	-3.55	1	1	1	1
20230331165711	-14.6	0.0	-98.89	-8.64	-3.58	1	1	1	1
20230331165712	-14.6	0.0	-98.89	-8.7	-3.53	1	1	1	1
20230331165713	-14.61	0.0	-98.89	-8.64	-3.47	1	1	1	1
20230331165714	-14.58	0.0	-98.88	-8.64	-3.47	1	1	1	1
20230331165715	-14.57	0.0	-98.87	-8.64	-3.47	1	1	1	1
20230331165716	-14.55	0.0	-98.86	-8.64	-3.47	1	1	1	1
20230331165718	-14.54	0.0	-98.86	-8.64	-3.47	1	1	1	1
20230331165719	-14.55	0.0	-98.86	-8.64	-3.44	1	1	1	1
20230331165720	-14.55	0.0	-98.86	-8.64	-3.47	1	1	1	1
20230331165721	-14.54	0.0	-98.86	-8.59	-3.44	1	1	1	1
20230331165722	-14.51	0.0	-98.85	-8.7	-3.5	1	1	1	1
20230331165723	-14.5	0.0	-98.84	-8.59	-3.47	1	1	1	1
20230331165724	-14.48	0.0	-98.83	-8.54	-3.5	1	1	1	1
20230331165725	-14.5	0.0	-98.84	-8.64	-3.5	1	1	1	1
20230331165726	-14.51	0.0	-98.85	-8.64	-3.5	1	1	1	1
20230331165727	-14.48	0.0	-98.83	-8.64	-3.5	1	1	1	1
20230331165728	-14.5	0.0	-98.84	-8.64	-3.47	1	1	1	1
20230331165729	-14.47	0.0	-98.83	-8.59	-3.5	1	1	1	1
20230331165730	-14.48	0.0	-98.83	-8.64	-3.5	1	1	1	1
20230331165731	-14.47	0.0	-98.83	-8.48	-3.36	1	1	1	1
20230331165732	-14.44	0.0	-98.81	-8.48	-3.44	1	1	1	1
20230331165733	-14.44	0.0	-98.81	-8.59	-3.42	1	1	1	1
20230331165734	-14.43	0.0	-98.81	-8.48	-3.42	1	1	1	1
20230331165735	-14.44	0.0	-98.81	-8.48	-3.42	1	1	1	1
20230331165736	-14.43	0.0	-98.81	-8.59	-3.44	1	1	1	1
20230331165737	-14.41	0.0	-98.8	-8.48	-3.36	1	1	1	1
20230331165739	-14.41	0.0	-98.8	-8.59	-3.44	1	1	1	1
20230331165740	-14.43	0.0	-98.81	-8.59	-3.44	1	1	1	1
20230331165741	-14.38	0.0	-98.79	-8.48	-3.39	1	1	1	1
20230331165742	-14.4	0.0	-98.8	-8.48	-3.39	1	1	1	1
20230331165743	-14.38	0.0	-98.79	-8.59	-3.39	1	1	1	1
20230331165744	-14.38	0.0	-98.79	-8.48	-3.36	1	1	1	1
20230331165745	-14.37	0.0	-98.78	-8.48	-3.36	1	1	1	1
20230331165746	-14.34	0.0	-98.77	-8.43	-3.36	1	1	0	1
20230331165747	-14.36	0.0	-98.78	-8.43	-3.34	1	1	1	1
20230331165748	-14.36	0.0	-98.78	-8.43	-3.36	1	1	1	1
20230331165749	-14.33	0.0	-98.76	-8.43	-3.34	1	1	1	1
20230331165750	-14.33	0.0	-98.76	-8.54	-3.34	1	1	1	1
20230331165751	-14.33	0.0	-98.76	-8.54	-3.36	1	1	1	1
20230331165752	-14.31	0.0	-98.75	-8.54	-3.34	1	1	1	1
20230331165753	-14.31	0.0	-98.75	-8.43	-3.34	1	1	1	1
20230331165754	-14.3	0.0	-98.75	-8.43	-3.36	1	1	1	1
20230331165755	-14.3	0.0	-98.75	-8.48	-3.34	1	1	1	1
20230331165756	-14.29	0.0	-98.75	-8.43	-3.28	1	1	1	1
20230331165757	-14.27	0.0	-98.74	-8.48	-3.36	1	1	1	1
20230331165758	-14.27	0.0	-98.74	-8.38	-3.28	1	1	1	1
20230331165759	-14.27	0.0	-98.74	-8.38	-3.34	1	1	1	1
20230331165801	-14.26	0.0	-98.73	-8.48	-3.39	1	1	1	1
20230331165802	-14.24	0.0	-98.72	-8.38	-3.36	1	1	1	1
20230331165803	-14.26	0.0	-98.73	-8.38	-3.31	1	1	1	1
20230331165804	-14.24	0.0	-98.72	-8.43	-3.31	1	1	1	1
20230331165805	-14.24	0.0	-98.72	-8.38	-3.26	1	1	1	1
20230331165806	-14.23	0.0	-98.72	-8.43	-3.28	1	1	1	1
20230331165807	-14.23	0.0	-98.72	-8.33	-3.23	1	1	1	1
20230331165808	-14.23	0.0	-98.72	-8.38	-3.26	1	1	1	1
20230331165809	-14.23	0.0	-98.72	-8.33	-3.26	1	1	1	1
20230331165810	-14.23	0.0	-98.72	-8.33	-3.26	1	1	1	1
20230331165811	-14.2	0.0	-98.7	-8.33	-3.31	1	1	1	1
20230331165812	-14.19	0.0	-98.7	-8.43	-3.28	1	1	1	1
20230331165813	-14.21	0.0	-98.71	-8.43	-3.23	1	1	1	1
20230331165814	-14.19	0.0	-98.7	-8.33	-3.23	1	1	1	1
20230331165815	-14.19	0.0	-98.7	-8.28	-3.26	1	1	1	1
20230331165816	-14.19	0.0	-98.7	-8.43	-3.36	1	1	1	1
20230331165817	-14.16	0.0	-98.69	-8.38	-3.31	1	1	1	1
20230331165818	-14.16	0.0	-98.69	-8.43	-3.26	1	1	1	1
20230331165819	-14.14	0.0	-98.68	-8.33	-3.23	1	1	1	1
20230331165820	-14.14	0.0	-98.68	-8.33	-3.23	1	1	1	1
20230331165822	-14.14	0.0	-98.68	-8.43	-3.28	1	1	1	1
20230331165823	-14.14	0.0	-98.68	-8.38	-3.28	1	1	1	1
20230331165824	-14.13	0.0	-98.67	-8.28	-3.23	1	1	1	1
20230331165825	-14.11	0.0	-98.66	-8.38	-3.26	1	1	1	1
20230331165826	-14.13	0.0	-98.67	-8.28	-3.21	1	1	1	1
20230331165827	-14.11	0.0	-98.66	-8.28	-3.23	1	1	1	1
20230331165828	-14.1	0.0	-98.66	-8.38	-3.23	1	1	1	1
20230331165829	-14.11	0.0	-98.66	-8.38	-3.28	1	1	1	1
20230331165830	-14.1	0.0	-98.66	-8.28	-3.23	1	1	1	1
20230331165831	-14.07	0.0	-98.65	-8.28	-3.23	1	1	1	1
20230331165832	-14.09	0.0	-98.66	-8.28	-3.21	1	1	1	1
20230331165833	-14.09	0.0	-98.66	-8.38	-3.28	1	1	1	1
20230331165834	-14.09	0.0	-98.66	-8.38	-3.26	1	1	1	1
20230331165835	-14.09	0.0	-98.66	-8.28	-3.21	1	1	1	1
20230331165836	-14.07	0.0	-98.65	-8.28	-3.21	1	1	1	1
20230331165837	-14.07	0.0	-98.65	-8.28	-3.23	1	1	1	1
20230331165838	-14.07	0.0	-98.65	-8.28	-3.28	1	1	1	1
20230331165839	-14.07	0.0	-98.65	-8.33	-3.23	1	1	1	1
20230331165840	-14.06	0.0	-98.64	-8.28	-3.21	1	1	1	1
20230331165841	-14.05	0.0	-98.64	-8.23	-3.26	1	1	1	1
20230331165843	-14.06	0.0	-98.64	-8.33	-3.26	1	1	1	1
20230331165844	-14.03	0.0	-98.63	-8.28	-3.21	1	1	1	1
20230331165845	-14.05	0.0	-98.64	-8.23	-3.21	1	1	1	1
20230331165846	-14.06	0.0	-98.64	-8.33	-3.23	1	1	1	1
20230331165847	-14.0	0.0	-98.61	-8.28	-3.23	1	1	1	1
20230331165848	-14.02	0.0	-98.62	-8.33	-3.21	1	1	1	1
20230331165849	-14.02	0.0	-98.62	-8.28	-3.18	1	1	1	1
20230331165850	-14.02	0.0	-98.62	-8.23	-3.21	1	1	1	1
20230331165851	-14.0	0.0	-98.61	-8.33	-3.26	1	1	1	1
20230331165852	-14.0	0.0	-98.61	-8.33	-3.23	1	1	1	1
20230331165853	-14.02	0.0	-98.62	-8.23	-3.21	1	1	1	1
20230331165854	-14.0	0.0	-98.61	-8.28	-3.21	1	1	1	1
20230331165855	-14.0	0.0	-98.61	-8.17	-3.21	1	1	1	1
20230331165856	-13.97	0.0	-98.6	-8.33	-3.21	1	1	1	1
20230331165857	-14.0	0.0	-98.61	-8.23	-3.21	1	1	1	1
20230331165858	-13.99	0.0	-98.61	-8.17	-3.18	1	1	1	1
20230331165859	-14.0	0.0	-98.61	-8.23	-3.21	1	1	1	1
20230331165900	-13.97	0.0	-98.6	-8.28	-3.23	1	1	1	1
20230331165901	-13.97	0.0	-98.6	-8.17	-3.21	1	1	1	1
20230331165902	-13.99	0.0	-98.61	-8.28	-3.23	1	1	1	1
20230331165903	-13.96	0.0	-98.6	-8.17	-3.15	1	1	1	1
20230331165905	-13.95	0.0	-98.59	-8.23	-3.13	1	1	1	1
20230331165906	-13.96	0.0	-98.6	-8.28	-3.21	1	1	1	1
20230331165907	-13.96	0.0	-98.6	-8.28	-3.18	1	1	1	1
20230331165908	-13.97	0.0	-98.6	-8.17	-3.18	1	1	1	1
20230331165909	-13.96	0.0	-98.6	-8.28	-3.21	1	1	1	1
20230331165910	-13.93	0.0	-98.58	-8.17	-3.15	1	1	1	1
20230331165911	-13.95	0.0	-98.59	-8.17	-3.18	1	1	1	1
20230331165912	-13.93	0.0	-98.58	-8.17	-3.18	1	1	1	1
20230331165913	-13.95	0.0	-98.59	-8.23	-3.21	1	1	1	1
20230331165914	-13.92	0.0	-98.58	-8.17	-3.13	1	1	1	1
20230331165915	-13.92	0.0	-98.58	-8.12	-3.21	1	1	1	1
20230331165916	-13.92	0.0	-98.58	-8.17	-3.15	1	1	1	1
20230331165917	-13.92	0.0	-98.58	-8.28	-3.21	1	1	1	1
20230331165918	-13.9	0.0	-98.57	-8.28	-3.21	1	1	1	1
20230331165919	-13.89	0.0	-98.56	-8.17	-3.18	1	1	1	1
20230331165920	-13.9	0.0	-98.57	-8.12	-3.18	1	1	1	1
20230331165921	-13.89	0.0	-98.56	-8.17	-3.21	1	1	1	1
20230331165922	-13.87	0.0	-98.56	-8.17	-3.13	1	1	1	1
20230331165923	-13.87	0.0	-98.56	-8.17	-3.13	1	1	1	1
20230331165924	-13.89	0.0	-98.56	-8.17	-3.13	1	1	1	1
20230331165926	-13.89	0.0	-98.56	-8.12	-3.15	1	1	1	1
20230331165927	-13.86	0.0	-98.55	-8.17	-3.13	1	1	1	1
20230331165928	-13.86	0.0	-98.55	-8.28	-3.21	1	1	1	1
20230331165929	-13.87	0.0	-98.56	-8.12	-3.21	1	1	1	1
20230331165930	-13.85	0.0	-98.55	-8.12	-3.13	1	1	1	1
20230331165931	-13.89	0.0	-98.56	-8.12	-3.15	1	1	1	1
20230331165932	-13.87	0.0	-98.56	-8.12	-3.15	1	1	1	1
20230331165933	-13.85	0.0	-98.55	-8.12	-3.13	1	1	1	1
20230331165934	-13.85	0.0	-98.55	-8.17	-3.13	1	1	1	1
20230331165935	-13.85	0.0	-98.55	-8.23	-3.18	1	1	1	1
20230331165936	-13.85	0.0	-98.55	-8.23	-3.13	1	1	1	1
20230331165937	-13.85	0.0	-98.55	-8.17	-3.15	1	1	1	1
20230331165938	-13.83	0.0	-98.54	-8.12	-3.18	1	1	1	1
20230331165939	-13.83	0.0	-98.54	-8.12	-3.18	1	1	1	1
20230331165940	-13.85	0.0	-98.55	-8.12	-3.15	1	1	1	1
20230331165941	-13.85	0.0	-98.55	-8.12	-3.13	1	1	1	1
20230331165942	-13.82	0.0	-98.53	-8.12	-3.18	1	1	1	1
20230331165943	-13.83	0.0	-98.54	-8.17	-3.21	1	1	1	1
20230331165944	-13.82	0.0	-98.53	-8.12	-3.18	1	1	1	1
20230331165945	-13.79	0.0	-98.52	-8.23	-3.18	1	1	1	1
20230331165946	-13.81	0.0	-98.53	-8.12	-3.13	1	1	1	1
20230331165948	-13.83	0.0	-98.54	-8.12	-3.18	1	1	1	1
20230331165949	-13.81	0.0	-98.53	-8.12	-3.15	1	1	1	1
20230331165950	-13.79	0.0	-98.52	-8.12	-3.15	1	1	1	1
20230331165951	-13.81	0.0	-98.53	-8.23	-3.18	1	1	1	1
20230331165952	-13.81	0.0	-98.53	-8.23	-3.21	1	1	1	1
20230331165953	-13.79	0.0	-98.52	-8.23	-3.18	1	1	1	1
20230331165954	-13.79	0.0	-98.52	-8.23	-3.18	1	1	1	1
20230331165955	-13.82	0.0	-98.53	-8.12	-3.18	1	1	1	1
20230331165956	-13.78	0.0	-98.51	-8.23	-3.18	1	1	1	1
20230331165957	-13.81	0.0	-98.53	-8.23	-3.18	1	1	1	1
20230331165958	-13.78	0.0	-98.51	-8.23	-3.18	1	1	1	1
20230331165959	-13.78	0.0	-98.51	-8.23	-3.18	1	1	1	1
20230331170000	-13.78	0.0	-98.51	-8.12	-3.18	1	1	1	1
20230331170001	-13.75	0.0	-98.5	-8.23	-3.13	1	1	1	1
20230331170002	-13.78	0.0	-98.51	-8.17	-3.18	1	1	1	1
20230331170003	-13.76	0.0	-98.51	-8.12	-3.15	1	1	1	1
20230331170004	-13.78	0.0	-98.51	-8.12	-3.13	1	1	1	1
20230331170005	-13.76	0.0	-98.51	-8.12	-3.15	1	1	1	1
20230331170006	-13.78	0.0	-98.51	-8.12	-3.13	1	1	1	1
20230331170007	-13.76	0.0	-98.51	-8.23	-3.18	1	1	1	1
20230331170009	-13.78	0.0	-98.51	-8.23	-3.18	1	1	1	1
20230331170010	-13.75	0.0	-98.5	-8.23	-3.21	1	1	1	1
20230331170011	-13.73	0.0	-98.49	-8.12	-3.13	1	1	1	1
20230331170012	-13.75	0.0	-98.5	-8.12	-3.15	1	1	1	1
20230331170013	-13.73	0.0	-98.49	-8.07	-3.15	1	1	1	1
20230331170014	-13.73	0.0	-98.49	-8.12	-3.15	1	1	1	1
20230331170015	-13.75	0.0	-98.5	-8.12	-3.15	1	1	1	1
20230331170016	-13.73	0.0	-98.49	-8.12	-3.13	1	1	1	1
20230331170017	-13.75	0.0	-98.5	-8.12	-3.13	1	1	1	1
20230331170018	-13.73	0.0	-98.49	-8.12	-3.13	1	1	1	1
20230331170019	-13.73	0.0	-98.49	-8.12	-3.18	1	1	1	1
20230331170020	-13.75	0.0	-98.5	-8.12	-3.13	1	1	1	1
20230331170021	-13.73	0.0	-98.49	-8.23	-3.18	1	1	1	1
20230331170022	-13.71	0.0	-98.48	-8.12	-3.13	1	1	1	1
20230331170023	-13.71	0.0	-98.48	-8.23	-3.15	1	1	1	1
20230331170024	-13.73	0.0	-98.49	-8.12	-3.15	1	1	1	1
20230331170025	-13.72	0.0	-98.49	-8.12	-3.13	1	1	1	1
20230331170026	-13.73	0.0	-98.49	-8.07	-3.13	1	1	1	1
20230331170027	-13.71	0.0	-98.48	-8.07	-3.13	1	1	1	1
20230331170028	-13.71	0.0	-98.48	-8.12	-3.13	1	1	1	1
20230331170029	-13.71	0.0	-98.48	-8.07	-3.15	1	1	1	1
20230331170031	-13.71	0.0	-98.48	-8.07	-3.13	1	1	1	1
20230331170032	-13.71	0.0	-98.48	-8.07	-3.13	1	1	1	1
20230331170033	-13.72	0.0	-98.49	-8.12	-3.1	1	1	1	1
20230331170034	-13.71	0.0	-98.48	-8.12	-3.1	1	1	1	1
20230331170035	-13.72	0.0	-98.49	-8.12	-3.1	1	1	1	1
20230331170036	-13.69	0.0	-98.47	-8.17	-3.18	1	1	1	1
20230331170037	-13.71	0.0	-98.48	-8.07	-3.13	1	1	1	1
20230331170038	-13.69	0.0	-98.47	-8.17	-3.18	1	1	1	1
20230331170039	-13.68	0.0	-98.47	-8.07	-3.13	1	1	1	1
20230331170040	-13.71	0.0	-98.48	-8.12	-3.13	1	1	1	1
20230331170041	-13.73	0.0	-98.49	-8.23	-3.18	1	1	1	1
20230331170042	-13.72	0.0	-98.49	-8.23	-3.18	1	1	1	1
20230331170043	-13.71	0.0	-98.48	-8.23	-3.18	1	1	1	1
20230331170044	-13.69	0.0	-98.47	-8.12	-3.13	1	1	1	1
20230331170045	-13.69	0.0	-98.47	-8.07	-3.13	1	1	1	1
20230331170046	-13.69	0.0	-98.47	-8.07	-3.13	1	1	1	1
20230331170047	-13.68	0.0	-98.47	-8.12	-3.13	1	1	1	1
20230331170048	-13.68	0.0	-98.47	-8.12	-3.15	1	1	1	1
20230331170049	-13.71	0.0	-98.48	-8.23	-3.18	1	1	1	1
20230331170050	-13.69	0.0	-98.47	-8.07	-3.13	1	1	1	1
20230331170052	-13.69	0.0	-98.47	-8.12	-3.13	1	1	1	1
20230331170053	-13.69	0.0	-98.47	-8.12	-3.13	1	1	1	1
20230331170054	-13.68	0.0	-98.47	-8.17	-3.18	1	1	1	1
20230331170055	-13.68	0.0	-98.47	-8.23	-3.15	1	1	1	1
20230331170056	-13.68	0.0	-98.47	-8.23	-3.15	1	1	1	1
20230331170057	-13.68	0.0	-98.47	-8.12	-3.1	1	1	1	1
20230331170058	-13.68	0.0	-98.47	-8.23	-3.18	1	1	1	1
20230331170059	-13.68	0.0	-98.47	-8.07	-3.13	1	1	1	1
20230331170100	-13.65	0.0	-98.46	-8.23	-3.18	1	1	1	1
20230331170101	-13.66	0.0	-98.46	-8.17	-3.18	1	1	1	1
20230331170102	-13.69	0.0	-98.47	-8.23	-3.18	1	1	1	1
20230331170103	-13.66	0.0	-98.46	-8.23	-3.18	1	1	1	1
20230331170104	-13.66	0.0	-98.46	-8.17	-3.18	1	1	1	1
20230331170105	-13.66	0.0	-98.46	-8.12	-3.13	1	1	1	1
20230331170106	-13.66	0.0	-98.46	-8.23	-3.18	1	1	1	1
20230331170107	-13.65	0.0	-98.46	-8.12	-3.13	1	1	1	1
20230331170108	-13.66	0.0	-98.46	-8.12	-3.13	1	1	1	1
20230331170109	-13.65	0.0	-98.46	-8.12	-3.13	1	1	1	1
20230331170110	-13.63	0.0	-98.45	-8.12	-3.13	1	1	1	1
20230331170111	-13.65	0.0	-98.46	-8.12	-3.18	1	1	1	1
20230331170112	-13.65	0.0	-98.46	-8.17	-3.21	1	1	1	1
20230331170114	-13.66	0.0	-98.46	-8.17	-3.18	1	1	1	1
20230331170115	-13.65	0.0	-98.46	-8.12	-3.15	1	1	1	1
20230331170116	-13.68	0.0	-98.47	-8.17	-3.18	1	1	1	1
20230331170117	-13.66	0.0	-98.46	-8.17	-3.15	1	1	1	1
20230331170118	-13.66	0.0	-98.46	-8.17	-3.21	1	1	1	1
20230331170119	-13.65	0.0	-98.46	-8.23	-3.18	1	1	1	1
20230331170120	-13.66	0.0	-98.46	-8.23	-3.18	1	1	1	1
20230331170121	-13.65	0.0	-98.46	-8.07	-3.13	1	1	1	1
20230331170122	-13.65	0.0	-98.46	-8.17	-3.18	1	1	1	1
20230331170123	-13.63	0.0	-98.45	-8.23	-3.18	1	1	1	1
20230331170124	-13.63	0.0	-98.45	-8.23	-3.18	1	1	1	1
20230331170125	-13.63	0.0	-98.45	-8.17	-3.15	1	1	1	1
20230331170126	-13.65	0.0	-98.46	-8.23	-3.21	1	1	1	1
20230331170127	-13.65	0.0	-98.46	-8.17	-3.13	1	1	1	1
20230331170128	-13.63	0.0	-98.45	-8.23	-3.23	1	1	1	1
20230331170129	-13.63	0.0	-98.45	-8.23	-3.21	1	1	1	1
20230331170130	-13.63	0.0	-98.45	-8.12	-3.13	1	1	1	1
20230331170131	-13.65	0.0	-98.46	-8.12	-3.13	1	1	1	1
20230331170132	-13.65	0.0	-98.46	-8.17	-3.15	1	1	1	1
20230331170133	-13.68	0.0	-98.47	-8.12	-3.13	1	1	1	1
20230331170135	-13.63	0.0	-98.45	-8.23	-3.13	1	1	1	1
20230331170136	-13.65	0.0	-98.46	-8.17	-3.21	1	1	1	1
20230331170137	-13.63	0.0	-98.45	-8.23	-3.21	1	1	1	1
20230331170138	-13.62	0.0	-98.44	-8.23	-3.18	1	1	1	1
20230331170139	-13.63	0.0	-98.45	-8.23	-3.15	1	1	1	1
20230331170140	-13.65	0.0	-98.46	-8.17	-3.21	1	1	1	1
20230331170141	-13.62	0.0	-98.44	-8.12	-3.15	1	1	1	1
20230331170142	-13.63	0.0	-98.45	-8.12	-3.23	1	1	1	1
20230331170143	-13.63	0.0	-98.45	-8.23	-3.18	1	1	1	1
20230331170144	-13.62	0.0	-98.44	-8.23	-3.18	1	1	1	1
20230331170145	-13.65	0.0	-98.46	-8.12	-3.15	1	1	1	1
20230331170146	-13.63	0.0	-98.45	-8.23	-3.18	1	1	1	1
20230331170147	-13.65	0.0	-98.46	-8.12	-3.13	1	1	1	1
20230331170148	-13.65	0.0	-98.46	-8.12	-3.13	1	1	1	1
20230331170149	-13.63	0.0	-98.45	-8.23	-3.18	1	1	1	1
20230331170150	-13.62	0.0	-98.44	-8.23	-3.18	1	1	1	1
20230331170151	-13.63	0.0	-98.45	-8.23	-3.13	1	1	1	1
20230331170152	-13.61	0.0	-98.44	-8.12	-3.13	1	1	1	1
20230331170153	-13.63	0.0	-98.45	-8.12	-3.13	1	1	1	1
20230331170154	-13.65	0.0	-98.46	-8.23	-3.21	1	1	1	1
20230331170155	-13.65	0.0	-98.46	-8.23	-3.13	1	1	1	1
20230331170157	-13.63	0.0	-98.45	-8.12	-3.13	1	1	1	1
20230331170158	-13.62	0.0	-98.44	-8.23	-3.21	1	1	1	1
20230331170159	-13.62	0.0	-98.44	-8.23	-3.23	1	1	1	1
20230331170200	-13.62	0.0	-98.44	-8.12	-3.13	1	1	1	1
20230331170201	-13.63	0.0	-98.45	-8.23	-3.18	1	1	1	1
20230331170202	-13.65	0.0	-98.46	-8.23	-3.23	1	1	1	1
20230331170203	-13.62	0.0	-98.44	-8.23	-3.18	1	1	1	1
20230331170204	-13.61	0.0	-98.44	-8.12	-3.13	1	1	1	1
20230331170205	-13.63	0.0	-98.45	-8.12	-3.13	1	1	1	1
20230331170206	-13.63	0.0	-98.45	-8.12	-3.13	1	1	1	1
20230331170207	-13.61	0.0	-98.44	-8.23	-3.18	1	1	1	1
20230331170208	-13.65	0.0	-98.46	-8.12	-3.13	1	1	1	1
20230331170209	-13.63	0.0	-98.45	-8.12	-3.15	1	1	1	1
20230331170210	-13.62	0.0	-98.44	-8.23	-3.13	1	1	1	1
20230331170211	-13.62	0.0	-98.44	-8.23	-3.13	1	1	1	1
20230331170212	-13.62	0.0	-98.44	-8.17	-3.15	1	1	1	1
20230331170213	-13.65	0.0	-98.46	-8.12	-3.13	1	1	1	1
20230331170214	-13.63	0.0	-98.45	-8.12	-3.13	1	1	1	1
20230331170215	-13.63	0.0	-98.45	-8.17	-3.13	1	1	1	1
20230331170216	-13.63	0.0	-98.45	-8.23	-3.13	1	1	1	1
20230331170218	-13.62	0.0	-98.44	-8.23	-3.18	1	1	1	1
20230331170219	-13.63	0.0	-98.45	-8.23	-3.18	1	1	1	1
20230331170220	-13.62	0.0	-98.44	-8.23	-3.21	1	1	1	1
20230331170221	-13.63	0.0	-98.45	-8.12	-3.1	1	1	1	1
20230331170222	-13.62	0.0	-98.44	-8.12	-3.15	1	1	1	1
20230331170223	-13.63	0.0	-98.45	-8.23	-3.21	1	1	1	1
20230331170224	-13.65	0.0	-98.46	-8.17	-3.13	1	1	1	1
20230331170225	-13.62	0.0	-98.44	-8.12	-3.18	1	1	1	1
20230331170226	-13.65	0.0	-98.46	-8.23	-3.21	1	1	1	1
20230331170227	-13.63	0.0	-98.45	-8.12	-3.13	1	1	1	1
20230331170228	-13.62	0.0	-98.44	-8.17	-3.15	1	1	1	1
20230331170229	-13.63	0.0	-98.45	-8.12	-3.18	1	1	1	1
20230331170230	-13.63	0.0	-98.45	-8.28	-3.18	1	1	1	1
20230331170231	-13.65	0.0	-98.46	-8.23	-3.18	1	1	1	1
20230331170232	-13.62	0.0	-98.44	-8.12	-3.21	1	1	1	1
20230331170233	-13.63	0.0	-98.45	-8.12	-3.13	1	1	1	1
20230331170234	-13.63	0.0	-98.45	-8.23	-3.18	1	1	1	1
20230331170235	-13.66	0.0	-98.46	-8.17	-3.13	1	1	1	1
20230331170236	-13.63	0.0	-98.45	-8.12	-3.15	1	1	1	1
20230331170237	-13.65	0.0	-98.46	-8.23	-3.18	1	1	1	1
20230331170238	-13.65	0.0	-98.46	-8.23	-3.18	1	1	1	1
20230331170240	-13.63	0.0	-98.45	-8.23	-3.18	1	1	1	1
20230331170241	-13.65	0.0	-98.46	-8.23	-3.21	1	1	1	1
20230331170242	-13.65	0.0	-98.46	-8.23	-3.23	1	1	1	1
20230331170243	-13.65	0.0	-98.46	-8.23	-3.18	1	1	1	1
20230331170244	-13.65	0.0	-98.46	-8.12	-3.15	1	1	1	1
20230331170245	-13.65	0.0	-98.46	-8.28	-3.18	1	1	1	1
20230331170246	-13.65	0.0	-98.46	-8.17	-3.15	1	1	1	1
20230331170247	-13.65	0.0	-98.46	-8.17	-3.13	1	1	1	1
20230331170248	-13.65	0.0	-98.46	-8.23	-3.21	1	1	1	1
20230331170249	-13.63	0.0	-98.45	-8.28	-3.21	1	1	1	1
20230331170250	-13.63	0.0	-98.45	-8.12	-3.18	1	1	1	1
20230331170251	-13.65	0.0	-98.46	-8.12	-3.18	1	1	1	1
20230331170252	-13.65	0.0	-98.46	-8.23	-3.21	1	1	1	1
20230331170253	-13.62	0.0	-98.44	-8.28	-3.21	1	1	1	1
20230331170254	-13.62	0.0	-98.44	-8.23	-3.21	1	1	1	1
20230331170255	-13.66	0.0	-98.46	-8.17	-3.15	1	1	1	1
20230331170256	-13.63	0.0	-98.45	-8.17	-3.18	1	1	1	1
20230331170257	-13.65	0.0	-98.46	-8.17	-3.18	1	1	1	1
20230331170258	-13.65	0.0	-98.46	-8.12	-3.18	1	1	1	1
20230331170259	-13.66	0.0	-98.46	-8.23	-3.18	1	1	1	1
20230331170301	-13.63	0.0	-98.45	-8.23	-3.18	1	1	1	1
20230331170302	-13.63	0.0	-98.45	-8.28	-3.21	1	1	1	1
20230331170303	-13.62	0.0	-98.44	-8.17	-3.18	1	1	1	1
20230331170304	-13.63	0.0	-98.45	-8.28	-3.18	1	1	1	1
20230331170305	-13.62	0.0	-98.44	-8.17	-3.13	1	1	1	1
20230331170306	-13.65	0.0	-98.46	-8.28	-3.23	1	1	1	1
20230331170307	-13.63	0.0	-98.45	-8.28	-3.18	1	1	1	1
20230331170308	-13.65	0.0	-98.46	-8.12	-3.18	1	1	1	1
20230331170309	-13.65	0.0	-98.46	-8.17	-3.15	1	1	1	1
20230331170310	-13.65	0.0	-98.46	-8.12	-3.18	1	1	1	1
20230331170311	-13.65	0.0	-98.46	-8.28	-3.23	1	1	1	1
20230331170312	-13.63	0.0	-98.45	-8.23	-3.21	1	1	1	1
20230331170313	-13.65	0.0	-98.46	-8.28	-3.18	1	1	1	1
20230331170314	-13.65	0.0	-98.46	-8.28	-3.15	1	1	1	1
20230331170315	-13.65	0.0	-98.46	-8.17	-3.18	1	1	1	1
20230331170316	-13.65	0.0	-98.46	-8.17	-3.21	1	1	1	1
20230331170317	-13.65	0.0	-98.46	-8.23	-3.26	1	1	1	1
20230331170318	-13.63	0.0	-98.45	-8.28	-3.18	1	1	1	1
20230331170319	-13.65	0.0	-98.46	-8.17	-3.18	1	1	1	1
20230331170320	-13.66	0.0	-98.46	-8.17	-3.18	1	1	1	1
20230331170321	-13.63	0.0	-98.45	-8.17	-3.21	1	1	1	1
20230331170323	-13.63	0.0	-98.45	-8.28	-3.21	1	1	1	1
20230331170324	-13.66	0.0	-98.46	-8.28	-3.21	1	1	1	1
20230331170325	-13.65	0.0	-98.46	-8.17	-3.21	1	1	1	1
20230331170326	-13.65	0.0	-98.46	-8.28	-3.26	1	1	1	1
20230331170327	-13.65	0.0	-98.46	-8.17	-3.21	1	1	1	1
20230331170328	-13.65	0.0	-98.46	-8.28	-3.23	1	1	1	1
20230331170329	-13.65	0.0	-98.46	-8.17	-3.21	1	1	1	1
20230331170330	-13.65	0.0	-98.46	-8.28	-3.26	1	1	1	1
20230331170331	-13.65	0.0	-98.46	-8.28	-3.26	1	1	1	1
20230331170332	-13.65	0.0	-98.46	-8.28	-3.21	1	1	1	1
20230331170333	-13.68	0.0	-98.47	-8.28	-3.26	1	1	1	1
20230331170334	-13.68	0.0	-98.47	-8.28	-3.26	1	1	1	1
20230331170335	-13.65	0.0	-98.46	-8.28	-3.26	1	1	1	1
20230331170336	-13.65	0.0	-98.46	-8.17	-3.23	1	1	1	1
20230331170337	-13.65	0.0	-98.46	-8.23	-3.26	1	1	1	1
20230331170338	-13.65	0.0	-98.46	-8.33	-3.23	1	1	1	1
20230331170339	-13.65	0.0	-98.46	-8.17	-3.21	1	1	1	1
20230331170340	-13.68	0.0	-98.47	-8.28	-3.18	1	1	1	1
20230331170341	-13.66	0.0	-98.46	-8.17	-3.18	1	1	1	1
20230331170342	-13.66	0.0	-98.46	-8.33	-3.23	1	1	1	1
20230331170344	-13.63	0.0	-98.45	-8.28	-3.26	1	1	1	1
20230331170345	-13.66	0.0	-98.46	-8.28	-3.26	1	1	1	1
20230331170346	-13.65	0.0	-98.46	-8.33	-3.26	1	1	1	1
20230331170347	-13.66	0.0	-98.46	-8.33	-3.23	1	1	1	1
20230331170348	-13.66	0.0	-98.46	-8.17	-3.21	1	1	1	1
20230331170349	-13.66	0.0	-98.46	-8.33	-3.23	1	1	1	1
20230331170350	-13.69	0.0	-98.47	-8.28	-3.23	1	1	1	1
20230331170351	-13.68	0.0	-98.47	-8.33	-3.23	1	1	1	1
20230331170352	-13.66	0.0	-98.46	-8.23	-3.21	1	1	1	1
20230331170353	-13.66	0.0	-98.46	-8.28	-3.26	1	1	1	1
20230331170354	-13.66	0.0	-98.46	-8.33	-3.28	1	1	1	1
20230331170355	-13.68	0.0	-98.47	-8.28	-3.28	1	1	1	1
20230331170356	-13.66	0.0	-98.46	-8.23	-3.21	1	1	1	1
20230331170357	-13.66	0.0	-98.46	-8.33	-3.23	1	1	1	1
20230331170358	-13.65	0.0	-98.46	-8.28	-3.23	1	1	1	1
20230331170359	-13.68	0.0	-98.47	-8.33	-3.23	1	1	1	1
20230331170400	-13.68	0.0	-98.47	-8.28	-3.28	1	1	1	1
20230331170401	-13.68	0.0	-98.47	-8.33	-3.28	1	1	1	1
20230331170402	-13.68	0.0	-98.47	-8.17	-3.21	1	1	1	1
20230331170403	-13.69	0.0	-98.47	-8.17	-3.23	1	1	1	1
20230331170404	-13.66	0.0	-98.46	-8.33	-3.26	1	1	1	1
20230331170406	-13.66	0.0	-98.46	-8.28	-3.26	1	1	1	1
20230331170407	-13.65	0.0	-98.46	-8.33	-3.26	1	1	1	1
20230331170408	-13.68	0.0	-98.47	-8.28	-3.26	1	1	1	1
20230331170409	-13.69	0.0	-98.47	-8.33	-3.26	1	1	1	1
20230331170410	-13.68	0.0	-98.47	-8.28	-3.26	1	1	1	1
20230331170411	-13.65	0.0	-98.46	-8.28	-3.23	1	1	1	1
20230331170412	-13.68	0.0	-98.47	-8.33	-3.28	1	1	1	1
20230331170413	-13.68	0.0	-98.47	-8.33	-3.26	1	1	1	1
20230331170414	-13.66	0.0	-98.46	-8.33	-3.26	1	1	1	1
20230331170415	-13.69	0.0	-98.47	-8.23	-3.26	1	1	1	1
20230331170416	-13.65	0.0	-98.46	-8.28	-3.23	1	1	1	1
20230331170417	-13.68	0.0	-98.47	-8.33	-3.28	1	1	1	1
20230331170418	-13.69	0.0	-98.47	-8.33	-3.28	1	1	1	1
20230331170419	-13.68	0.0	-98.47	-8.33	-3.26	1	1	1	1
20230331170420	-13.65	0.0	-98.46	-8.28	-3.28	1	1	1	1
20230331170421	-13.69	0.0	-98.47	-8.33	-3.28	1	1	1	1
20230331170422	-13.65	0.0	-98.46	-8.33	-3.26	1	1	1	1
20230331170423	-13.66	0.0	-98.46	-8.33	-3.28	1	1	1	1
20230331170424	-13.66	0.0	-98.46	-8.23	-3.23	1	1	1	1
20230331170425	-13.66	0.0	-98.46	-8.23	-3.23	1	1	1	1
20230331170427	-13.68	0.0	-98.47	-8.33	-3.28	1	1	1	1
20230331170428	-13.68	0.0	-98.47	-8.33	-3.28	1	1	1	1
20230331170429	-13.68	0.0	-98.47	-8.33	-3.28	1	1	1	1
20230331170430	-13.68	0.0	-98.47	-8.38	-3.28	1	1	1	1
20230331170431	-13.66	0.0	-98.46	-8.38	-3.28	1	1	1	1
20230331170432	-13.68	0.0	-98.47	-8.33	-3.28	1	1	1	1
20230331170433	-13.66	0.0	-98.46	-8.23	-3.23	1	1	1	1
20230331170434	-13.71	0.0	-98.48	-8.33	-3.28	1	1	1	1
20230331170435	-13.68	0.0	-98.47	-8.38	-3.28	1	1	1	1
20230331170436	-13.71	0.0	-98.48	-8.38	-3.26	1	1	1	1
20230331170437	-13.69	0.0	-98.47	-8.33	-3.26	1	1	0	1
20230331170438	-13.66	0.0	-98.46	-8.33	-3.28	1	1	1	1
20230331170439	-13.68	0.0	-98.47	-8.38	-3.23	1	1	1	1
20230331170440	-13.69	0.0	-98.47	-8.33	-3.28	1	1	1	1
20230331170441	-13.69	0.0	-98.47	-8.38	-3.28	1	1	1	1
20230331170442	-13.69	0.0	-98.47	-8.38	-3.28	1	1	1	1
20230331170443	-13.71	0.0	-98.48	-8.28	-3.23	1	1	1	1
20230331170444	-13.68	0.0	-98.47	-8.28	-3.26	1	1	1	1
20230331170445	-13.71	0.0	-98.48	-8.38	-3.23	1	1	1	1
20230331170446	-13.69	0.0	-98.47	-8.28	-3.23	1	1	1	1
20230331170447	-13.69	0.0	-98.47	-8.28	-3.26	1	1	1	1
20230331170449	-13.71	0.0	-98.48	-8.28	-3.28	1	1	1	1
20230331170450	-13.68	0.0	-98.47	-8.38	-3.28	1	1	1	1
20230331170451	-13.71	0.0	-98.48	-8.38	-3.34	1	1	1	1
20230331170452	-13.71	0.0	-98.48	-8.33	-3.31	1	1	1	1
20230331170453	-13.71	0.0	-98.48	-8.28	-3.26	1	1	1	1
20230331170454	-13.69	0.0	-98.47	-8.28	-3.23	1	1	1	1
20230331170455	-13.68	0.0	-98.47	-8.38	-3.23	1	1	1	1
20230331170456	-13.68	0.0	-98.47	-8.28	-3.23	1	1	1	1
20230331170457	-13.72	0.0	-98.49	-8.28	-3.26	1	1	1	1
20230331170458	-13.71	0.0	-98.48	-8.38	-3.28	1	1	1	1
20230331170459	-13.68	0.0	-98.47	-8.38	-3.23	1	1	1	1
20230331170500	-13.71	0.0	-98.48	-8.38	-3.28	1	1	1	1
20230331170501	-13.71	0.0	-98.48	-8.38	-3.23	1	1	1	1
20230331170502	-13.69	0.0	-98.47	-8.38	-3.31	1	1	1	1
20230331170503	-13.69	0.0	-98.47	-8.28	-3.28	1	1	1	1
20230331170504	-13.69	0.0	-98.47	-8.38	-3.28	1	1	1	1
20230331170505	-13.71	0.0	-98.48	-8.28	-3.28	1	1	1	1
20230331170506	-13.69	0.0	-98.47	-8.28	-3.23	1	1	1	1
20230331170507	-13.71	0.0	-98.48	-8.28	-3.26	1	1	1	1
20230331170508	-13.72	0.0	-98.49	-8.28	-3.23	1	1	1	1
20230331170510	-13.72	0.0	-98.49	-8.28	-3.23	1	1	1	1
20230331170511	-13.71	0.0	-98.48	-8.38	-3.28	1	1	1	1
20230331170512	-13.71	0.0	-98.48	-8.38	-3.31	1	1	1	1
20230331170513	-13.69	0.0	-98.47	-8.38	-3.36	1	1	1	1
20230331170514	-13.72	0.0	-98.49	-8.38	-3.34	1	1	1	1
20230331170515	-13.72	0.0	-98.49	-8.38	-3.26	1	1	1	1
20230331170516	-13.71	0.0	-98.48	-8.38	-3.31	1	1	1	1
20230331170517	-13.72	0.0	-98.49	-8.28	-3.23	1	1	1	1
20230331170518	-13.71	0.0	-98.48	-8.38	-3.34	1	1	1	1
20230331170519	-13.73	0.0	-98.49	-8.38	-3.31	1	1	1	1
20230331170520	-13.73	0.0	-98.49	-8.38	-3.36	1	1	0	1
20230331170521	-13.71	0.0	-98.48	-8.38	-3.36	1	1	1	1
20230331170522	-13.71	0.0	-98.48	-8.38	-3.23	1	1	1	1
20230331170523	-13.73	0.0	-98.49	-8.38	-3.34	1	1	1	1
20230331170524	-13.75	0.0	-98.5	-8.38	-3.28	1	1	1	1
20230331170525	-13.75	0.0	-98.5	-8.38	-3.31	1	1	1	1
20230331170526	-13.71	0.0	-98.48	-8.28	-3.26	1	1	1	1
20230331170527	-13.72	0.0	-98.49	-8.38	-3.28	1	1	1	1
20230331170528	-13.73	0.0	-98.49	-8.38	-3.34	1	1	1	1
20230331170529	-13.75	0.0	-98.5	-8.28	-3.28	1	1	1	1
20230331170531	-13.73	0.0	-98.49	-8.28	-3.23	1	1	1	1
20230331170532	-13.73	0.0	-98.49	-8.38	-3.36	1	1	1	1
20230331170533	-13.73	0.0	-98.49	-8.38	-3.34	1	1	1	1
20230331170534	-13.72	0.0	-98.49	-8.28	-3.34	1	1	1	1
20230331170535	-13.73	0.0	-98.49	-8.38	-3.36	1	1	1	1
20230331170536	-13.73	0.0	-98.49	-8.38	-3.31	1	1	1	1
20230331170537	-13.73	0.0	-98.49	-8.43	-3.28	1	1	1	1
20230331170538	-13.72	0.0	-98.49	-8.38	-3.34	1	1	1	1
20230331170539	-13.76	0.0	-98.51	-8.28	-3.26	1	1	1	1
20230331170540	-13.75	0.0	-98.5	-8.38	-3.39	1	1	1	1
20230331170541	-13.75	0.0	-98.5	-8.28	-3.28	1	1	1	1
20230331170542	-13.76	0.0	-98.51	-8.38	-3.34	1	1	1	1
20230331170543	-13.75	0.0	-98.5	-8.38	-3.36	1	1	1	1
20230331170544	-13.76	0.0	-98.51	-8.38	-3.36	1	1	1	1
20230331170545	-13.76	0.0	-98.51	-8.38	-3.36	1	1	1	1
20230331170546	-13.75	0.0	-98.5	-8.28	-3.31	1	1	1	1
20230331170547	-13.76	0.0	-98.51	-8.38	-3.28	1	1	1	1
20230331170548	-13.76	0.0	-98.51	-8.28	-3.23	1	1	1	1
20230331170549	-13.78	0.0	-98.51	-8.38	-3.28	1	1	1	1
20230331170550	-13.76	0.0	-98.51	-8.38	-3.34	1	1	1	1
20230331170551	-13.76	0.0	-98.51	-8.33	-3.34	1	1	1	1
20230331170553	-13.76	0.0	-98.51	-8.28	-3.31	1	1	1	1
20230331170554	-13.76	0.0	-98.51	-8.43	-3.34	1	1	1	1
20230331170555	-13.76	0.0	-98.51	-8.38	-3.31	1	1	1	1
20230331170556	-13.76	0.0	-98.51	-8.38	-3.34	1	1	1	1
20230331170557	-13.78	0.0	-98.51	-8.38	-3.34	1	1	1	1
20230331170558	-13.78	0.0	-98.51	-8.38	-3.36	1	1	1	1
20230331170559	-13.78	0.0	-98.51	-8.38	-3.36	1	1	1	1
20230331170600	-13.76	0.0	-98.51	-8.38	-3.34	1	1	1	1
20230331170601	-13.75	0.0	-98.5	-8.38	-3.34	1	1	1	1
20230331170602	-13.76	0.0	-98.51	-8.38	-3.31	1	1	1	1
20230331170603	-13.78	0.0	-98.51	-8.43	-3.28	1	1	1	1
20230331170604	-13.78	0.0	-98.51	-8.38	-3.36	1	1	1	1
20230331170605	-13.78	0.0	-98.51	-8.33	-3.31	1	1	1	1
20230331170606	-13.78	0.0	-98.51	-8.38	-3.36	1	1	1	1
20230331170607	-13.76	0.0	-98.51	-8.38	-3.36	1	1	1	1
20230331170608	-13.76	0.0	-98.51	-8.33	-3.28	1	1	1	1
20230331170609	-13.76	0.0	-98.51	-8.33	-3.31	1	1	1	1
20230331170610	-13.76	0.0	-98.51	-8.43	-3.39	1	1	1	1
20230331170611	-13.79	0.0	-98.52	-8.43	-3.36	1	1	1	1
20230331170612	-13.78	0.0	-98.51	-8.38	-3.36	1	1	1	1
20230331170614	-13.79	0.0	-98.52	-8.33	-3.34	1	1	1	1
20230331170615	-13.79	0.0	-98.52	-8.33	-3.34	1	1	1	1
20230331170616	-13.78	0.0	-98.51	-8.43	-3.39	1	1	1	1
20230331170617	-13.78	0.0	-98.51	-8.43	-3.36	1	1	1	1
20230331170618	-13.78	0.0	-98.51	-8.33	-3.36	1	1	1	1
20230331170619	-13.78	0.0	-98.51	-8.38	-3.36	1	1	1	1
20230331170620	-13.79	0.0	-98.52	-8.33	-3.36	1	1	1	1
20230331170621	-13.81	0.0	-98.53	-8.33	-3.34	1	1	1	1
20230331170622	-13.81	0.0	-98.53	-8.33	-3.34	1	1	1	1
20230331170623	-13.81	0.0	-98.53	-8.33	-3.28	1	1	1	1
20230331170624	-13.79	0.0	-98.52	-8.33	-3.31	1	1	1	1
20230331170625	-13.81	0.0	-98.53	-8.33	-3.44	1	1	1	1
20230331170626	-13.81	0.0	-98.53	-8.43	-3.39	1	1	1	1
20230331170627	-13.82	0.0	-98.53	-8.33	-3.36	1	1	1	1
20230331170628	-13.82	0.0	-98.53	-8.43	-3.36	1	1	1	1
20230331170629	-13.79	0.0	-98.52	-8.43	-3.39	1	1	1	1
20230331170630	-13.81	0.0	-98.53	-8.33	-3.28	1	1	1	1
20230331170631	-13.81	0.0	-98.53	-8.43	-3.36	1	1	1	1
20230331170632	-13.81	0.0	-98.53	-8.33	-3.34	1	1	1	1
20230331170633	-13.81	0.0	-98.53	-8.43	-3.39	1	1	1	1
20230331170634	-13.81	0.0	-98.53	-8.38	-3.34	1	1	1	1
20230331170636	-13.83	0.0	-98.54	-8.38	-3.34	1	1	1	1
20230331170637	-13.81	0.0	-98.53	-8.33	-3.36	1	1	1	1
20230331170638	-13.82	0.0	-98.53	-8.33	-3.36	1	1	1	1
20230331170639	-13.82	0.0	-98.53	-8.33	-3.34	1	1	1	1
20230331170640	-13.82	0.0	-98.53	-8.33	-3.39	1	1	1	1
20230331170641	-13.83	0.0	-98.54	-8.48	-3.36	1	1	1	1
20230331170642	-13.83	0.0	-98.54	-8.38	-3.34	1	1	1	1
20230331170643	-13.81	0.0	-98.53	-8.38	-3.36	1	1	1	1
20230331170644	-13.82	0.0	-98.53	-8.38	-3.36	1	1	1	1
20230331170645	-13.82	0.0	-98.53	-8.33	-3.34	1	1	1	1
20230331170646	-13.82	0.0	-98.53	-8.33	-3.31	1	1	1	1
20230331170647	-13.82	0.0	-98.53	-8.33	-3.34	1	1	1	1
20230331170648	-13.81	0.0	-98.53	-8.38	-3.34	1	1	1	1
20230331170649	-13.83	0.0	-98.54	-8.33	-3.36	1	1	1	1
20230331170650	-13.83	0.0	-98.54	-8.38	-3.39	1	1	1	1
20230331170651	-13.82	0.0	-98.53	-8.48	-3.42	1	1	1	1
20230331170652	-13.86	0.0	-98.55	-8.43	-3.39	1	1	1	1
20230331170653	-13.86	0.0	-98.55	-8.33	-3.34	1	1	1	1
20230331170654	-13.83	0.0	-98.54	-8.38	-3.36	1	1	1	1
20230331170655	-13.83	0.0	-98.54	-8.38	-3.36	1	1	1	1
20230331170657	-13.86	0.0	-98.55	-8.38	-3.36	1	1	1	1
20230331170658	-13.85	0.0	-98.55	-8.38	-3.36	1	1	1	1
20230331170659	-13.85	0.0	-98.55	-8.38	-3.36	1	1	1	1
20230331170700	-13.85	0.0	-98.55	-8.33	-3.36	1	1	1	1
20230331170701	-13.83	0.0	-98.54	-8.38	-3.36	1	1	1	1
20230331170702	-13.85	0.0	-98.55	-8.38	-3.36	1	1	1	1
20230331170703	-13.85	0.0	-98.55	-8.33	-3.42	1	1	1	1
20230331170704	-13.85	0.0	-98.55	-8.38	-3.36	1	1	1	1
20230331170705	-13.86	0.0	-98.55	-8.38	-3.36	1	1	1	1
20230331170706	-13.87	0.0	-98.56	-8.33	-3.39	1	1	1	1
20230331170707	-13.86	0.0	-98.55	-8.38	-3.36	1	1	1	1
20230331170708	-13.87	0.0	-98.56	-8.38	-3.36	1	1	1	1
20230331170709	-13.86	0.0	-98.55	-8.38	-3.36	1	1	1	1
20230331170710	-13.86	0.0	-98.55	-8.38	-3.42	1	1	1	1
20230331170711	-13.86	0.0	-98.55	-8.38	-3.34	1	1	1	1
20230331170712	-13.86	0.0	-98.55	-8.38	-3.42	1	1	1	1
20230331170713	-13.86	0.0	-98.55	-8.48	-3.39	1	1	1	1
20230331170714	-13.85	0.0	-98.55	-8.48	-3.42	1	1	1	1
20230331170715	-13.86	0.0	-98.55	-8.48	-3.39	1	1	1	1
20230331170716	-13.86	0.0	-98.55	-8.43	-3.44	1	1	1	1
20230331170717	-13.86	0.0	-98.55	-8.33	-3.36	1	1	1	1
20230331170719	-13.89	0.0	-98.56	-8.38	-3.36	1	1	1	1
20230331170720	-13.87	0.0	-98.56	-8.38	-3.36	1	1	1	1
20230331170721	-13.9	0.0	-98.57	-8.48	-3.36	1	1	1	1
20230331170722	-13.9	0.0	-98.57	-8.38	-3.42	1	1	1	1
20230331170723	-13.87	0.0	-98.56	-8.48	-3.36	1	1	1	1
20230331170724	-13.9	0.0	-98.57	-8.38	-3.39	1	1	1	1
20230331170725	-13.89	0.0	-98.56	-8.38	-3.34	1	1	1	1
20230331170726	-13.89	0.0	-98.56	-8.38	-3.39	1	1	1	1
20230331170727	-13.89	0.0	-98.56	-8.48	-3.44	1	1	1	1
20230331170728	-13.87	0.0	-98.56	-8.38	-3.36	1	1	1	1
20230331170729	-13.89	0.0	-98.56	-8.38	-3.36	1	1	1	1
20230331170730	-13.92	0.0	-98.58	-8.38	-3.42	1	1	1	1
20230331170731	-13.92	0.0	-98.58	-8.48	-3.42	1	1	1	1
20230331170732	-13.87	0.0	-98.56	-8.48	-3.42	1	1	1	1
20230331170733	-13.92	0.0	-98.58	-8.48	-3.5	1	1	1	1
20230331170734	-13.9	0.0	-98.57	-8.38	-3.36	1	1	1	1
20230331170735	-13.9	0.0	-98.57	-8.38	-3.42	1	1	1	1
20230331170736	-13.9	0.0	-98.57	-8.38	-3.39	1	1	1	1
20230331170737	-13.89	0.0	-98.56	-8.38	-3.42	1	1	1	1
20230331170738	-13.92	0.0	-98.58	-8.38	-3.36	1	1	1	1
20230331170740	-13.9	0.0	-98.57	-8.54	-3.39	1	1	1	1
20230331170741	-13.9	0.0	-98.57	-8.38	-3.39	1	1	1	1
20230331170742	-13.89	0.0	-98.56	-8.38	-3.42	1	1	1	1
20230331170743	-13.93	0.0	-98.58	-8.43	-3.39	1	1	1	1
20230331170744	-13.95	0.0	-98.59	-8.48	-3.36	1	1	1	1
20230331170745	-13.93	0.0	-98.58	-8.43	-3.36	1	1	1	1
20230331170746	-13.93	0.0	-98.58	-8.43	-3.39	1	1	1	1
20230331170747	-13.92	0.0	-98.58	-8.38	-3.39	1	1	1	1
20230331170748	-13.9	0.0	-98.57	-8.48	-3.47	1	1	1	1
20230331170749	-13.92	0.0	-98.58	-8.38	-3.39	1	1	1	1
20230331170750	-13.92	0.0	-98.58	-8.43	-3.36	1	1	1	1
20230331170751	-13.92	0.0	-98.58	-8.38	-3.39	1	1	1	1
20230331170752	-13.93	0.0	-98.58	-8.43	-3.42	1	1	1	1
20230331170753	-13.93	0.0	-98.58	-8.54	-3.39	1	1	1	1
20230331170754	-13.93	0.0	-98.58	-8.43	-3.39	1	1	1	1
20230331170755	-13.93	0.0	-98.58	-8.54	-3.44	1	1	1	1
20230331170756	-13.93	0.0	-98.58	-8.38	-3.36	1	1	1	1
20230331170757	-13.93	0.0	-98.58	-8.38	-3.36	1	1	1	1
20230331170758	-13.96	0.0	-98.6	-8.54	-3.44	1	1	1	1
20230331170759	-13.95	0.0	-98.59	-8.38	-3.42	1	1	1	1
20230331170800	-13.95	0.0	-98.59	-8.43	-3.36	1	1	1	1
20230331170802	-13.95	0.0	-98.59	-8.43	-3.36	1	1	1	1
20230331170803	-13.95	0.0	-98.59	-8.43	-3.36	1	1	1	1
20230331170804	-13.95	0.0	-98.59	-8.43	-3.42	1	1	1	1
20230331170805	-13.95	0.0	-98.59	-8.43	-3.39	1	1	1	1
20230331170806	-13.97	0.0	-98.6	-8.38	-3.42	1	1	1	1
20230331170807	-13.96	0.0	-98.6	-8.54	-3.47	1	1	1	1
20230331170808	-13.95	0.0	-98.59	-8.43	-3.36	1	1	1	1
20230331170809	-13.97	0.0	-98.6	-8.54	-3.44	1	1	1	1
20230331170810	-13.99	0.0	-98.61	-8.43	-3.42	1	1	1	1
20230331170811	-13.97	0.0	-98.6	-8.54	-3.44	1	1	1	1
20230331170812	-13.95	0.0	-98.59	-8.48	-3.47	1	1	1	1
20230331170813	-13.95	0.0	-98.59	-8.38	-3.42	1	1	1	1
20230331170814	-13.97	0.0	-98.6	-8.43	-3.39	1	1	1	1
20230331170815	-13.96	0.0	-98.6	-8.48	-3.42	1	1	1	1
20230331170816	-13.96	0.0	-98.6	-8.54	-3.42	1	1	1	1
20230331170817	-13.99	0.0	-98.61	-8.54	-3.42	1	1	1	1
20230331170818	-13.97	0.0	-98.6	-8.54	-3.42	1	1	1	1
20230331170819	-13.97	0.0	-98.6	-8.43	-3.44	1	1	1	1
20230331170820	-13.97	0.0	-98.6	-8.43	-3.39	1	1	1	1
20230331170822	-13.97	0.0	-98.6	-8.43	-3.39	1	1	1	1
20230331170823	-13.96	0.0	-98.6	-8.43	-3.42	1	1	1	1
20230331170824	-13.99	0.0	-98.61	-8.43	-3.44	1	1	1	1
20230331170825	-13.97	0.0	-98.6	-8.43	-3.39	1	1	1	1
20230331170826	-14.0	0.0	-98.61	-8.43	-3.42	1	1	1	1
20230331170827	-13.97	0.0	-98.6	-8.48	-3.39	1	1	1	1
20230331170828	-14.02	0.0	-98.62	-8.43	-3.44	1	1	1	1
20230331170829	-14.0	0.0	-98.61	-8.48	-3.42	1	1	1	1
20230331170830	-13.97	0.0	-98.6	-8.43	-3.42	1	1	1	1
20230331170831	-13.99	0.0	-98.61	-8.43	-3.42	1	1	1	1
20230331170832	-14.02	0.0	-98.62	-8.43	-3.47	1	1	1	1
20230331170833	-13.99	0.0	-98.61	-8.43	-3.42	1	1	1	1
20230331170834	-13.99	0.0	-98.61	-8.54	-3.5	1	1	1	1
20230331170835	-14.0	0.0	-98.61	-8.43	-3.44	1	1	1	1
20230331170836	-14.02	0.0	-98.62	-8.43	-3.47	1	1	1	1
20230331170837	-14.0	0.0	-98.61	-8.43	-3.42	1	1	1	1
20230331170838	-14.02	0.0	-98.62	-8.54	-3.47	1	1	1	1
20230331170839	-14.02	0.0	-98.62	-8.43	-3.42	1	1	1	1
20230331170840	-14.02	0.0	-98.62	-8.43	-3.44	1	1	1	1
20230331170841	-13.99	0.0	-98.61	-8.43	-3.39	1	1	1	1
20230331170843	-14.0	0.0	-98.61	-8.43	-3.42	1	1	1	1
20230331170844	-14.02	0.0	-98.62	-8.43	-3.44	1	1	1	1
20230331170845	-14.0	0.0	-98.61	-8.43	-3.39	1	1	1	1
20230331170846	-14.0	0.0	-98.61	-8.48	-3.42	1	1	1	1
20230331170847	-14.0	0.0	-98.61	-8.59	-3.44	1	1	1	1
20230331170848	-14.02	0.0	-98.62	-8.43	-3.44	1	1	1	1
20230331170849	-14.03	0.0	-98.63	-8.43	-3.47	1	1	1	1
20230331170850	-14.03	0.0	-98.63	-8.43	-3.42	1	1	1	1
20230331170851	-14.03	0.0	-98.63	-8.43	-3.42	1	1	1	1
20230331170852	-14.03	0.0	-98.63	-8.54	-3.42	1	1	1	1
20230331170853	-14.02	0.0	-98.62	-8.43	-3.42	1	1	1	1
20230331170854	-14.02	0.0	-98.62	-8.43	-3.42	1	1	1	1
20230331170855	-14.02	0.0	-98.62	-8.48	-3.44	1	1	1	1
20230331170856	-14.03	0.0	-98.63	-8.48	-3.42	1	1	1	1
20230331170857	-14.02	0.0	-98.62	-8.48	-3.44	1	1	1	1
20230331170858	-14.03	0.0	-98.63	-8.59	-3.47	1	1	1	1
20230331170859	-14.05	0.0	-98.64	-8.48	-3.47	1	1	1	1
20230331170900	-14.05	0.0	-98.64	-8.48	-3.42	1	1	1	1
20230331170901	-14.03	0.0	-98.63	-8.59	-3.47	1	1	1	1
20230331170902	-14.03	0.0	-98.63	-8.48	-3.44	1	1	1	1
20230331170904	-14.03	0.0	-98.63	-8.59	-3.53	1	1	1	1
20230331170905	-14.03	0.0	-98.63	-8.48	-3.53	1	1	1	1
20230331170906	-14.05	0.0	-98.64	-8.48	-3.44	1	1	1	1
20230331170907	-14.05	0.0	-98.64	-8.43	-3.44	1	1	1	1
20230331170908	-14.05	0.0	-98.64	-8.48	-3.47	1	1	1	1
20230331170909	-14.05	0.0	-98.64	-8.48	-3.44	1	1	1	1
20230331170910	-14.07	0.0	-98.65	-8.59	-3.5	1	1	1	1
20230331170911	-14.05	0.0	-98.64	-8.48	-3.47	1	1	1	1
20230331170912	-14.05	0.0	-98.64	-8.48	-3.47	1	1	1	1
20230331170913	-14.03	0.0	-98.63	-8.59	-3.55	1	1	1	1
20230331170914	-14.07	0.0	-98.65	-8.48	-3.47	1	1	1	1
20230331170915	-14.05	0.0	-98.64	-8.48	-3.47	1	1	1	1
20230331170916	-14.05	0.0	-98.64	-8.59	-3.47	1	1	1	1
20230331170917	-14.07	0.0	-98.65	-8.59	-3.53	1	1	1	1
20230331170918	-14.05	0.0	-98.64	-8.48	-3.47	1	1	1	1
20230331170919	-14.06	0.0	-98.64	-8.59	-3.5	1	1	1	1
20230331170920	-14.05	0.0	-98.64	-8.48	-3.42	1	1	1	1
20230331170921	-14.05	0.0	-98.64	-8.59	-3.5	1	1	1	1
20230331170922	-14.06	0.0	-98.64	-8.48	-3.47	1	1	1	1
20230331170923	-14.1	0.0	-98.66	-8.48	-3.47	1	1	1	1
20230331170925	-14.06	0.0	-98.64	-8.48	-3.47	1	1	1	1
20230331170926	-14.06	0.0	-98.64	-8.48	-3.47	1	1	1	1
20230331170927	-14.05	0.0	-98.64	-8.48	-3.47	1	1	1	1
20230331170928	-14.06	0.0	-98.64	-8.48	-3.47	1	1	1	1
20230331170929	-14.05	0.0	-98.64	-8.48	-3.47	1	1	1	1
20230331170930	-14.06	0.0	-98.64	-8.59	-3.53	1	1	1	1
20230331170931	-14.06	0.0	-98.64	-8.48	-3.5	1	1	1	1
20230331170932	-14.07	0.0	-98.65	-8.48	-3.5	1	1	1	1
20230331170933	-14.07	0.0	-98.65	-8.48	-3.47	1	1	1	1
20230331170934	-14.07	0.0	-98.65	-8.48	-3.5	1	1	1	1
20230331170935	-14.09	0.0	-98.66	-8.59	-3.53	1	1	1	1
20230331170936	-14.09	0.0	-98.66	-8.48	-3.47	1	1	1	1
20230331170937	-14.07	0.0	-98.65	-8.59	-3.47	1	1	1	1
20230331170938	-14.1	0.0	-98.66	-8.48	-3.44	1	1	1	1
20230331170939	-14.07	0.0	-98.65	-8.59	-3.5	1	1	1	1
20230331170940	-14.09	0.0	-98.66	-8.48	-3.47	1	1	1	1
20230331170941	-14.07	0.0	-98.65	-8.48	-3.47	1	1	1	1
20230331170942	-14.07	0.0	-98.65	-8.48	-3.5	1	1	1	1
20230331170943	-14.1	0.0	-98.66	-8.48	-3.47	1	1	1	1
20230331170945	-14.07	0.0	-98.65	-8.59	-3.53	1	1	1	1
20230331170946	-14.07	0.0	-98.65	-8.48	-3.5	1	1	1	1
20230331170947	-14.09	0.0	-98.66	-8.48	-3.5	1	1	1	1
20230331170948	-14.07	0.0	-98.65	-8.48	-3.47	1	1	1	1
20230331170949	-14.09	0.0	-98.66	-8.48	-3.55	1	1	1	1
20230331170950	-14.1	0.0	-98.66	-8.59	-3.53	1	1	1	1
20230331170951	-14.09	0.0	-98.66	-8.59	-3.53	1	1	1	1
20230331170952	-14.07	0.0	-98.65	-8.48	-3.53	1	1	1	1
20230331170953	-14.07	0.0	-98.65	-8.54	-3.5	1	1	1	1
20230331170954	-14.09	0.0	-98.66	-8.48	-3.47	1	1	1	1
20230331170955	-14.09	0.0	-98.66	-8.59	-3.5	1	1	1	1
20230331170956	-14.09	0.0	-98.66	-8.48	-3.53	1	1	1	1
20230331170957	-14.09	0.0	-98.66	-8.48	-3.58	1	1	1	1
20230331170958	-14.09	0.0	-98.66	-8.48	-3.5	1	1	0	1
20230331170959	-14.09	0.0	-98.66	-8.64	-3.58	1	1	1	1
20230331171000	-14.07	0.0	-98.65	-8.48	-3.47	1	1	1	1
20230331171001	-14.09	0.0	-98.66	-8.48	-3.53	1	1	1	1
20230331171002	-14.11	0.0	-98.66	-8.48	-3.5	1	1	1	1
20230331171003	-14.1	0.0	-98.66	-8.48	-3.53	1	1	1	1
20230331171004	-14.11	0.0	-98.66	-8.59	-3.53	1	1	1	1
20230331171006	-14.07	0.0	-98.65	-8.48	-3.5	1	1	1	1
20230331171007	-14.1	0.0	-98.66	-8.48	-3.53	1	1	1	1
20230331171008	-14.11	0.0	-98.66	-8.54	-3.5	1	1	1	1
20230331171009	-14.11	0.0	-98.66	-8.48	-3.53	1	1	1	1
20230331171010	-14.11	0.0	-98.66	-8.48	-3.5	1	1	1	1
20230331171011	-14.11	0.0	-98.66	-8.48	-3.53	1	1	1	1
20230331171012	-14.11	0.0	-98.66	-8.59	-3.55	1	1	1	1
20230331171013	-14.13	0.0	-98.67	-8.59	-3.5	1	1	1	1
20230331171014	-14.1	0.0	-98.66	-8.64	-3.5	1	1	1	1
20230331171015	-14.11	0.0	-98.66	-8.48	-3.47	1	1	1	1
20230331171016	-14.1	0.0	-98.66	-8.48	-3.53	1	1	1	1
20230331171017	-14.13	0.0	-98.67	-8.59	-3.5	1	1	1	1
20230331171018	-14.09	0.0	-98.66	-8.48	-3.53	1	1	1	1
20230331171019	-14.11	0.0	-98.66	-8.64	-3.53	1	1	1	1
20230331171020	-14.11	0.0	-98.66	-8.59	-3.55	1	1	1	1
20230331171021	-14.13	0.0	-98.67	-8.54	-3.47	1	1	1	1
20230331171022	-14.13	0.0	-98.67	-8.59	-3.55	1	1	1	1
20230331171023	-14.11	0.0	-98.66	-8.54	-3.53	1	1	1	1
20230331171024	-14.11	0.0	-98.66	-8.59	-3.61	1	1	1	1
20230331171025	-14.13	0.0	-98.67	-8.54	-3.55	1	1	1	1
20230331171027	-14.13	0.0	-98.67	-8.54	-3.55	1	1	1	1
20230331171028	-14.13	0.0	-98.67	-8.59	-3.55	1	1	1	1
20230331171029	-14.13	0.0	-98.67	-8.48	-3.5	1	1	1	1
20230331171030	-14.13	0.0	-98.67	-8.48	-3.53	1	1	1	1
20230331171031	-14.14	0.0	-98.68	-8.54	-3.53	1	1	1	1
20230331171032	-14.14	0.0	-98.68	-8.54	-3.53	1	1	1	1
20230331171033	-14.16	0.0	-98.69	-8.59	-3.58	1	1	1	1
20230331171034	-14.14	0.0	-98.68	-8.48	-3.53	1	1	1	1
20230331171035	-14.16	0.0	-98.69	-8.54	-3.58	1	1	1	1
20230331171036	-14.13	0.0	-98.67	-8.54	-3.55	1	1	1	1
20230331171037	-14.16	0.0	-98.69	-8.48	-3.47	1	1	1	1
20230331171038	-14.16	0.0	-98.69	-8.48	-3.5	1	1	1	1
20230331171039	-14.14	0.0	-98.68	-8.54	-3.5	1	1	1	1
20230331171040	-14.14	0.0	-98.68	-8.64	-3.58	1	1	1	1
20230331171041	-14.14	0.0	-98.68	-8.64	-3.55	1	1	1	1
20230331171042	-14.16	0.0	-98.69	-8.59	-3.58	1	1	1	1
20230331171043	-14.16	0.0	-98.69	-8.54	-3.53	1	1	1	1
20230331171044	-14.14	0.0	-98.68	-8.64	-3.61	1	1	1	1
20230331171045	-14.16	0.0	-98.69	-8.64	-3.61	1	1	1	1
20230331171047	-14.19	0.0	-98.7	-8.54	-3.5	1	1	1	1
20230331171048	-14.14	0.0	-98.68	-8.54	-3.53	1	1	1	1
20230331171049	-14.17	0.0	-98.69	-8.54	-3.53	1	1	1	1
20230331171050	-14.14	0.0	-98.68	-8.54	-3.53	1	1	1	1
20230331171051	-14.19	0.0	-98.7	-8.54	-3.55	1	1	1	1
20230331171052	-14.16	0.0	-98.69	-8.54	-3.5	1	1	1	1
20230331171053	-14.16	0.0	-98.69	-8.64	-3.58	1	1	1	1
20230331171054	-14.16	0.0	-98.69	-8.64	-3.63	1	1	1	1
20230331171055	-14.19	0.0	-98.7	-8.54	-3.55	1	1	1	1
20230331171056	-14.16	0.0	-98.69	-8.54	-3.63	1	1	1	1
20230331171057	-14.19	0.0	-98.7	-8.64	-3.63	1	1	1	1
20230331171058	-14.19	0.0	-98.7	-8.64	-3.63	1	1	1	1
20230331171059	-14.19	0.0	-98.7	-8.64	-3.53	1	1	1	1
20230331171100	-14.17	0.0	-98.69	-8.54	-3.58	1	1	1	1
20230331171101	-14.17	0.0	-98.69	-8.54	-3.58	1	1	1	1
20230331171102	-14.17	0.0	-98.69	-8.54	-3.55	1	1	1	1
20230331171103	-14.2	0.0	-98.7	-8.64	-3.63	1	1	1	1
20230331171104	-14.19	0.0	-98.7	-8.54	-3.55	1	1	1	1
20230331171105	-14.19	0.0	-98.7	-8.54	-3.53	1	1	1	1
20230331171106	-14.17	0.0	-98.69	-8.54	-3.58	1	1	1	1
20230331171108	-14.2	0.0	-98.7	-8.59	-3.58	1	1	1	1
20230331171109	-14.17	0.0	-98.69	-8.54	-3.55	1	1	1	1
20230331171110	-14.2	0.0	-98.7	-8.54	-3.55	1	1	1	1
20230331171111	-14.2	0.0	-98.7	-8.64	-3.58	1	1	1	1
20230331171112	-14.19	0.0	-98.7	-8.54	-3.58	1	1	1	1
20230331171113	-14.19	0.0	-98.7	-8.54	-3.58	1	1	1	1
20230331171114	-14.19	0.0	-98.7	-8.64	-3.61	1	1	1	1
20230331171115	-14.19	0.0	-98.7	-8.54	-3.53	1	1	1	1
20230331171116	-14.2	0.0	-98.7	-8.59	-3.55	1	1	1	1
20230331171117	-14.2	0.0	-98.7	-8.64	-3.61	1	1	0	1
20230331171118	-14.2	0.0	-98.7	-8.54	-3.58	1	1	1	1
20230331171119	-14.2	0.0	-98.7	-8.54	-3.58	1	1	1	1
20230331171120	-14.2	0.0	-98.7	-8.59	-3.58	1	1	1	1
20230331171121	-14.21	0.0	-98.71	-8.59	-3.58	1	1	1	1
20230331171122	-14.23	0.0	-98.72	-8.64	-3.63	1	1	1	1
20230331171123	-14.23	0.0	-98.72	-8.7	-3.63	1	1	1	1
20230331171124	-14.21	0.0	-98.71	-8.54	-3.63	1	1	1	1
20230331171125	-14.21	0.0	-98.71	-8.54	-3.55	1	1	1	1
20230331171126	-14.24	0.0	-98.72	-8.59	-3.55	1	1	1	1
20230331171127	-14.21	0.0	-98.71	-8.64	-3.61	1	1	1	1
20230331171129	-14.21	0.0	-98.71	-8.7	-3.61	1	1	1	1
20230331171130	-14.23	0.0	-98.72	-8.7	-3.63	1	1	1	1
20230331171131	-14.24	0.0	-98.72	-8.59	-3.58	1	1	1	1
20230331171132	-14.21	0.0	-98.71	-8.64	-3.58	1	1	1	1
20230331171133	-14.24	0.0	-98.72	-8.59	-3.58	1	1	1	1
20230331171134	-14.23	0.0	-98.72	-8.59	-3.58	1	1	1	1
20230331171135	-14.24	0.0	-98.72	-8.64	-3.63	1	1	1	1
20230331171136	-14.23	0.0	-98.72	-8.54	-3.63	1	1	1	1
20230331171137	-14.21	0.0	-98.71	-8.59	-3.58	1	1	1	1
20230331171138	-14.24	0.0	-98.72	-8.59	-3.58	1	1	1	1
20230331171139	-14.26	0.0	-98.73	-8.64	-3.61	1	1	1	1
20230331171140	-14.24	0.0	-98.72	-8.54	-3.55	1	1	1	1
20230331171141	-14.24	0.0	-98.72	-8.54	-3.55	1	1	1	1
20230331171142	-14.26	0.0	-98.73	-8.7	-3.63	1	1	1	1
20230331171143	-14.26	0.0	-98.73	-8.64	-3.61	1	1	1	1
20230331171144	-14.26	0.0	-98.73	-8.59	-3.58	1	1	1	1
20230331171145	-14.24	0.0	-98.72	-8.59	-3.58	1	1	1	1
20230331171146	-14.26	0.0	-98.73	-8.7	-3.63	1	1	1	1
20230331171147	-14.26	0.0	-98.73	-8.7	-3.66	1	1	1	1
20230331171148	-14.24	0.0	-98.72	-8.59	-3.63	1	1	1	1
20230331171150	-14.26	0.0	-98.73	-8.59	-3.58	1	1	1	1
20230331171151	-14.26	0.0	-98.73	-8.7	-3.61	1	1	1	1
20230331171152	-14.27	0.0	-98.74	-8.59	-3.58	1	1	1	1
20230331171153	-14.29	0.0	-98.75	-8.59	-3.58	1	1	1	1
20230331171154	-14.26	0.0	-98.73	-8.59	-3.58	1	1	1	1
20230331171155	-14.24	0.0	-98.72	-8.59	-3.58	1	1	1	1
20230331171156	-14.27	0.0	-98.74	-8.7	-3.63	1	1	1	1
20230331171157	-14.29	0.0	-98.75	-8.59	-3.58	1	1	1	1
20230331171158	-14.27	0.0	-98.74	-8.59	-3.61	1	1	1	1
20230331171159	-14.29	0.0	-98.75	-8.7	-3.63	1	1	1	1
20230331171200	-14.27	0.0	-98.74	-8.7	-3.61	1	1	1	1
20230331171201	-14.29	0.0	-98.75	-8.59	-3.66	1	1	1	1
20230331171202	-14.26	0.0	-98.73	-8.59	-3.58	1	1	1	1
20230331171203	-14.27	0.0	-98.74	-8.59	-3.58	1	1	1	1
20230331171204	-14.3	0.0	-98.75	-8.7	-3.63	1	1	1	1
20230331171205	-14.3	0.0	-98.75	-8.7	-3.58	1	1	1	1
20230331171206	-14.29	0.0	-98.75	-8.7	-3.63	1	1	1	1
20230331171207	-14.31	0.0	-98.75	-8.7	-3.61	1	1	1	1
20230331171208	-14.29	0.0	-98.75	-8.59	-3.58	1	1	1	1
20230331171210	-14.3	0.0	-98.75	-8.7	-3.58	1	1	1	1
20230331171211	-14.29	0.0	-98.75	-8.7	-3.63	1	1	1	1
20230331171212	-14.31	0.0	-98.75	-8.7	-3.66	1	1	1	1
20230331171213	-14.31	0.0	-98.75	-8.7	-3.63	1	1	1	1
20230331171214	-14.31	0.0	-98.75	-8.7	-3.61	1	1	1	1
20230331171215	-14.29	0.0	-98.75	-8.64	-3.58	1	1	1	1
20230331171216	-14.3	0.0	-98.75	-8.7	-3.63	1	1	1	1
20230331171217	-14.3	0.0	-98.75	-8.59	-3.61	1	1	1	1
20230331171218	-14.3	0.0	-98.75	-8.7	-3.63	1	1	1	1
20230331171219	-14.29	0.0	-98.75	-8.7	-3.61	1	1	1	1
20230331171220	-14.31	0.0	-98.75	-8.7	-3.66	1	1	1	1
20230331171221	-14.3	0.0	-98.75	-8.7	-3.63	1	1	1	1
20230331171222	-14.31	0.0	-98.75	-8.75	-3.61	1	1	1	1
20230331171223	-14.3	0.0	-98.75	-8.64	-3.61	1	1	1	1
20230331171224	-14.31	0.0	-98.75	-8.64	-3.58	1	1	1	1
20230331171225	-14.29	0.0	-98.75	-8.59	-3.58	1	1	1	1
20230331171226	-14.31	0.0	-98.75	-8.7	-3.69	1	1	1	1
20230331171227	-14.3	0.0	-98.75	-8.7	-3.66	1	1	1	1
20230331171228	-14.31	0.0	-98.75	-8.59	-3.61	1	1	1	1
20230331171229	-14.31	0.0	-98.75	-8.7	-3.63	1	1	1	1
20230331171231	-14.31	0.0	-98.75	-8.7	-3.66	1	1	1	1
20230331171232	-14.33	0.0	-98.76	-8.75	-3.69	1	1	1	1
20230331171233	-14.31	0.0	-98.75	-8.75	-3.61	1	1	1	1
20230331171234	-14.33	0.0	-98.76	-8.7	-3.63	1	1	1	1
20230331171235	-14.34	0.0	-98.77	-8.75	-3.63	1	1	1	1
20230331171236	-14.31	0.0	-98.75	-8.59	-3.63	1	1	1	1
20230331171237	-14.34	0.0	-98.77	-8.64	-3.61	1	1	1	1
20230331171238	-14.33	0.0	-98.76	-8.75	-3.61	1	1	1	1
20230331171239	-14.33	0.0	-98.76	-8.64	-3.61	1	1	0	1
20230331171240	-14.33	0.0	-98.76	-8.64	-3.58	1	1	1	1
20230331171241	-14.34	0.0	-98.77	-8.64	-3.63	1	1	1	1
20230331171242	-14.34	0.0	-98.77	-8.7	-3.69	1	1	1	1
20230331171243	-14.34	0.0	-98.77	-8.75	-3.69	1	1	1	1
20230331171244	-14.33	0.0	-98.76	-8.59	-3.61	1	1	1	1
20230331171245	-14.34	0.0	-98.77	-8.75	-3.69	1	1	1	1
20230331171246	-14.33	0.0	-98.76	-8.7	-3.69	1	1	1	1
20230331171247	-14.36	0.0	-98.78	-8.7	-3.69	1	1	1	1
20230331171248	-14.36	0.0	-98.78	-8.75	-3.72	1	1	1	1
20230331171249	-14.36	0.0	-98.78	-8.64	-3.69	1	1	0	1
20230331171251	-14.34	0.0	-98.77	-8.64	-3.66	1	1	1	1
20230331171252	-14.36	0.0	-98.78	-8.7	-3.72	1	1	1	1
20230331171253	-14.36	0.0	-98.78	-8.75	-3.69	1	1	1	1
20230331171254	-14.37	0.0	-98.78	-8.75	-3.69	1	1	1	1
20230331171255	-14.33	0.0	-98.76	-8.75	-3.63	1	1	1	1
20230331171256	-14.38	0.0	-98.79	-8.59	-3.58	1	1	1	1
20230331171257	-14.37	0.0	-98.78	-8.75	-3.72	1	1	1	1
20230331171258	-14.37	0.0	-98.78	-8.75	-3.69	1	1	1	1
20230331171259	-14.36	0.0	-98.78	-8.64	-3.66	1	1	1	1
20230331171300	-14.36	0.0	-98.78	-8.75	-3.63	1	1	1	1
20230331171301	-14.4	0.0	-98.8	-8.75	-3.63	1	1	1	1
20230331171302	-14.37	0.0	-98.78	-8.75	-3.58	1	1	1	1
20230331171303	-14.38	0.0	-98.79	-8.64	-3.63	1	1	1	1
20230331171304	-14.38	0.0	-98.79	-8.75	-3.66	1	1	1	1
20230331171305	-14.38	0.0	-98.79	-8.75	-3.69	1	1	1	1
20230331171306	-14.38	0.0	-98.79	-8.75	-3.66	1	1	1	1
20230331171307	-14.36	0.0	-98.78	-8.75	-3.61	1	1	1	1
20230331171308	-14.37	0.0	-98.78	-8.75	-3.61	1	1	1	1
20230331171309	-14.37	0.0	-98.78	-8.75	-3.72	1	1	1	1
20230331171311	-14.41	0.0	-98.8	-8.75	-3.66	1	1	1	1
20230331171312	-14.38	0.0	-98.79	-8.75	-3.63	1	1	1	1
20230331171313	-14.4	0.0	-98.8	-8.75	-3.66	1	1	1	1
20230331171314	-14.38	0.0	-98.79	-8.64	-3.63	1	1	0	1
20230331171315	-14.38	0.0	-98.79	-8.75	-3.66	1	1	1	1
20230331171316	-14.38	0.0	-98.79	-8.75	-3.69	1	1	1	1
20230331171317	-14.4	0.0	-98.8	-8.7	-3.61	1	1	1	1
20230331171318	-14.38	0.0	-98.79	-8.64	-3.69	1	1	1	1
20230331171319	-14.4	0.0	-98.8	-8.64	-3.63	1	1	1	1
20230331171320	-14.41	0.0	-98.8	-8.64	-3.61	1	1	1	1
20230331171321	-14.43	0.0	-98.81	-8.64	-3.63	1	1	1	1
20230331171322	-14.43	0.0	-98.81	-8.75	-3.69	1	1	1	1
20230331171323	-14.41	0.0	-98.8	-8.75	-3.58	1	1	1	1
20230331171324	-14.4	0.0	-98.8	-8.75	-3.66	1	1	1	1
20230331171325	-14.41	0.0	-98.8	-8.64	-3.61	1	1	1	1
20230331171326	-14.41	0.0	-98.8	-8.64	-3.63	1	1	1	1
20230331171327	-14.43	0.0	-98.81	-8.75	-3.66	1	1	1	1
20230331171328	-14.41	0.0	-98.8	-8.8	-3.72	1	1	1	1
20230331171329	-14.41	0.0	-98.8	-8.75	-3.61	1	1	1	1
20230331171330	-14.41	0.0	-98.8	-8.75	-3.66	1	1	1	1
20230331171331	-14.41	0.0	-98.8	-8.8	-3.66	1	1	1	1
20230331171333	-14.4	0.0	-98.8	-8.75	-3.66	1	1	1	1
20230331171334	-14.44	0.0	-98.81	-8.8	-3.69	1	1	1	1
20230331171335	-14.43	0.0	-98.81	-8.8	-3.72	1	1	1	1
20230331171336	-14.43	0.0	-98.81	-8.8	-3.69	1	1	1	1
20230331171337	-14.41	0.0	-98.8	-8.8	-3.63	1	1	1	1
20230331171338	-14.43	0.0	-98.81	-8.8	-3.69	1	1	1	1
20230331171339	-14.44	0.0	-98.81	-8.64	-3.63	1	1	1	1
20230331171340	-14.44	0.0	-98.81	-8.64	-3.61	1	1	1	1
20230331171341	-14.43	0.0	-98.81	-8.64	-3.63	1	1	1	1
20230331171342	-14.44	0.0	-98.81	-8.64	-3.61	1	1	1	1
20230331171343	-14.43	0.0	-98.81	-8.8	-3.66	1	1	1	1
20230331171344	-14.41	0.0	-98.8	-8.64	-3.63	1	1	1	1
20230331171345	-14.44	0.0	-98.81	-8.75	-3.63	1	1	1	1
20230331171346	-14.43	0.0	-98.81	-8.8	-3.66	1	1	1	1
20230331171347	-14.41	0.0	-98.8	-8.8	-3.66	1	1	1	1
20230331171348	-14.44	0.0	-98.81	-8.7	-3.63	1	1	1	1
20230331171349	-14.45	0.0	-98.82	-8.8	-3.66	1	1	1	1
20230331171350	-14.45	0.0	-98.82	-8.64	-3.66	1	1	1	1
20230331171351	-14.45	0.0	-98.82	-8.64	-3.66	1	1	1	1
20230331171352	-14.45	0.0	-98.82	-8.8	-3.69	1	1	1	1
20230331171354	-14.45	0.0	-98.82	-8.8	-3.72	1	1	1	1
20230331171355	-14.44	0.0	-98.81	-8.7	-3.63	1	1	1	1
20230331171356	-14.45	0.0	-98.82	-8.7	-3.63	1	1	1	1
20230331171357	-14.44	0.0	-98.81	-8.7	-3.58	1	1	1	1
20230331171358	-14.47	0.0	-98.83	-8.75	-3.66	1	1	1	1
20230331171359	-14.45	0.0	-98.82	-8.8	-3.72	1	1	1	1
20230331171400	-14.45	0.0	-98.82	-8.75	-3.72	1	1	1	1
20230331171401	-14.47	0.0	-98.83	-8.7	-3.66	1	1	1	1
20230331171402	-14.45	0.0	-98.82	-8.7	-3.63	1	1	1	1
20230331171403	-14.47	0.0	-98.83	-8.8	-3.69	1	1	1	1
20230331171404	-14.45	0.0	-98.82	-8.8	-3.72	1	1	1	1
20230331171405	-14.47	0.0	-98.83	-8.7	-3.66	1	1	1	1
20230331171406	-14.48	0.0	-98.83	-8.75	-3.74	1	1	1	1
20230331171407	-14.48	0.0	-98.83	-8.7	-3.69	1	1	1	1
20230331171408	-14.48	0.0	-98.83	-8.8	-3.72	1	1	1	1
20230331171409	-14.5	0.0	-98.84	-8.7	-3.69	1	1	1	1
20230331171410	-14.48	0.0	-98.83	-8.7	-3.74	1	1	1	1
20230331171411	-14.45	0.0	-98.82	-8.8	-3.72	1	1	1	1
20230331171412	-14.48	0.0	-98.83	-8.8	-3.69	1	1	1	1
20230331171413	-14.5	0.0	-98.84	-8.7	-3.66	1	1	1	1
20230331171414	-14.48	0.0	-98.83	-8.7	-3.66	1	1	1	1
20230331171416	-14.45	0.0	-98.82	-8.8	-3.72	1	1	1	1
20230331171417	-14.48	0.0	-98.83	-8.8	-3.69	1	1	1	1
20230331171418	-14.48	0.0	-98.83	-8.7	-3.66	1	1	1	1
20230331171419	-14.5	0.0	-98.84	-8.7	-3.69	1	1	1	1
20230331171420	-14.48	0.0	-98.83	-8.8	-3.74	1	1	1	1
20230331171421	-14.5	0.0	-98.84	-8.8	-3.72	1	1	1	1
20230331171422	-14.5	0.0	-98.84	-8.7	-3.69	1	1	1	1
20230331171423	-14.5	0.0	-98.84	-8.7	-3.66	1	1	1	1
20230331171424	-14.51	0.0	-98.85	-8.7	-3.74	1	1	1	1
20230331171425	-14.48	0.0	-98.83	-8.8	-3.74	1	1	1	1
20230331171426	-14.48	0.0	-98.83	-8.7	-3.66	1	1	1	1
20230331171427	-14.5	0.0	-98.84	-8.7	-3.66	1	1	1	1
20230331171428	-14.48	0.0	-98.83	-8.8	-3.74	1	1	1	1
20230331171429	-14.5	0.0	-98.84	-8.7	-3.69	1	1	1	1
20230331171430	-14.48	0.0	-98.83	-8.8	-3.72	1	1	1	1
20230331171431	-14.48	0.0	-98.83	-8.8	-3.72	1	1	1	1
20230331171432	-14.48	0.0	-98.83	-8.8	-3.72	1	1	1	1
20230331171433	-14.47	0.0	-98.83	-8.8	-3.74	1	1	1	1
20230331171434	-14.5	0.0	-98.84	-8.8	-3.74	1	1	1	1
20230331171435	-14.51	0.0	-98.85	-8.7	-3.69	1	1	1	1
20230331171437	-14.51	0.0	-98.85	-8.8	-3.69	1	1	1	1
20230331171438	-14.5	0.0	-98.84	-8.7	-3.69	1	1	1	1
20230331171439	-14.53	0.0	-98.85	-8.8	-3.74	1	1	1	1
20230331171440	-14.5	0.0	-98.84	-8.7	-3.69	1	1	1	1
20230331171441	-14.5	0.0	-98.84	-8.8	-3.74	1	1	1	1
20230331171442	-14.5	0.0	-98.84	-8.8	-3.74	1	1	1	1
20230331171443	-14.48	0.0	-98.83	-8.7	-3.69	1	1	1	1
20230331171444	-14.51	0.0	-98.85	-8.7	-3.69	1	1	1	1
20230331171445	-14.51	0.0	-98.85	-8.7	-3.69	1	1	1	1
20230331171446	-14.51	0.0	-98.85	-8.8	-3.74	1	1	1	1
20230331171447	-14.5	0.0	-98.84	-8.7	-3.74	1	1	1	1
20230331171448	-14.5	0.0	-98.84	-8.8	-3.74	1	1	1	1
20230331171449	-14.51	0.0	-98.85	-8.8	-3.74	1	1	1	1
20230331171450	-14.5	0.0	-98.84	-8.8	-3.77	1	1	1	1
20230331171451	-14.5	0.0	-98.84	-8.8	-3.74	1	1	1	1
20230331171452	-14.54	0.0	-98.86	-8.8	-3.74	1	1	1	1
20230331171453	-14.51	0.0	-98.85	-8.7	-3.72	1	1	1	1
20230331171454	-14.5	0.0	-98.84	-8.7	-3.72	1	1	1	1
20230331171455	-14.51	0.0	-98.85	-8.7	-3.74	1	1	1	1
20230331171456	-14.53	0.0	-98.85	-8.8	-3.77	1	1	1	1
20230331171457	-14.51	0.0	-98.85	-8.7	-3.69	1	1	1	1
20230331171459	-14.5	0.0	-98.84	-8.8	-3.74	1	1	1	1
20230331171500	-14.51	0.0	-98.85	-8.8	-3.74	1	1	1	1
20230331171501	-14.5	0.0	-98.84	-8.7	-3.77	1	1	1	1
20230331171502	-14.51	0.0	-98.85	-8.8	-3.74	1	1	1	1
20230331171503	-14.5	0.0	-98.84	-8.8	-3.72	1	1	1	1
20230331171504	-14.53	0.0	-98.85	-8.7	-3.72	1	1	1	1
20230331171505	-14.54	0.0	-98.86	-8.8	-3.74	1	1	1	1
20230331171506	-14.51	0.0	-98.85	-8.7	-3.69	1	1	1	1
20230331171507	-14.51	0.0	-98.85	-8.7	-3.69	1	1	1	1
20230331171508	-14.53	0.0	-98.85	-8.8	-3.69	1	1	1	1
20230331171509	-14.51	0.0	-98.85	-8.7	-3.66	1	1	1	1
20230331171510	-14.53	0.0	-98.85	-8.8	-3.69	1	1	1	1
20230331171511	-14.53	0.0	-98.85	-8.8	-3.77	1	1	1	1
20230331171512	-14.54	0.0	-98.86	-8.8	-3.77	1	1	1	1
20230331171513	-14.53	0.0	-98.85	-8.7	-3.69	1	1	1	1
20230331171514	-14.51	0.0	-98.85	-8.7	-3.72	1	1	1	1
20230331171515	-14.51	0.0	-98.85	-8.8	-3.74	1	1	1	1
20230331171516	-14.54	0.0	-98.86	-8.8	-3.74	1	1	1	1
20230331171517	-14.57	0.0	-98.87	-8.7	-3.74	1	1	1	1
20230331171518	-14.54	0.0	-98.86	-8.8	-3.74	1	1	1	1
20230331171520	-14.53	0.0	-98.85	-8.8	-3.77	1	1	1	1
20230331171521	-14.54	0.0	-98.86	-8.8	-3.77	1	1	1	1
20230331171522	-14.54	0.0	-98.86	-8.7	-3.69	1	1	1	1
20230331171523	-14.54	0.0	-98.86	-8.7	-3.69	1	1	1	1
20230331171524	-14.54	0.0	-98.86	-8.8	-3.74	1	1	1	1
20230331171525	-14.55	0.0	-98.86	-8.7	-3.69	1	1	1	1
20230331171526	-14.54	0.0	-98.86	-8.8	-3.74	1	1	1	1
20230331171527	-14.54	0.0	-98.86	-8.7	-3.69	1	1	1	1
20230331171528	-14.55	0.0	-98.86	-8.7	-3.69	1	1	1	1
20230331171529	-14.55	0.0	-98.86	-8.7	-3.69	1	1	1	1
20230331171530	-14.55	0.0	-98.86	-8.8	-3.77	1	1	1	1
20230331171531	-14.54	0.0	-98.86	-8.8	-3.74	1	1	1	1
20230331171532	-14.54	0.0	-98.86	-8.86	-3.77	1	1	1	1
20230331171533	-14.57	0.0	-98.87	-8.7	-3.72	1	1	1	1
20230331171534	-14.57	0.0	-98.87	-8.8	-3.74	1	1	1	1
20230331171535	-14.55	0.0	-98.86	-8.8	-3.72	1	1	1	1
20230331171536	-14.57	0.0	-98.87	-8.8	-3.77	1	1	1	1
20230331171537	-14.55	0.0	-98.86	-8.8	-3.8	1	1	1	1
20230331171538	-14.57	0.0	-98.87	-8.8	-3.77	1	1	1	1
20230331171539	-14.57	0.0	-98.87	-8.8	-3.77	1	1	1	1
20230331171540	-14.57	0.0	-98.87	-8.8	-3.77	1	1	1	1
20230331171542	-14.58	0.0	-98.88	-8.7	-3.69	1	1	1	1
20230331171543	-14.58	0.0	-98.88	-8.8	-3.74	1	1	1	1
20230331171544	-14.57	0.0	-98.87	-8.8	-3.77	1	1	1	1
20230331171545	-14.58	0.0	-98.88	-8.7	-3.74	1	1	1	1
20230331171546	-14.58	0.0	-98.88	-8.86	-3.8	1	1	1	1
20230331171547	-14.58	0.0	-98.88	-8.86	-3.74	1	1	1	1
20230331171548	-14.61	0.0	-98.89	-8.8	-3.77	1	1	1	1
20230331171549	-14.58	0.0	-98.88	-8.8	-3.74	1	1	1	1
20230331171550	-14.6	0.0	-98.89	-8.75	-3.72	1	1	1	1
20230331171551	-14.57	0.0	-98.87	-8.8	-3.77	1	1	1	1
20230331171552	-14.57	0.0	-98.87	-8.8	-3.77	1	1	1	1
20230331171553	-14.6	0.0	-98.89	-8.86	-3.83	1	1	1	1
20230331171554	-14.58	0.0	-98.88	-8.8	-3.8	1	1	1	1
20230331171555	-14.6	0.0	-98.89	-8.8	-3.77	1	1	1	1
20230331171556	-14.61	0.0	-98.89	-8.75	-3.8	1	1	1	1
20230331171557	-14.58	0.0	-98.88	-8.86	-3.8	1	1	1	1
20230331171558	-14.58	0.0	-98.88	-8.86	-3.74	1	1	1	1
20230331171559	-14.6	0.0	-98.89	-8.75	-3.74	1	1	1	1
20230331171600	-14.6	0.0	-98.89	-8.75	-3.72	1	1	1	1
20230331171601	-14.58	0.0	-98.88	-8.75	-3.77	1	1	1	1
20230331171603	-14.58	0.0	-98.88	-8.86	-3.77	1	1	1	1
20230331171604	-14.6	0.0	-98.89	-8.8	-3.77	1	1	1	1
20230331171605	-14.63	0.0	-98.9	-8.7	-3.8	1	1	1	1
20230331171606	-14.61	0.0	-98.89	-8.8	-3.83	1	1	1	1
20230331171607	-14.6	0.0	-98.89	-8.7	-3.74	1	1	1	1
20230331171608	-14.6	0.0	-98.89	-8.75	-3.74	1	1	1	1
20230331171609	-14.58	0.0	-98.88	-8.86	-3.8	1	1	1	1
20230331171610	-14.6	0.0	-98.89	-8.75	-3.77	1	1	1	1
20230331171611	-14.6	0.0	-98.89	-8.8	-3.74	1	1	1	1
20230331171612	-14.63	0.0	-98.9	-8.75	-3.77	1	1	1	1
20230331171613	-14.61	0.0	-98.89	-8.75	-3.83	1	1	1	1
20230331171614	-14.63	0.0	-98.9	-8.86	-3.8	1	1	1	1
20230331171615	-14.6	0.0	-98.89	-8.75	-3.72	1	1	1	1
20230331171616	-14.63	0.0	-98.9	-8.75	-3.72	1	1	1	1
20230331171617	-14.61	0.0	-98.89	-8.75	-3.74	1	1	1	1
20230331171618	-14.61	0.0	-98.89	-8.75	-3.72	1	1	1	1
20230331171619	-14.63	0.0	-98.9	-8.86	-3.77	1	1	1	1
20230331171620	-14.61	0.0	-98.89	-8.86	-3.8	1	1	1	1
20230331171621	-14.6	0.0	-98.89	-8.75	-3.74	1	1	1	1
20230331171622	-14.61	0.0	-98.89	-8.86	-3.8	1	1	1	1
20230331171623	-14.63	0.0	-98.9	-8.86	-3.77	1	1	1	1
20230331171625	-14.61	0.0	-98.89	-8.75	-3.83	1	1	1	1
20230331171626	-14.63	0.0	-98.9	-8.86	-3.8	1	1	1	1
20230331171627	-14.63	0.0	-98.9	-8.86	-3.8	1	1	1	1
20230331171628	-14.63	0.0	-98.9	-8.86	-3.83	1	1	1	1
20230331171629	-14.63	0.0	-98.9	-8.86	-3.8	1	1	1	1
20230331171630	-14.64	0.0	-98.9	-8.86	-3.74	1	1	1	1
20230331171631	-14.63	0.0	-98.9	-8.75	-3.74	1	1	1	1
20230331171632	-14.63	0.0	-98.9	-8.75	-3.74	1	1	1	1
20230331171633	-14.64	0.0	-98.9	-8.8	-3.74	1	1	1	1
20230331171634	-14.63	0.0	-98.9	-8.8	-3.74	1	1	1	1
20230331171635	-14.65	0.0	-98.91	-8.75	-3.72	1	1	1	1
20230331171636	-14.67	0.0	-98.92	-8.86	-3.8	1	1	1	1
20230331171637	-14.65	0.0	-98.91	-8.8	-3.85	1	1	1	1
20230331171638	-14.67	0.0	-98.92	-8.86	-3.8	1	1	1	1
20230331171639	-14.64	0.0	-98.9	-8.86	-3.8	1	1	1	1
20230331171640	-14.64	0.0	-98.9	-8.86	-3.83	1	1	1	1
20230331171641	-14.64	0.0	-98.9	-8.8	-3.77	1	1	1	1
20230331171642	-14.65	0.0	-98.91	-8.91	-3.83	1	1	1	1
20230331171643	-14.64	0.0	-98.9	-8.86	-3.83	1	1	1	1
20230331171644	-14.65	0.0	-98.91	-8.86	-3.85	1	1	1	1
20230331171646	-14.65	0.0	-98.91	-8.75	-3.8	1	1	1	1
20230331171647	-14.65	0.0	-98.91	-8.91	-3.8	1	1	1	1
20230331171648	-14.67	0.0	-98.92	-8.75	-3.74	1	1	1	1
20230331171649	-14.64	0.0	-98.9	-8.91	-3.8	1	1	1	1
20230331171650	-14.64	0.0	-98.9	-8.75	-3.8	1	1	1	1
20230331171651	-14.65	0.0	-98.91	-8.75	-3.8	1	1	1	1
20230331171652	-14.65	0.0	-98.91	-8.91	-3.85	1	1	1	1
20230331171653	-14.65	0.0	-98.91	-8.86	-3.85	1	1	1	1
20230331171654	-14.67	0.0	-98.92	-8.86	-3.77	1	1	1	1
20230331171655	-14.67	0.0	-98.92	-8.75	-3.77	1	1	1	1
20230331171656	-14.67	0.0	-98.92	-8.86	-3.85	1	1	1	1
20230331171657	-14.67	0.0	-98.92	-8.75	-3.74	1	1	1	1
20230331171658	-14.71	0.0	-98.94	-8.91	-3.83	1	1	1	1
20230331171659	-14.67	0.0	-98.92	-8.75	-3.77	1	1	1	1
20230331171700	-14.68	0.0	-98.92	-8.8	-3.77	1	1	1	1
20230331171701	-14.68	0.0	-98.92	-8.91	-3.85	1	1	1	1
20230331171702	-14.68	0.0	-98.92	-8.91	-3.85	1	1	1	1
20230331171703	-14.67	0.0	-98.92	-8.86	-3.83	1	1	1	1
20230331171704	-14.68	0.0	-98.92	-8.86	-3.85	1	1	1	1
20230331171705	-14.68	0.0	-98.92	-8.86	-3.8	1	1	1	1
20230331171707	-14.7	0.0	-98.93	-8.86	-3.8	1	1	1	1
20230331171708	-14.7	0.0	-98.93	-8.86	-3.8	1	1	1	1
20230331171709	-14.7	0.0	-98.93	-8.75	-3.74	1	1	1	1
20230331171710	-14.7	0.0	-98.93	-8.86	-3.77	1	1	1	1
20230331171711	-14.71	0.0	-98.94	-8.91	-3.83	0	1	1	1
20230331171712	-14.68	0.0	-98.92	-8.91	-3.83	0	1	1	1
20230331171713	-14.7	0.0	-98.93	-8.91	-3.83	0	1	1	1
20230331171714	-14.71	0.0	-98.94	-8.75	-3.77	0	1	1	1
20230331171715	-14.7	0.0	-98.93	-8.8	-3.77	0	1	1	1
20230331171716	-14.7	0.0	-98.93	-8.8	-3.74	0	1	1	0
20230331171717	-14.71	0.0	-98.94	-8.8	-3.99	0	1	1	0
20230331171718	-14.7	0.0	-98.93	-8.64	-4.36	0	1	1	0
20230331171719	-14.73	0.0	-98.95	-8.48	-4.68	0	1	1	0
20230331171720	-14.73	0.0	-98.95	-8.23	-4.86	0	1	1	0
20230331171721	-14.73	0.0	-98.95	-8.07	-5.07	0	1	1	0
20230331171722	-14.77	0.0	-98.96	-7.78	-5.13	1	1	1	0
20230331171723	-14.77	0.0	-98.96	-7.68	-5.19	1	1	1	0
20230331171725	-14.8	0.0	-98.98	-7.4	-5.13	1	1	1	0
20230331171726	-14.8	0.0	-98.98	-7.26	-5.13	1	1	1	0
20230331171727	-14.83	0.0	-98.99	-7.16	-5.1	1	1	1	0
20230331171728	-14.81	0.0	-98.98	-6.89	-5.04	1	1	1	0
20230331171729	-14.83	0.0	-98.99	-6.81	-4.92	1	1	1	0
20230331171730	-14.87	0.0	-99.01	-6.72	-4.92	1	1	1	0
20230331171731	-14.88	0.0	-99.01	-6.42	-4.77	1	1	1	0
20230331171732	-14.88	0.0	-99.01	-6.29	-4.62	1	1	1	0
20230331171733	-14.91	0.0	-99.03	-6.17	-4.59	1	1	1	0
20230331171734	-14.91	0.0	-99.03	-6.08	-4.54	1	1	1	0
20230331171735	-14.91	0.0	-99.03	-5.92	-4.45	1	1	1	0
20230331171736	-14.92	0.0	-99.03	-5.8	-4.33	1	1	1	0
20230331171737	-14.94	0.0	-99.04	-5.61	-4.22	1	1	1	0
20230331171738	-14.95	0.0	-99.04	-5.57	-4.16	1	1	1	0
20230331171740	-14.94	0.0	-99.04	-5.41	-4.08	1	1	1	0
20230331171741	-14.95	0.0	-99.04	-5.26	-3.97	1	1	1	0
20230331171742	-14.97	0.0	-99.05	-5.11	-3.91	1	1	1	0
20230331171743	-14.95	0.0	-99.04	-5.04	-3.8	1	1	1	0
20230331171744	-14.95	0.0	-99.04	-4.89	-3.74	1	1	1	0
20230331171745	-14.98	0.0	-99.06	-4.78	-3.66	1	1	1	0
20230331171746	-14.98	0.0	-99.06	-4.57	-3.53	1	1	1	0
20230331171747	-14.95	0.0	-99.04	-4.46	-3.47	1	1	1	0
20230331171748	-14.95	0.0	-99.04	-4.43	-3.44	1	1	1	0
20230331171749	-14.94	0.0	-99.04	-4.32	-3.31	1	1	1	0
20230331171750	-14.94	0.0	-99.04	-4.19	-3.23	1	1	1	0
20230331171751	-14.91	0.0	-99.03	-4.09	-3.18	1	1	1	0
20230331171752	-14.94	0.0	-99.04	-3.99	-3.1	1	1	1	0
20230331171753	-14.94	0.0	-99.04	-3.89	-3.02	1	1	1	0
20230331171754	-14.89	0.0	-99.02	-3.79	-2.92	1	1	1	0
20230331171756	-14.92	0.0	-99.03	-3.66	-2.84	1	1	1	0
20230331171757	-14.92	0.0	-99.03	-3.59	-2.76	1	1	1	0
20230331171758	-14.88	0.0	-99.01	-3.43	-2.69	1	1	0	0
20230331171759	-14.85	0.0	-99.0	-3.37	-2.64	1	1	1	0
20230331171800	-14.87	0.0	-99.01	-3.31	-2.59	1	1	1	0
20230331171801	-14.87	0.0	-99.01	-3.18	-2.48	1	1	1	0
20230331171802	-14.83	0.0	-98.99	-3.12	-2.43	1	1	1	0
20230331171803	-14.85	0.0	-99.0	-2.97	-2.31	1	1	1	0
20230331171804	-14.84	0.0	-98.99	-2.94	-2.29	1	1	1	0
20230331171805	-14.83	0.0	-98.99	-2.79	-2.19	1	1	1	0
20230331171806	-14.83	0.0	-98.99	-2.67	-2.11	1	1	1	0
20230331171807	-14.8	0.0	-98.98	-2.67	-2.09	1	1	1	0
20230331171808	-14.78	0.0	-98.97	-2.58	-1.99	1	1	1	0
20230331171809	-14.75	0.0	-98.95	-2.5	-1.99	1	1	1	0
20230331171810	-14.78	0.0	-98.97	-2.41	-1.92	1	1	1	0
20230331171812	-14.71	0.0	-98.94	-2.38	-1.82	1	1	1	0
20230331171813	-14.68	0.0	-98.92	-2.21	-1.75	1	1	1	0
20230331171814	-14.68	0.0	-98.92	-2.15	-1.68	1	1	0	0
20230331171815	-14.68	0.0	-98.92	-2.1	-1.7	1	1	1	0
20230331171816	-14.67	0.0	-98.92	-1.98	-1.58	1	1	0	0
20230331171817	-14.64	0.0	-98.9	-1.98	-1.56	1	1	1	0
20230331171818	-14.63	0.0	-98.9	-1.85	-1.44	1	1	0	0
20230331171819	-14.61	0.0	-98.89	-1.76	-1.37	1	1	0	0
20230331171820	-14.58	0.0	-98.88	-1.71	-1.35	1	1	1	0
20230331171821	-14.57	0.0	-98.87	-1.68	-1.33	1	1	1	0
20230331171822	-14.54	0.0	-98.86	-1.6	-1.3	1	1	1	0
20230331171823	-14.53	0.0	-98.85	-1.5	-1.19	1	1	1	0
20230331171824	-14.51	0.0	-98.85	-1.47	-1.17	1	1	0	0
20230331171825	-14.45	0.0	-98.82	-1.42	-1.1	1	1	1	0
20230331171826	-14.43	0.0	-98.81	-1.34	-1.05	1	1	1	0
20230331171828	-14.44	0.0	-98.81	-1.26	-0.98	1	1	1	0
20230331171829	-14.41	0.0	-98.8	-1.16	-0.91	1	1	1	0
20230331171830	-14.37	0.0	-98.78	-1.13	-0.89	1	1	1	0
20230331171831	-14.36	0.0	-98.78	-1.08	-0.85	1	1	1	0
20230331171832	-14.34	0.0	-98.77	-1.03	-0.82	1	1	1	0
20230331171833	-14.33	0.0	-98.76	-0.95	-0.76	1	1	1	0
20230331171834	-14.3	0.0	-98.75	-0.9	-0.67	1	1	1	0
20230331171835	-14.27	0.0	-98.74	-0.77	-0.62	1	1	1	0
20230331171836	-14.24	0.0	-98.72	-0.77	-0.62	1	1	1	0
20230331171837	-14.2	0.0	-98.7	-0.7	-0.58	1	1	1	0
20230331171838	-14.19	0.0	-98.7	-0.68	-0.54	1	1	1	0
20230331171839	-14.17	0.0	-98.69	-0.6	-0.49	1	1	1	0
20230331171840	-14.11	0.0	-98.66	-0.48	-0.38	1	1	1	0
20230331171841	-14.11	0.0	-98.66	-0.5	-0.38	1	1	1	0
20230331171843	-14.07	0.0	-98.65	-0.43	-0.34	1	1	1	0
20230331171844	-14.05	0.0	-98.64	-0.38	-0.27	1	1	1	0
20230331171845	-13.99	0.0	-98.61	-0.33	-0.27	1	1	1	0
20230331171846	-13.99	0.0	-98.61	-0.26	-0.16	1	1	1	0
20230331171847	-13.95	0.0	-98.59	-0.19	-0.12	1	1	1	0
20230331171848	-13.95	0.0	-98.59	-0.14	-0.08	1	1	1	0
20230331171849	-13.9	0.0	-98.57	-0.12	-0.04	1	1	1	0
20230331171850	-13.86	0.0	-98.55	-0.02	0.01	1	1	1	0
20230331171851	-13.86	0.0	-98.55	0.02	0.05	1	1	1	0
20230331171852	-13.81	0.0	-98.53	0.02	0.05	1	1	1	0
20230331171853	-13.79	0.0	-98.52	0.12	0.09	1	1	1	0
20230331171854	-13.75	0.0	-98.5	0.16	0.16	1	1	1	0
20230331171855	-13.71	0.0	-98.48	0.21	0.2	1	1	1	0
20230331171856	-13.68	0.0	-98.47	0.25	0.24	1	1	1	0
20230331171857	-13.65	0.0	-98.46	0.28	0.24	1	1	1	0
20230331171859	-13.59	0.0	-98.43	0.32	0.3	1	1	1	0
20230331171900	-13.56	0.0	-98.42	0.35	0.32	1	1	1	0
20230331171901	-13.55	0.0	-98.41	0.39	0.34	1	1	1	0
20230331171902	-13.52	0.0	-98.4	0.48	0.45	1	1	1	0
20230331171903	-13.49	0.0	-98.38	0.48	0.45	1	1	1	0
20230331171904	-13.49	0.0	-98.38	0.53	0.45	1	1	1	0
20230331171905	-13.45	0.0	-98.37	0.62	0.57	1	1	1	0
20230331171906	-13.39	0.0	-98.34	0.62	0.59	1	1	1	0
20230331171907	-13.37	0.0	-98.33	0.73	0.63	1	1	1	0
20230331171908	-13.31	0.0	-98.3	0.68	0.61	1	1	1	0
20230331171909	-13.28	0.0	-98.29	0.77	0.7	1	1	1	0
20230331171910	-13.24	0.0	-98.27	0.77	0.7	1	1	1	0
20230331171911	-13.19	0.0	-98.25	0.82	0.76	1	1	1	0
20230331171912	-13.15	0.0	-98.23	0.86	0.78	1	1	1	0
20230331171913	-13.14	0.0	-98.23	0.92	0.84	1	1	1	0
20230331171915	-13.09	0.0	-98.2	0.95	0.88	1	1	1	0
20230331171916	-13.08	0.0	-98.2	0.97	0.88	1	1	1	0
20230331171917	-13.01	0.0	-98.17	1.01	0.92	1	1	1	0
20230331171918	-12.97	0.0	-98.15	1.1	0.96	1	1	1	0
20230331171919	-12.98	0.0	-98.15	1.1	0.94	1	1	1	0
20230331171920	-12.94	0.0	-98.14	1.12	1.02	1	1	1	0
