EventTime	aTemp	RH	DP	cTemp	mTemp	sLid	sVacuu	sPressure	IsOkay
20230331143930	-12.83	0.0	-98.09	2.09	4.25	1	1	1	1
20230331143931	-12.76	0.0	-98.05	2.13	4.27	1	1	1	1
20230331143932	-12.71	0.0	-98.03	2.11	4.27	1	1	1	1
20230331143933	-12.69	0.0	-98.02	2.11	4.27	1	1	1	1
20230331143935	-12.66	0.0	-98.01	2.11	4.28	1	1	1	1
20230331143936	-12.63	0.0	-98.0	2.13	4.33	1	1	1	1
20230331143937	-12.59	0.0	-97.98	2.13	4.33	1	1	1	1
20230331143938	-12.54	0.0	-97.95	2.15	4.33	1	1	1	1
20230331143939	-12.5	0.0	-97.94	2.17	4.33	1	1	1	1
20230331143940	-12.52	0.0	-97.95	2.17	4.35	1	1	1	1
20230331143941	-12.46	0.0	-97.92	2.17	4.37	1	1	1	1
20230331143942	-12.43	0.0	-97.9	2.19	4.37	1	1	1	1
20230331143943	-12.4	0.0	-97.89	2.17	4.37	1	1	1	1
20230331143944	-12.36	0.0	-97.87	2.21	4.4	1	1	1	1
20230331143945	-12.36	0.0	-97.87	2.23	4.4	1	1	1	1
20230331143946	-12.3	0.0	-97.85	2.23	4.4	1	1	1	1
20230331143947	-12.26	0.0	-97.83	2.25	4.44	1	1	1	1
20230331143948	-12.25	0.0	-97.82	2.27	4.44	1	1	1	1
20230331143949	-12.21	0.0	-97.81	2.27	4.45	1	1	1	1
20230331143950	-12.15	0.0	-97.78	2.27	4.45	1	1	1	1
20230331143951	-12.14	0.0	-97.77	2.31	4.47	1	1	1	1
20230331143952	-12.11	0.0	-97.76	2.33	4.47	1	1	1	1
20230331143953	-12.06	0.0	-97.74	2.37	4.5	1	1	1	1
20230331143954	-12.05	0.0	-97.73	2.35	4.49	1	1	1	1
20230331143955	-12.03	0.0	-97.72	2.35	4.49	1	1	1	1
20230331143957	-12.01	0.0	-97.72	2.35	4.5	1	1	1	1
20230331143958	-11.99	0.0	-97.71	2.35	4.54	1	1	1	1
20230331143959	-11.96	0.0	-97.69	2.39	4.5	1	1	1	1
20230331144000	-11.95	0.0	-97.69	2.4	4.54	1	1	1	1
20230331144001	-11.93	0.0	-97.68	2.39	4.54	1	1	1	1
20230331144002	-11.92	0.0	-97.68	2.42	4.54	1	1	1	1
20230331144003	-11.92	0.0	-97.68	2.42	4.55	1	1	1	1
20230331144004	-11.89	0.0	-97.66	2.44	4.54	1	1	1	1
20230331144005	-11.85	0.0	-97.64	2.44	4.55	1	1	1	1
20230331144006	-11.85	0.0	-97.64	2.44	4.55	1	1	1	1
20230331144007	-11.82	0.0	-97.63	2.44	4.57	1	1	1	1
20230331144008	-11.83	0.0	-97.63	2.46	4.55	1	1	1	1
20230331144009	-11.81	0.0	-97.63	2.46	4.55	1	1	1	1
20230331144010	-11.81	0.0	-97.63	2.54	4.55	1	1	1	1
20230331144011	-11.78	0.0	-97.61	2.67	4.59	1	1	1	1
20230331144012	-11.78	0.0	-97.61	2.81	4.62	1	1	1	1
20230331144013	-11.77	0.0	-97.61	2.94	4.69	1	1	1	1
20230331144014	-11.78	0.0	-97.61	3.07	4.76	1	1	1	1
20230331144015	-11.75	0.0	-97.6	3.24	4.82	1	1	1	1
20230331144016	-11.74	0.0	-97.59	3.4	4.89	1	1	1	1
20230331144018	-11.74	0.0	-97.59	3.53	4.97	1	1	1	1
20230331144019	-11.72	0.0	-97.59	3.67	5.05	1	1	1	1
20230331144020	-11.7	0.0	-97.58	3.83	5.13	1	1	1	1
20230331144021	-11.71	0.0	-97.58	3.97	5.21	1	1	1	1
20230331144022	-11.71	0.0	-97.58	4.11	5.3	1	1	1	1
20230331144023	-11.71	0.0	-97.58	4.27	5.39	1	1	1	1
20230331144024	-11.68	0.0	-97.57	4.4	5.49	1	1	1	1
20230331144025	-11.7	0.0	-97.58	4.54	5.57	1	1	1	1
20230331144026	-11.65	0.0	-97.55	4.67	5.65	1	1	1	1
20230331144027	-11.68	0.0	-97.57	4.81	5.74	1	1	1	1
20230331144028	-11.65	0.0	-97.55	4.95	5.8	1	1	1	1
20230331144029	-11.64	0.0	-97.55	5.08	5.91	1	1	1	1
20230331144030	-11.62	0.0	-97.54	5.21	6.0	1	1	1	1
20230331144031	-11.62	0.0	-97.54	5.34	6.08	1	1	1	1
20230331144032	-11.64	0.0	-97.55	5.47	6.16	1	1	1	1
20230331144033	-11.6	0.0	-97.53	5.6	6.24	1	1	1	1
20230331144034	-11.62	0.0	-97.54	5.74	6.34	1	1	1	1
20230331144035	-11.61	0.0	-97.54	5.83	6.4	1	1	1	1
20230331144037	-11.6	0.0	-97.53	5.96	6.48	1	1	1	1
20230331144038	-11.6	0.0	-97.53	6.07	6.55	1	1	1	1
20230331144039	-11.58	0.0	-97.52	6.19	6.64	1	1	1	1
20230331144040	-11.58	0.0	-97.52	6.31	6.72	1	1	1	1
20230331144041	-11.54	0.0	-97.5	6.42	6.79	1	1	1	1
20230331144042	-11.55	0.0	-97.51	6.52	6.87	1	1	1	1
20230331144043	-11.55	0.0	-97.51	6.66	6.94	1	1	1	1
20230331144044	-11.51	0.0	-97.49	6.78	7.01	1	1	1	1
20230331144045	-11.48	0.0	-97.48	6.87	7.09	1	1	1	1
20230331144046	-11.48	0.0	-97.48	6.98	7.16	1	1	1	1
20230331144047	-11.5	0.0	-97.49	7.09	7.23	1	1	1	1
20230331144048	-11.51	0.0	-97.49	7.19	7.29	1	1	1	1
20230331144049	-11.47	0.0	-97.47	7.29	7.38	1	1	1	1
20230331144050	-11.47	0.0	-97.47	7.4	7.45	1	1	1	1
20230331144051	-11.47	0.0	-97.47	7.5	7.5	1	1	1	1
20230331144052	-11.44	0.0	-97.46	7.59	7.56	1	1	1	1
20230331144053	-11.44	0.0	-97.46	7.69	7.63	1	1	1	1
20230331144054	-11.44	0.0	-97.46	7.8	7.7	1	1	1	1
20230331144056	-11.4	0.0	-97.44	7.89	7.75	1	1	1	1
20230331144057	-11.38	0.0	-97.43	7.97	7.82	1	1	1	1
20230331144058	-11.38	0.0	-97.43	8.08	7.89	1	1	1	1
20230331144059	-11.38	0.0	-97.43	8.18	7.96	1	1	1	1
20230331144100	-11.37	0.0	-97.43	8.26	8.01	1	1	1	1
20230331144101	-11.34	0.0	-97.41	8.36	8.08	1	1	1	1
20230331144102	-11.33	0.0	-97.41	8.44	8.14	1	1	1	1
20230331144103	-11.31	0.0	-97.4	8.55	8.19	1	1	1	1
20230331144104	-11.3	0.0	-97.4	8.63	8.25	1	1	1	1
20230331144105	-11.28	0.0	-97.39	8.71	8.33	1	1	1	1
20230331144106	-11.28	0.0	-97.39	8.79	8.39	1	1	1	1
20230331144107	-11.28	0.0	-97.39	8.89	8.44	1	1	1	1
20230331144108	-11.26	0.0	-97.38	8.97	8.48	1	1	1	1
20230331144109	-11.23	0.0	-97.36	9.06	8.55	1	1	1	1
20230331144111	-11.23	0.0	-97.36	9.14	8.6	1	1	1	1
20230331144112	-11.23	0.0	-97.36	9.22	8.66	1	1	1	1
20230331144113	-11.2	0.0	-97.35	9.29	8.7	1	1	1	1
20230331144114	-11.2	0.0	-97.35	9.37	8.77	1	1	1	1
