EventTime	aTemp	RH	DP	cTemp	mTemp	sLid	sVacuu	sPressure	IsOkay
20230328154402	21.03	0.11	-57.11	21.14	19.78	1	1	1	1
20230328154403	21.06	0.07	-60.67	21.14	19.78	1	1	1	1
20230328154404	21.05	0.01	-74.64	21.14	19.78	1	1	1	1
20230328154405	21.06	0.07	-60.67	21.14	19.77	1	1	1	1
20230328154406	21.06	0.07	-60.67	21.14	19.8	1	1	1	1
20230328154407	21.02	0.03	-67.05	21.15	19.78	1	1	1	1
20230328154408	21.06	0.07	-60.67	21.11	19.95	1	1	1	1
20230328154410	21.06	0.11	-57.09	21.09	20.17	1	1	1	1
20230328154411	21.07	0.09	-58.7	21.05	20.37	1	1	1	1
20230328154412	21.06	0.07	-60.67	21.03	20.54	1	1	1	1
20230328154413	21.06	0.15	-54.55	20.99	20.66	1	1	1	1
20230328154414	21.09	0.11	-57.08	20.98	20.75	1	1	1	1
20230328154415	21.1	0.09	-58.68	20.95	20.82	1	1	1	1
20230328154416	21.12	0.09	-58.67	20.93	20.87	1	1	1	1
20230328154417	21.12	0.13	-55.7	20.91	20.91	1	1	1	1
20230328154418	21.12	0.11	-57.06	20.89	20.93	1	1	1	1
20230328154419	21.1	0.09	-58.68	20.87	20.95	1	1	1	1
20230328154420	21.15	0.07	-60.63	20.86	20.88	1	1	1	1
20230328154421	21.16	0.09	-58.65	20.83	20.65	1	1	1	1
20230328154422	21.16	0.05	-63.21	20.78	20.43	1	1	1	1
20230328154423	21.2	0.15	-54.48	20.72	20.24	1	1	1	1
20230328154424	21.19	0.07	-60.61	20.66	20.08	1	1	1	1
20230328154425	21.19	0.05	-63.19	20.59	19.95	1	1	1	1
20230328154426	21.22	0.07	-60.6	20.53	19.82	1	1	1	1
20230328154427	21.19	0.11	-57.03	20.47	19.72	1	1	1	1
20230328154428	21.17	0.11	-57.04	20.41	19.64	1	1	1	1
20230328154429	21.17	0.05	-63.2	20.34	19.56	1	1	1	1
20230328154430	21.17	0.07	-60.62	20.27	19.47	1	1	1	1
20230328154432	21.2	0.09	-58.63	20.2	19.41	1	1	1	1
20230328154433	21.19	0.11	-57.03	20.14	19.36	1	1	1	1
20230328154434	21.17	0.15	-54.5	20.07	19.28	1	1	1	1
20230328154435	21.19	0.13	-55.67	20.02	19.24	1	1	1	1
20230328154436	21.19	0.07	-60.61	19.97	19.18	1	1	1	1
20230328154437	21.16	0.09	-58.65	19.91	19.13	1	1	1	1
20230328154438	21.16	0.17	-53.46	19.85	19.1	1	1	1	1
20230328154439	21.16	0.07	-60.63	19.81	19.05	0	1	1	1
20230328154440	21.15	0.11	-57.05	19.75	19.0	0	1	1	1
20230328154441	21.15	0.03	-66.99	19.69	18.95	0	1	1	1
20230328154442	21.15	0.17	-53.46	19.64	18.92	0	1	1	1
20230328154443	21.13	0.11	-57.06	19.58	18.9	0	1	1	1
20230328154444	21.12	0.13	-55.7	19.55	18.84	0	1	1	0
20230328154445	21.13	0.05	-63.22	19.49	18.8	0	1	1	0
20230328154446	21.12	0.09	-58.67	19.5	18.79	0	1	1	0
20230328154448	21.13	0.11	-57.06	19.49	18.74	0	1	1	0
20230328154449	21.12	0.07	-60.65	19.52	18.73	0	1	1	0
20230328154450	21.09	0.0	-88.62	19.53	18.72	0	1	1	0
20230328154451	21.1	0.11	-57.07	19.57	18.73	0	1	1	0
20230328154452	21.09	0.07	-60.66	19.59	18.73	0	1	1	0
20230328154453	21.07	0.07	-60.67	19.62	18.73	0	1	1	0
20230328154454	21.06	0.09	-58.7	19.65	18.74	0	1	1	0
20230328154455	21.06	0.03	-67.03	19.69	18.77	0	1	1	0
20230328154456	21.06	0.09	-58.7	19.72	18.79	0	1	1	0
20230328154458	21.05	0.11	-57.1	19.75	18.8	0	1	1	0
20230328154459	21.06	0.13	-55.73	19.77	18.82	0	1	1	0
20230328154500	21.03	0.13	-55.75	19.81	18.82	0	1	1	0
20230328154501	21.0	0.07	-60.7	19.84	18.86	0	1	1	0
20230328154502	21.03	0.03	-67.04	19.87	18.87	0	1	1	0
20230328154503	21.0	0.11	-57.12	19.9	18.88	0	1	1	0
20230328154504	21.03	0.07	-60.69	19.93	18.91	0	1	1	0
20230328154505	21.03	0.13	-55.75	19.96	18.93	0	1	1	0
20230328154506	21.0	0.17	-53.54	19.99	18.95	0	1	1	0
20230328154507	20.99	0.05	-63.28	20.02	18.98	0	1	1	0
20230328154509	21.02	0.09	-58.72	20.03	18.99	0	1	1	0
20230328154510	20.97	0.06	-61.91	20.07	19.01	0	1	1	0
20230328154511	20.99	0.15	-54.59	20.08	19.02	0	1	1	0
20230328154512	20.97	0.09	-58.74	20.12	19.04	0	1	1	0
20230328154513	21.0	0.13	-55.76	20.14	19.06	1	1	1	0
20230328154514	20.97	0.12	-56.43	20.17	19.07	1	1	1	0
20230328154515	20.99	0.13	-55.77	20.18	19.08	1	1	1	0
20230328154516	20.96	0.11	-57.14	20.21	19.1	1	1	1	0
20230328154517	20.96	0.11	-57.14	20.23	19.12	1	1	1	0
20230328154518	20.96	0.06	-61.91	20.25	19.13	1	1	1	0
20230328154519	20.97	0.05	-63.29	20.29	19.17	1	1	1	0
20230328154520	21.0	0.07	-60.7	20.31	19.18	1	1	1	0
20230328154522	20.99	0.07	-60.71	20.32	19.18	1	1	1	0
20230328154523	20.95	0.06	-61.92	20.34	19.19	1	1	1	0
20230328154524	20.96	0.11	-57.14	20.36	19.21	1	1	1	0
20230328154525	20.97	0.11	-57.14	20.37	19.23	1	1	1	0
20230328154526	20.93	0.09	-58.76	20.4	19.24	1	1	1	0
20230328154527	20.95	0.09	-58.75	20.42	19.26	1	1	1	0
20230328154528	20.95	0.03	-67.08	20.44	19.28	1	1	1	0
20230328154529	20.96	0.11	-57.14	20.46	19.27	1	1	1	0
20230328154530	20.93	0.06	-61.93	20.48	19.31	1	1	1	0
20230328154531	20.96	0.09	-58.75	20.49	19.32	1	1	1	0
20230328154533	20.93	0.06	-61.93	20.5	19.32	1	1	1	0
20230328154534	20.93	0.12	-56.45	20.53	19.34	1	1	1	0
20230328154535	20.93	0.06	-61.93	20.55	19.36	1	1	1	0
20230328154536	20.95	0.09	-58.75	20.56	19.37	1	1	1	0
20230328154537	20.93	0.05	-63.31	20.58	19.37	1	1	1	0
20230328154538	20.96	0.06	-61.91	20.6	19.39	1	1	1	0
20230328154539	20.93	0.11	-57.16	20.61	19.39	1	1	1	0
20230328154540	20.93	0.05	-63.31	20.63	19.41	1	1	1	0
20230328154541	20.93	0.06	-61.93	20.64	19.41	1	1	1	0
20230328154543	20.95	0.06	-61.92	20.65	19.43	1	1	1	0
20230328154544	20.93	0.12	-56.45	20.67	19.44	1	1	1	0
20230328154545	20.95	0.11	-57.15	20.7	19.46	1	1	1	0
20230328154546	20.93	0.03	-67.09	20.71	19.47	1	1	1	0
20230328154547	20.93	0.12	-56.45	20.72	19.47	1	1	1	0
20230328154548	20.96	0.09	-58.75	20.72	19.47	1	1	1	0
20230328154549	20.95	0.06	-61.92	20.74	19.49	1	1	1	0
20230328154550	20.95	0.06	-61.92	20.76	19.51	1	1	1	0
20230328154551	20.95	0.11	-57.15	20.77	19.52	1	1	1	0
20230328154552	20.95	0.05	-63.3	20.78	19.53	1	1	1	0
20230328154554	20.93	0.11	-57.16	20.78	19.52	1	1	1	0
20230328154555	20.93	0.05	-63.31	20.81	19.52	1	1	1	0
20230328154556	20.93	0.09	-58.76	20.83	19.56	1	1	1	0
20230328154557	20.93	0.11	-57.16	20.83	19.56	1	1	1	0
20230328154558	20.95	0.12	-56.44	20.83	19.56	1	1	1	0
20230328154559	20.93	0.09	-58.76	20.84	19.57	1	1	1	0
20230328154600	20.93	0.06	-61.93	20.86	19.57	1	1	1	0
20230328154601	20.96	0.06	-61.91	20.88	19.58	1	1	1	0
20230328154602	20.96	0.12	-56.44	20.88	19.58	1	1	1	0
20230328154603	20.95	0.11	-57.15	20.88	19.59	1	1	1	0
20230328154604	20.99	0.13	-55.77	20.89	19.6	1	1	1	0
20230328154605	20.97	0.0	-88.66	20.91	19.63	1	1	1	0
20230328154607	20.95	0.15	-54.61	20.93	19.63	1	1	1	0
20230328154608	20.95	0.06	-61.92	20.93	19.62	1	1	1	0
20230328154609	20.96	0.05	-63.3	20.93	19.63	1	1	1	0
20230328154610	20.97	0.16	-54.06	20.94	19.64	1	1	1	0
20230328154611	20.96	0.12	-56.44	20.95	19.64	1	1	1	0
20230328154612	20.95	0.09	-58.75	20.97	19.65	1	1	1	0
20230328154613	20.95	0.03	-67.08	20.98	19.65	1	1	1	0
20230328154614	20.99	0.09	-58.74	20.99	19.68	1	1	1	0
20230328154615	20.97	0.12	-56.43	21.0	19.66	1	1	1	0
20230328154616	20.96	0.15	-54.61	21.0	19.68	1	1	1	0
20230328154617	20.99	0.13	-55.77	21.02	19.69	1	1	1	0
20230328154618	20.97	0.11	-57.14	21.02	19.68	1	1	1	0
20230328154620	20.97	0.15	-54.6	21.04	19.7	1	1	1	0
20230328154621	20.99	0.13	-55.77	21.03	19.7	1	1	1	0
20230328154622	20.99	0.09	-58.74	21.04	19.71	1	1	1	0
20230328154623	20.97	0.12	-56.43	21.04	19.71	1	1	1	0
20230328154624	20.99	0.11	-57.13	21.05	19.72	1	1	1	0
20230328154625	21.0	0.13	-55.76	21.07	19.72	1	1	1	0
20230328154626	20.99	0.13	-55.77	21.09	19.72	1	1	1	0
20230328154627	21.0	0.11	-57.12	21.08	19.74	1	1	1	0
20230328154628	20.99	0.07	-60.71	21.09	19.72	1	1	1	0
20230328154629	20.99	0.05	-63.28	21.09	19.74	1	1	1	0
20230328154630	20.99	0.11	-57.13	21.09	19.75	1	1	1	0
20230328154631	21.0	0.01	-74.66	21.1	19.75	1	1	1	0
20230328154632	21.0	0.15	-54.58	21.11	19.77	1	1	1	0
20230328154634	20.99	0.09	-58.74	21.11	19.76	1	1	1	0
20230328154635	21.0	0.09	-58.73	21.13	19.77	1	1	1	0
20230328154636	21.0	0.09	-58.73	21.13	19.78	1	1	1	0
20230328154637	21.0	0.09	-58.73	21.14	19.77	1	1	1	0
20230328154638	21.0	0.07	-60.7	21.14	19.78	1	1	1	0
20230328154639	21.02	0.07	-60.69	21.14	19.78	1	1	1	0
20230328154640	21.0	0.15	-54.58	21.15	19.78	1	1	1	0
20230328154641	21.0	0.15	-54.58	21.16	19.8	1	1	1	0
20230328154642	21.02	0.13	-55.75	21.16	19.78	1	1	1	0
20230328154643	21.0	0.07	-60.7	21.18	19.81	1	1	1	0
20230328154644	21.0	0.03	-67.06	21.18	19.8	1	1	1	0
20230328154646	21.0	0.13	-55.76	21.19	19.82	0	1	1	0
20230328154647	21.02	0.07	-60.69	21.19	19.81	0	1	1	0
20230328154648	21.02	0.05	-63.27	21.19	19.81	0	1	1	0
20230328154649	21.02	0.05	-63.27	21.19	19.82	0	1	1	0
20230328154650	21.03	0.09	-58.72	21.19	19.82	0	1	1	0
20230328154651	21.05	0.09	-58.71	21.2	19.82	0	1	1	0
20230328154652	21.02	0.11	-57.11	21.2	19.82	1	1	1	0
20230328154653	21.03	0.05	-63.27	21.23	19.83	0	1	1	0
20230328154654	21.05	0.05	-63.26	21.21	19.82	0	1	1	0
20230328154655	21.03	0.13	-55.75	21.23	19.84	0	1	1	0
20230328154657	21.05	0.09	-58.71	21.24	19.84	0	1	1	0
20230328154658	21.03	0.13	-55.75	21.25	19.85	0	1	1	0
20230328154659	21.03	0.09	-58.72	21.24	19.84	1	1	1	0
20230328154700	21.03	0.11	-57.11	21.25	19.85	1	1	1	0
20230328154701	21.03	0.13	-55.75	21.25	19.85	1	1	1	0
20230328154702	21.06	0.09	-58.7	21.24	19.85	1	1	1	0
20230328154703	21.05	0.07	-60.68	21.24	19.87	1	1	1	0
20230328154704	21.06	0.15	-54.55	21.25	19.85	1	1	1	0
20230328154705	21.05	0.13	-55.74	21.25	19.87	1	1	1	0
20230328154706	21.02	0.15	-54.57	21.25	19.87	1	1	1	0
20230328154707	21.05	0.11	-57.1	21.26	19.87	1	1	1	0
20230328154708	21.03	0.09	-58.72	21.27	19.88	1	1	1	0
20230328154710	21.05	0.07	-60.68	21.29	19.88	1	1	1	0
20230328154711	21.06	0.13	-55.73	21.29	19.88	1	1	1	0
20230328154712	21.06	0.09	-58.7	21.27	19.87	1	1	1	0
20230328154713	21.06	0.09	-58.7	21.29	19.88	1	1	1	0
20230328154714	21.06	0.11	-57.09	21.3	19.89	1	1	1	0
20230328154715	21.06	0.09	-58.7	21.29	19.88	1	1	1	0
20230328154716	21.09	0.09	-58.69	21.29	19.88	1	1	1	0
20230328154717	21.06	0.09	-58.7	21.29	19.89	1	1	1	0
20230328154718	21.06	0.05	-63.25	21.29	19.89	1	1	1	0
20230328154719	21.09	0.11	-57.08	21.31	19.9	1	1	1	0
20230328154720	21.07	0.07	-60.67	21.29	19.89	1	1	1	0
20230328154721	21.07	0.11	-57.09	21.31	19.9	1	1	1	0
20230328154722	21.07	0.07	-60.67	21.31	19.91	1	1	1	0
20230328154724	21.09	0.09	-58.69	21.31	19.91	1	1	1	0
20230328154725	21.09	0.13	-55.72	21.31	19.9	1	1	1	0
20230328154726	21.09	0.11	-57.08	21.31	19.9	1	1	1	0
20230328154727	21.09	0.11	-57.08	21.32	19.91	1	1	1	0
20230328154728	21.07	0.13	-55.73	21.34	19.91	1	1	1	0
20230328154729	21.07	0.13	-55.73	21.32	19.91	1	1	1	0
20230328154730	21.07	0.09	-58.7	21.34	19.93	1	1	1	0
20230328154731	21.09	0.09	-58.69	21.34	19.91	1	1	1	0
20230328154732	21.07	0.09	-58.7	21.34	19.93	1	1	1	0
20230328154733	21.1	0.11	-57.07	21.34	19.93	1	1	1	0
20230328154734	21.07	0.13	-55.73	21.34	19.91	1	1	1	0
20230328154736	21.09	0.07	-60.66	21.35	19.93	1	1	1	0
20230328154737	21.09	0.09	-58.69	21.35	19.93	1	1	1	0
20230328154738	21.07	0.13	-55.73	21.35	19.91	1	1	1	0
20230328154739	21.12	0.07	-60.65	21.35	19.91	1	1	1	0
20230328154740	21.1	0.17	-53.49	21.35	19.93	1	1	1	0
20230328154741	21.12	0.05	-63.22	21.35	19.93	1	1	1	0
20230328154742	21.1	0.11	-57.07	21.35	19.91	1	1	1	0
20230328154743	21.12	0.03	-67.0	21.36	19.93	1	1	1	0
20230328154744	21.1	0.13	-55.71	21.36	19.94	1	1	1	0
20230328154745	21.12	0.05	-63.22	21.35	19.93	1	1	1	0
20230328154746	21.12	0.07	-60.65	21.36	19.94	1	1	1	0
20230328154748	21.1	0.03	-67.01	21.36	19.94	1	1	1	0
20230328154749	21.12	0.11	-57.06	21.37	19.95	1	1	1	0
20230328154750	21.12	0.05	-63.22	21.36	19.94	1	1	1	0
20230328154751	21.13	0.07	-60.64	21.37	19.93	1	1	1	0
20230328154752	21.1	0.09	-58.68	21.36	19.94	1	1	1	0
20230328154753	21.12	0.11	-57.06	21.36	19.94	1	1	1	0
20230328154754	21.12	0.09	-58.67	21.36	19.94	1	1	1	0
20230328154755	21.13	0.05	-63.22	21.37	19.95	1	1	1	0
20230328154756	21.12	0.07	-60.65	21.37	19.94	1	1	1	0
20230328154757	21.1	0.13	-55.71	21.39	19.95	1	1	1	0
20230328154758	21.12	0.11	-57.06	21.37	19.94	1	1	1	0
20230328154800	21.12	0.09	-58.67	21.39	19.96	1	1	1	0
20230328154801	21.15	0.09	-58.66	21.37	19.94	1	1	1	0
20230328154802	21.15	0.03	-66.99	21.39	19.96	1	1	1	0
20230328154803	21.12	0.13	-55.7	21.37	19.95	1	1	1	0
20230328154804	21.15	0.09	-58.66	21.39	19.96	1	1	1	0
20230328154805	21.13	0.07	-60.64	21.39	19.95	1	1	1	0
20230328154806	21.15	0.13	-55.69	21.4	19.96	1	1	1	0
20230328154807	21.15	0.11	-57.05	21.39	19.95	1	1	1	0
20230328154808	21.13	0.11	-57.06	21.39	19.95	1	1	1	0
20230328154810	21.15	0.11	-57.05	21.39	19.95	1	1	1	0
20230328154811	21.15	0.19	-52.52	21.4	19.96	1	1	1	0
20230328154812	21.16	0.11	-57.04	21.4	19.96	1	1	1	0
20230328154813	21.15	0.07	-60.63	21.39	19.96	1	1	1	0
20230328154814	21.16	0.09	-58.65	21.4	19.97	1	1	1	0
20230328154815	21.13	0.07	-60.64	21.4	19.96	1	1	1	0
20230328154816	21.16	0.05	-63.21	21.4	19.97	1	1	1	0
20230328154817	21.15	0.03	-66.99	21.4	19.96	1	1	1	0
20230328154818	21.15	0.07	-60.63	21.4	19.96	1	1	1	0
20230328154819	21.12	0.11	-57.06	21.4	19.96	1	1	1	0
20230328154820	21.13	0.13	-55.7	21.4	19.97	1	1	1	0
20230328154822	21.13	0.07	-60.64	21.4	19.97	1	1	1	0
20230328154823	21.15	0.03	-66.99	21.41	19.97	1	1	1	0
20230328154824	21.17	0.05	-63.2	21.41	19.97	1	1	1	0
20230328154825	21.13	0.11	-57.06	21.41	19.97	1	1	1	0
20230328154826	21.15	0.05	-63.21	21.41	19.97	1	1	1	0
20230328154827	21.16	0.03	-66.98	21.41	19.97	1	1	1	0
20230328154828	21.17	0.09	-58.65	21.41	19.97	1	1	1	0
20230328154829	21.15	0.01	-74.6	21.41	19.97	1	1	1	0
20230328154830	21.16	0.07	-60.63	21.4	19.97	1	1	1	0
20230328154831	21.17	0.07	-60.62	21.41	19.97	1	1	1	0
20230328154832	21.16	0.05	-63.21	21.41	19.99	1	1	1	0
20230328154834	21.15	0.07	-60.63	21.42	19.97	1	1	1	0
20230328154835	21.16	0.09	-58.65	21.41	19.97	1	1	1	0
20230328154836	21.16	0.09	-58.65	21.41	19.97	1	1	1	0
20230328154837	21.17	0.11	-57.04	21.42	19.97	1	1	1	0
20230328154838	21.17	0.13	-55.68	21.41	19.97	1	1	1	0
20230328154839	21.19	0.07	-60.61	21.41	19.97	1	1	1	0
20230328154840	21.17	0.11	-57.04	21.42	19.99	1	1	1	0
20230328154841	21.17	0.09	-58.65	21.41	19.97	1	1	1	0
20230328154842	21.16	0.11	-57.04	21.42	19.97	1	1	1	0
20230328154843	21.17	0.11	-57.04	21.42	19.97	1	1	1	0
20230328154844	21.19	0.11	-57.03	21.44	19.99	1	1	1	0
20230328154846	21.17	0.11	-57.04	21.42	19.99	1	1	1	0
20230328154847	21.16	0.09	-58.65	21.41	19.97	1	1	1	0
20230328154848	21.17	0.07	-60.62	21.42	19.99	1	1	1	0
20230328154849	21.17	0.09	-58.65	21.44	19.97	1	1	1	0
20230328154850	21.16	0.05	-63.21	21.44	19.97	1	1	1	0
20230328154851	21.17	0.13	-55.68	21.42	19.99	1	1	1	0
20230328154852	21.17	0.09	-58.65	21.41	19.97	1	1	1	0
20230328154853	21.19	0.07	-60.61	21.42	19.97	1	1	1	0
20230328154854	21.17	0.13	-55.68	21.42	19.97	1	1	1	0
20230328154855	21.19	0.13	-55.67	21.42	19.97	1	1	1	0
20230328154856	21.17	0.07	-60.62	21.42	19.99	1	1	1	0
20230328154857	21.2	0.09	-58.63	21.42	19.97	1	1	1	0
20230328154859	21.17	0.09	-58.65	21.44	20.0	1	1	1	0
20230328154900	21.2	0.11	-57.02	21.44	19.99	1	1	1	0
20230328154901	21.17	0.13	-55.68	21.42	20.0	1	1	1	0
20230328154902	21.2	0.09	-58.63	21.42	19.99	1	1	1	0
20230328154903	21.19	0.13	-55.67	21.42	19.99	1	1	1	0
20230328154904	21.19	0.11	-57.03	21.42	19.99	1	1	1	0
20230328154905	21.17	0.11	-57.04	21.42	20.0	1	1	1	0
20230328154906	21.19	0.11	-57.03	21.42	19.99	1	1	1	0
20230328154907	21.19	0.05	-63.19	21.42	19.99	1	1	1	0
20230328154909	21.17	0.05	-63.2	21.44	20.0	1	1	1	0
20230328154910	21.22	0.09	-58.62	21.44	20.0	1	1	1	0
20230328154911	21.2	0.09	-58.63	21.44	20.0	1	1	1	0
20230328154912	21.19	0.07	-60.61	21.42	19.99	1	1	1	0
20230328154913	21.19	0.09	-58.64	21.44	19.99	1	1	1	0
20230328154914	21.22	0.09	-58.62	21.42	19.99	1	1	1	0
20230328154915	21.2	0.11	-57.02	21.42	19.99	1	1	1	0
20230328154916	21.19	0.05	-63.19	21.44	19.99	1	1	1	0
20230328154917	21.19	0.15	-54.49	21.44	19.99	1	1	1	0
20230328154918	21.17	0.07	-60.62	21.42	19.99	1	1	1	0
20230328154920	21.22	0.09	-58.62	21.44	19.99	1	1	1	0
20230328154921	21.2	0.13	-55.66	21.44	19.99	1	1	1	0
20230328154922	21.22	0.03	-66.96	21.44	20.0	1	1	1	0
20230328154923	21.2	0.11	-57.02	21.44	19.99	1	1	1	0
20230328154924	21.2	0.11	-57.02	21.44	19.99	1	1	1	0
20230328154925	21.2	0.07	-60.61	21.44	20.0	1	1	1	0
20230328154926	21.2	0.17	-53.44	21.44	19.99	1	1	1	0
20230328154927	21.2	0.03	-66.97	21.44	20.0	1	1	1	0
20230328154928	21.2	0.13	-55.66	21.44	20.0	1	1	1	0
20230328154929	21.22	0.11	-57.01	21.44	20.0	1	1	1	0
20230328154931	21.22	0.09	-58.62	21.44	19.99	1	1	1	0
20230328154932	21.22	0.11	-57.01	21.45	20.01	1	1	1	0
20230328154933	21.23	0.11	-57.01	21.44	19.99	1	1	1	0
20230328154934	21.22	0.13	-55.65	21.44	19.99	1	1	1	0
20230328154935	21.2	0.09	-58.63	21.45	20.01	1	1	1	0
20230328154936	21.22	0.11	-57.01	21.44	20.0	1	1	1	0
20230328154937	21.2	0.11	-57.02	21.44	20.0	1	1	1	0
20230328154938	21.22	0.07	-60.6	21.44	19.99	1	1	1	0
20230328154939	21.2	0.11	-57.02	21.45	19.99	1	1	1	0
20230328154940	21.2	0.07	-60.61	21.45	20.0	1	1	1	0
20230328154941	21.2	0.05	-63.19	21.45	19.99	1	1	1	0
20230328154942	21.22	0.11	-57.01	21.45	20.0	1	1	1	0
20230328154944	21.2	0.09	-58.63	21.45	20.01	1	1	1	0
20230328154945	21.23	0.09	-58.62	21.45	20.01	1	1	1	0
20230328154946	21.22	0.07	-60.6	21.44	19.99	1	1	1	0
20230328154947	21.22	0.15	-54.47	21.44	20.0	1	1	1	0
20230328154948	21.2	0.17	-53.44	21.44	20.0	1	1	1	0
20230328154949	21.23	0.09	-58.62	21.44	20.0	1	1	1	0
20230328154950	21.2	0.07	-60.61	21.45	20.0	1	1	1	0
20230328154951	21.2	0.11	-57.02	21.44	20.0	1	1	1	0
20230328154952	21.25	0.07	-60.58	21.44	20.0	1	1	1	0
20230328154953	21.22	0.11	-57.01	21.45	20.01	1	1	1	0
20230328154955	21.25	0.09	-58.61	21.44	19.99	1	1	1	0
20230328154956	21.22	0.09	-58.62	21.45	20.0	1	1	1	0
20230328154957	21.22	0.07	-60.6	21.45	20.0	1	1	1	0
20230328154958	21.2	0.05	-63.19	21.44	20.0	1	1	1	0
20230328154959	21.23	0.11	-57.01	21.44	20.0	1	1	1	0
20230328155000	21.23	0.05	-63.17	21.44	20.01	1	1	1	0
20230328155001	21.22	0.09	-58.62	21.45	20.0	1	1	1	0
20230328155002	21.22	0.09	-58.62	21.44	20.0	1	1	1	0
20230328155003	21.19	0.13	-55.67	21.44	20.0	1	1	1	0
20230328155004	21.22	0.09	-58.62	21.44	20.0	1	1	1	0
20230328155006	21.22	0.11	-57.01	21.44	19.99	1	1	1	0
20230328155007	21.23	0.09	-58.62	21.44	19.99	1	1	1	0
20230328155008	21.25	0.05	-63.16	21.45	20.01	1	1	1	0
20230328155009	21.25	0.05	-63.16	21.44	20.0	1	1	1	0
20230328155010	21.22	0.13	-55.65	21.44	19.99	1	1	1	0
20230328155011	21.23	0.11	-57.01	21.44	19.99	1	1	1	0
20230328155012	21.23	0.13	-55.65	21.45	20.0	1	1	1	0
20230328155013	21.25	0.07	-60.58	21.44	20.0	1	1	1	0
20230328155014	21.22	0.07	-60.6	21.44	20.0	1	1	1	0
20230328155015	21.26	0.13	-55.63	21.44	19.99	1	1	1	0
20230328155016	21.23	0.11	-57.01	21.44	19.99	1	1	1	0
20230328155017	21.25	0.05	-63.16	21.44	20.0	1	1	1	0
20230328155019	21.23	0.09	-58.62	21.45	20.0	1	1	1	0
20230328155020	21.23	0.07	-60.59	21.45	20.01	1	1	1	0
20230328155021	21.23	0.05	-63.17	21.44	19.99	1	1	1	0
20230328155022	21.2	0.13	-55.66	21.44	20.01	1	1	1	0
20230328155023	21.23	0.09	-58.62	21.44	20.0	1	1	1	0
20230328155024	21.23	0.05	-63.17	21.44	20.0	1	1	1	0
20230328155025	21.26	0.07	-60.58	21.44	20.0	1	1	1	0
20230328155026	21.25	0.11	-57.0	21.44	20.0	1	1	1	0
20230328155028	21.23	0.09	-58.62	21.44	20.0	1	1	1	0
20230328155029	21.23	0.13	-55.65	21.45	20.01	1	1	1	0
20230328155030	21.26	0.09	-58.6	21.44	20.0	1	1	1	0
20230328155031	21.23	0.13	-55.65	21.44	19.99	1	1	1	0
20230328155032	21.23	0.13	-55.65	21.44	19.99	1	1	1	0
20230328155033	21.23	0.05	-63.17	21.45	20.0	1	1	1	0
20230328155034	21.26	0.13	-55.63	21.44	20.0	1	1	1	0
20230328155035	21.25	0.11	-57.0	21.44	19.99	1	1	1	0
20230328155036	21.26	0.05	-63.16	21.45	20.01	1	1	1	0
20230328155037	21.25	0.13	-55.64	21.44	19.99	1	1	1	0
20230328155039	21.23	0.01	-74.57	21.44	20.0	1	1	1	0
20230328155040	21.23	0.11	-57.01	21.44	20.01	1	1	1	0
20230328155041	21.26	0.07	-60.58	21.44	19.99	1	1	1	0
20230328155042	21.25	0.09	-58.61	21.45	20.0	1	1	1	0
20230328155043	21.25	0.13	-55.64	21.44	19.99	1	1	1	0
20230328155044	21.26	0.05	-63.16	21.44	20.0	1	1	1	0
20230328155045	21.26	0.03	-66.94	21.44	19.99	1	1	1	0
20230328155047	21.25	0.07	-60.58	21.44	20.0	1	1	1	0
20230328155048	21.23	0.07	-60.59	21.44	20.0	1	1	1	0
20230328155049	21.23	0.05	-63.17	21.45	20.0	1	1	1	0
20230328155050	21.22	0.11	-57.01	21.44	20.0	1	1	1	0
20230328155051	21.26	0.05	-63.16	21.44	20.0	1	1	1	0
20230328155052	21.26	0.13	-55.63	21.42	20.0	1	1	1	0
20230328155053	21.25	0.13	-55.64	21.42	19.99	1	1	1	0
20230328155054	21.25	0.05	-63.16	21.44	19.99	1	1	1	0
20230328155056	21.25	0.13	-55.64	21.42	20.0	1	1	1	0
20230328155057	21.25	0.09	-58.61	21.42	20.0	1	1	1	0
20230328155058	21.25	0.13	-55.64	21.45	20.0	1	1	1	0
20230328155059	21.26	0.13	-55.63	21.45	19.99	1	1	1	0
20230328155100	21.27	0.1	-57.76	21.45	20.01	1	1	1	0
20230328155101	21.25	0.11	-57.0	21.44	19.99	1	1	1	0
20230328155102	21.26	0.15	-54.45	21.42	20.01	1	1	1	0
20230328155103	21.26	0.09	-58.6	21.45	20.0	1	1	1	0
20230328155104	21.27	0.05	-63.16	21.44	20.01	1	1	1	0
20230328155105	21.25	0.11	-57.0	21.42	19.99	1	1	1	0
20230328155107	21.26	0.09	-58.6	21.42	20.0	1	1	1	0
20230328155108	21.25	0.11	-57.0	21.44	20.01	1	1	1	0
20230328155109	21.26	0.07	-60.58	21.44	20.0	1	1	1	0
20230328155110	21.23	0.09	-58.62	21.44	20.0	1	1	1	0
20230328155111	21.26	0.07	-60.58	21.45	20.0	1	1	1	0
20230328155112	21.25	0.09	-58.61	21.42	20.0	1	1	1	0
20230328155113	21.25	0.11	-57.0	21.42	19.99	1	1	1	0
20230328155114	21.25	0.07	-60.58	21.42	19.99	1	1	1	0
20230328155115	21.26	0.11	-56.99	21.42	19.99	1	1	1	0
20230328155117	21.27	0.1	-57.76	21.42	19.99	1	1	1	0
20230328155118	21.25	0.11	-57.0	21.42	19.99	1	1	1	0
20230328155119	21.26	0.15	-54.45	21.42	20.0	1	1	1	0
20230328155120	21.25	0.09	-58.61	21.44	20.0	1	1	1	0
20230328155121	21.23	0.11	-57.01	21.44	20.0	1	1	1	0
20230328155122	21.25	0.09	-58.61	21.44	19.99	1	1	1	0
20230328155123	21.26	0.07	-60.58	21.42	19.99	1	1	1	0
20230328155124	21.23	0.09	-58.62	21.44	20.0	1	1	1	0
20230328155125	21.27	0.05	-63.16	21.42	19.99	1	1	1	0
20230328155126	21.27	0.05	-63.16	21.42	19.99	1	1	1	0
20230328155128	21.27	0.11	-56.99	21.44	20.0	1	1	1	0
20230328155129	21.26	0.15	-54.45	21.44	20.0	1	1	1	0
20230328155130	21.25	0.03	-66.94	21.42	19.99	1	1	1	0
20230328155131	21.26	0.09	-58.6	21.42	19.99	1	1	1	0
20230328155132	21.27	0.11	-56.99	21.42	19.99	1	1	1	0
20230328155133	21.26	0.17	-53.41	21.44	19.99	1	1	1	0
20230328155134	21.26	0.09	-58.6	21.42	19.99	1	1	1	0
20230328155135	21.27	0.1	-57.76	21.42	19.99	1	1	1	0
20230328155136	21.25	0.09	-58.61	21.42	20.0	1	1	1	0
20230328155137	21.26	0.11	-56.99	21.42	19.99	1	1	1	0
20230328155138	21.25	0.07	-60.58	21.42	19.99	1	1	1	0
20230328155140	21.23	0.05	-63.17	21.44	20.0	1	1	1	0
20230328155141	21.26	0.11	-56.99	21.42	20.0	1	1	1	0
20230328155142	21.26	0.11	-56.99	21.42	20.0	1	1	1	0
20230328155143	21.26	0.15	-54.45	21.42	19.99	1	1	1	0
20230328155144	21.25	0.17	-53.41	21.42	19.99	1	1	1	0
20230328155145	21.26	0.11	-56.99	21.42	19.99	1	1	1	0
20230328155146	21.27	0.11	-56.99	21.42	19.99	1	1	1	0
20230328155147	21.27	0.13	-55.63	21.42	20.0	1	1	1	0
20230328155148	21.26	0.07	-60.58	21.42	20.0	1	1	1	0
20230328155150	21.29	0.11	-56.98	21.42	19.99	1	1	1	0
20230328155151	21.27	0.07	-60.57	21.42	19.99	1	1	1	0
20230328155152	21.25	0.09	-58.61	21.42	19.99	1	1	1	0
20230328155153	21.26	0.15	-54.45	21.42	19.99	1	1	1	0
20230328155154	21.26	0.11	-56.99	21.42	19.99	1	1	1	0
20230328155155	21.29	0.05	-63.15	21.42	19.99	1	1	1	0
20230328155156	21.25	0.05	-63.16	21.42	19.99	1	1	1	0
20230328155157	21.26	0.11	-56.99	21.42	20.0	1	1	1	0
20230328155158	21.26	0.07	-60.58	21.42	19.99	1	1	1	0
20230328155159	21.27	0.07	-60.57	21.42	20.0	1	1	1	0
20230328155201	21.25	0.11	-57.0	21.42	19.99	1	1	1	0
20230328155202	21.27	0.1	-57.76	21.41	19.99	1	1	1	0
20230328155203	21.27	0.07	-60.57	21.42	19.99	1	1	1	0
20230328155204	21.26	0.09	-58.6	21.41	19.99	1	1	1	0
20230328155205	21.26	0.11	-56.99	21.41	19.97	1	1	1	0
20230328155206	21.26	0.17	-53.41	21.42	19.99	1	1	1	0
20230328155207	21.29	0.1	-57.75	21.41	19.99	1	1	1	0
20230328155208	21.27	0.07	-60.57	21.42	20.0	1	1	1	0
20230328155209	21.27	0.11	-56.99	21.41	19.99	1	1	1	0
20230328155210	21.26	0.17	-53.41	21.42	19.99	1	1	1	0
20230328155212	21.27	0.13	-55.63	21.42	19.99	1	1	1	0
20230328155213	21.27	0.05	-63.16	21.42	20.0	1	1	1	0
20230328155214	21.26	0.01	-74.56	21.41	19.99	1	1	1	0
20230328155215	21.26	0.07	-60.58	21.41	19.97	1	1	1	0
20230328155216	21.29	0.1	-57.75	21.41	19.99	1	1	1	0
20230328155217	21.27	0.11	-56.99	21.41	19.97	1	1	1	0
20230328155218	21.29	0.11	-56.98	21.42	19.97	1	1	1	0
20230328155219	21.26	0.09	-58.6	21.42	19.99	1	1	1	0
20230328155220	21.26	0.0	-88.56	21.42	19.99	1	1	1	0
20230328155222	21.26	0.13	-55.63	21.42	19.97	1	1	1	0
20230328155223	21.27	0.11	-56.99	21.42	19.99	1	1	1	0
20230328155224	21.29	0.11	-56.98	21.42	19.99	1	1	1	0
20230328155225	21.27	0.11	-56.99	21.42	20.0	1	1	1	0
20230328155226	21.27	0.13	-55.63	21.41	19.97	1	1	1	0
20230328155227	21.27	0.01	-74.55	21.41	19.97	1	1	1	0
20230328155228	21.29	0.11	-56.98	21.41	19.97	1	1	1	0
20230328155229	21.27	0.11	-56.99	21.41	19.99	1	1	1	0
20230328155230	21.26	0.11	-56.99	21.41	19.97	1	1	1	0
20230328155231	21.25	0.09	-58.61	21.41	19.99	1	1	1	0
20230328155233	21.26	0.11	-56.99	21.41	19.97	1	1	1	0
20230328155234	21.27	0.1	-57.76	21.41	19.97	1	1	1	0
20230328155235	21.26	0.09	-58.6	21.41	19.97	1	1	1	0
20230328155236	21.26	0.09	-58.6	21.41	19.97	1	1	1	0
20230328155237	21.26	0.11	-56.99	21.42	19.97	1	1	1	0
20230328155238	21.26	0.15	-54.45	21.42	19.99	1	1	1	0
20230328155239	21.27	0.11	-56.99	21.41	19.97	1	1	1	0
20230328155240	21.27	0.1	-57.76	21.42	19.99	1	1	1	0
20230328155241	21.27	0.1	-57.76	21.41	19.99	1	1	1	0
20230328155242	21.27	0.1	-57.76	21.4	19.97	1	1	1	0
20230328155244	21.27	0.1	-57.76	21.4	19.97	1	1	1	0
20230328155245	21.26	0.13	-55.63	21.41	19.97	1	1	1	0
20230328155246	21.27	0.05	-63.16	21.41	19.99	1	1	1	0
20230328155247	21.27	0.07	-60.57	21.4	19.99	1	1	1	0
20230328155248	21.25	0.11	-57.0	21.41	19.97	1	1	1	0
20230328155249	21.29	0.1	-57.75	21.4	19.97	1	1	1	0
20230328155250	21.27	0.11	-56.99	21.41	19.97	1	1	1	0
20230328155251	21.27	0.05	-63.16	21.4	19.97	1	1	1	0
20230328155252	21.27	0.1	-57.76	21.4	19.97	1	1	1	0
20230328155253	21.29	0.13	-55.62	21.4	19.97	1	1	1	0
20230328155254	21.27	0.11	-56.99	21.4	19.97	1	1	1	0
20230328155255	21.27	0.11	-56.99	21.4	19.97	1	1	1	0
20230328155257	21.27	0.11	-56.99	21.42	19.99	1	1	1	0
20230328155258	21.26	0.07	-60.58	21.41	19.99	1	1	1	0
20230328155259	21.27	0.16	-53.91	21.4	19.97	1	1	1	0
20230328155300	21.27	0.05	-63.16	21.41	19.99	1	1	1	0
20230328155301	21.27	0.11	-56.99	21.4	19.97	1	1	1	0
20230328155302	21.27	0.11	-56.99	21.4	19.97	1	1	1	0
20230328155303	21.26	0.09	-58.6	21.4	19.97	1	1	1	0
20230328155304	21.29	0.1	-57.75	21.4	19.97	1	1	1	0
20230328155305	21.27	0.11	-56.99	21.41	19.99	1	1	1	0
20230328155306	21.27	0.04	-64.83	21.4	19.99	1	1	1	0
20230328155307	21.25	0.13	-55.64	21.4	19.97	1	1	1	0
20230328155309	21.27	0.1	-57.76	21.4	19.97	1	1	1	0
20230328155310	21.29	0.11	-56.98	21.41	19.97	1	1	1	0
20230328155311	21.27	0.11	-56.99	21.4	19.97	1	1	1	0
20230328155312	21.29	0.13	-55.62	21.4	19.97	1	1	1	0
20230328155313	21.29	0.1	-57.75	21.4	19.99	1	1	1	0
20230328155314	21.31	0.1	-57.74	21.4	19.97	1	1	1	0
20230328155315	21.27	0.13	-55.63	21.4	19.97	1	1	1	0
20230328155316	21.26	0.17	-53.41	21.4	19.97	1	1	1	0
20230328155317	21.29	0.16	-53.9	21.4	19.97	1	1	1	0
20230328155319	21.27	0.11	-56.99	21.4	19.97	1	1	1	0
20230328155320	21.27	0.1	-57.76	21.4	19.97	1	1	1	0
20230328155321	21.29	0.1	-57.75	21.4	19.97	1	1	1	0
20230328155322	21.27	0.16	-53.91	21.4	19.97	1	1	1	0
20230328155323	21.29	0.13	-55.62	21.4	19.97	1	1	1	0
20230328155324	21.27	0.11	-56.99	21.4	19.97	1	1	1	0
20230328155325	21.27	0.11	-56.99	21.41	19.97	1	1	1	0
20230328155326	21.29	0.1	-57.75	21.41	19.99	1	1	1	0
20230328155327	21.27	0.1	-57.76	21.4	19.97	1	1	1	0
20230328155329	21.29	0.1	-57.75	21.4	19.97	1	1	1	0
20230328155330	21.27	0.1	-57.76	21.4	19.97	1	1	1	0
20230328155331	21.27	0.1	-57.76	21.4	19.97	1	1	1	0
20230328155332	21.29	0.07	-60.57	21.4	19.97	1	1	1	0
20230328155333	21.26	0.19	-52.47	21.4	19.97	1	1	1	0
20230328155334	21.25	0.11	-57.0	21.4	19.97	1	1	1	0
20230328155335	21.27	0.07	-60.57	21.4	19.97	1	1	1	0
20230328155336	21.27	0.07	-60.57	21.4	19.97	1	1	1	0
20230328155338	21.29	0.07	-60.57	21.4	19.97	1	1	1	0
20230328155339	21.27	0.1	-57.76	21.4	19.97	1	1	1	0
20230328155340	21.27	0.13	-55.63	21.4	19.97	1	1	1	0
20230328155341	21.26	0.09	-58.6	21.4	19.97	1	1	1	0
20230328155342	21.27	0.1	-57.76	21.4	19.97	1	1	1	0
20230328155343	21.29	0.11	-56.98	21.4	19.97	1	1	1	0
20230328155344	21.29	0.07	-60.57	21.4	19.97	1	1	1	0
20230328155345	21.27	0.17	-53.4	21.4	19.97	1	1	1	0
20230328155346	21.27	0.1	-57.76	21.4	19.97	1	1	1	0
20230328155348	21.27	0.1	-57.76	21.4	19.97	1	1	1	0
20230328155349	21.26	0.09	-58.6	21.4	19.97	1	1	1	0
20230328155350	21.26	0.07	-60.58	21.4	19.97	1	1	1	0
20230328155351	21.27	0.05	-63.16	21.4	19.97	1	1	1	0
20230328155352	21.29	0.1	-57.75	21.4	19.97	1	1	1	0
20230328155353	21.29	0.05	-63.15	21.4	19.97	1	1	1	0
20230328155354	21.27	0.11	-56.99	21.4	19.97	1	1	1	0
20230328155355	21.29	0.1	-57.75	21.4	19.97	1	1	1	0
20230328155356	21.29	0.07	-60.57	21.4	19.97	1	1	1	0
20230328155358	21.3	0.13	-55.61	21.4	19.97	1	1	1	0
20230328155359	21.29	0.07	-60.57	21.4	19.97	1	1	1	0
20230328155400	21.29	0.07	-60.57	21.4	19.97	1	1	1	0
20230328155401	21.27	0.07	-60.57	21.4	19.97	1	1	1	0
20230328155402	21.26	0.05	-63.16	21.4	19.97	1	1	1	0
20230328155403	21.27	0.04	-64.83	21.4	19.97	1	1	1	0
20230328155404	21.27	0.1	-57.76	21.39	19.96	1	1	1	0
20230328155405	21.27	0.05	-63.16	21.4	19.96	1	1	1	0
20230328155406	21.27	0.13	-55.63	21.4	19.97	1	1	1	0
20230328155408	21.27	0.11	-56.99	21.39	19.97	1	1	1	0
20230328155409	21.31	0.13	-55.61	21.39	19.96	1	1	1	0
20230328155410	21.29	0.11	-56.98	21.4	19.97	1	1	1	0
20230328155411	21.27	0.11	-56.99	21.39	19.97	1	1	1	0
20230328155412	21.26	0.09	-58.6	21.39	19.96	1	1	1	0
20230328155413	21.3	0.1	-57.74	21.39	19.96	1	1	1	0
20230328155414	21.27	0.07	-60.57	21.39	19.97	1	1	1	0
20230328155415	21.26	0.05	-63.16	21.4	19.97	1	1	1	0
20230328155416	21.27	0.13	-55.63	21.39	19.96	1	1	1	0
20230328155418	21.27	0.1	-57.76	21.4	19.96	1	1	1	0
20230328155419	21.29	0.1	-57.75	21.39	19.97	1	1	1	0
20230328155420	21.27	0.07	-60.57	21.39	19.97	1	1	1	0
20230328155421	21.27	0.11	-56.99	21.4	19.97	1	1	1	0
20230328155422	21.26	0.09	-58.6	21.39	19.96	1	1	1	0
20230328155423	21.25	0.07	-60.58	21.39	19.96	1	1	1	0
20230328155424	21.27	0.1	-57.76	21.39	19.96	1	1	1	0
20230328155425	21.27	0.07	-60.57	21.39	19.96	1	1	1	0
20230328155426	21.27	0.1	-57.76	21.39	19.96	1	1	1	0
20230328155428	21.27	0.04	-64.83	21.39	19.97	1	1	1	0
20230328155429	21.26	0.09	-58.6	21.4	19.97	1	1	1	0
20230328155430	21.29	0.11	-56.98	21.39	19.96	1	1	1	0
20230328155431	21.29	0.16	-53.9	21.39	19.97	1	1	1	0
20230328155432	21.27	0.07	-60.57	21.37	19.96	1	1	1	0
20230328155433	21.29	0.13	-55.62	21.39	19.96	1	1	1	0
20230328155434	21.27	0.1	-57.76	21.39	19.96	1	1	1	0
20230328155435	21.27	0.16	-53.91	21.39	19.97	1	1	1	0
20230328155436	21.27	0.11	-56.99	21.4	19.97	1	1	1	0
20230328155437	21.27	0.04	-64.83	21.39	19.96	1	1	1	0
20230328155438	21.27	0.1	-57.76	21.39	19.96	1	1	1	0
20230328155440	21.3	0.05	-63.14	21.39	19.96	1	1	1	0
20230328155441	21.27	0.13	-55.63	21.39	19.96	1	1	1	0
20230328155442	21.27	0.1	-57.76	21.39	19.96	1	1	1	0
20230328155443	21.29	0.1	-57.75	21.39	19.96	1	1	1	0
20230328155444	21.26	0.07	-60.58	21.39	19.96	1	1	1	0
20230328155445	21.26	0.19	-52.47	21.4	19.96	1	1	1	0
20230328155446	21.27	0.11	-56.99	21.39	19.96	1	1	1	0
20230328155447	21.27	0.13	-55.63	21.37	19.96	1	1	1	0
20230328155448	21.27	0.11	-56.99	21.39	19.96	1	1	1	0
20230328155449	21.27	0.05	-63.16	21.39	19.96	1	1	1	0
20230328155450	21.27	0.13	-55.63	21.37	19.96	1	1	1	0
20230328155452	21.27	0.1	-57.76	21.4	19.97	1	1	1	0
20230328155453	21.29	0.11	-56.98	21.4	19.96	1	1	1	0
20230328155454	21.26	0.11	-56.99	21.37	19.96	1	1	1	0
20230328155455	21.27	0.11	-56.99	21.39	19.96	1	1	1	0
20230328155456	21.29	0.1	-57.75	21.39	19.96	1	1	1	0
20230328155457	21.27	0.11	-56.99	21.37	19.96	1	1	1	0
20230328155458	21.26	0.07	-60.58	21.39	19.97	1	1	1	0
20230328155459	21.26	0.09	-58.6	21.37	19.96	1	1	1	0
20230328155500	21.27	0.13	-55.63	21.37	19.96	1	1	1	0
20230328155501	21.26	0.13	-55.63	21.37	19.96	1	1	1	0
20230328155503	21.27	0.1	-57.76	21.37	19.96	1	1	1	0
20230328155504	21.29	0.05	-63.15	21.39	19.96	1	1	1	0
20230328155505	21.29	0.07	-60.57	21.37	19.96	1	1	1	0
20230328155506	21.26	0.11	-56.99	21.37	19.96	1	1	1	0
20230328155507	21.26	0.07	-60.58	21.39	19.97	1	1	1	0
20230328155508	21.26	0.07	-60.58	21.37	19.96	1	1	1	0
20230328155509	21.27	0.13	-55.63	21.37	19.96	1	1	1	0
20230328155510	21.27	0.05	-63.16	21.39	19.96	1	1	1	0
20230328155511	21.26	0.05	-63.16	21.37	19.96	1	1	1	0
20230328155512	21.27	0.1	-57.76	21.37	19.96	1	1	1	0
20230328155514	21.23	0.07	-60.59	21.39	19.97	1	1	1	0
20230328155515	21.27	0.07	-60.57	21.37	19.96	1	1	1	0
20230328155516	21.29	0.01	-74.54	21.37	19.96	1	1	1	0
20230328155517	21.27	0.1	-57.76	21.37	19.95	1	1	1	0
20230328155518	21.27	0.05	-63.16	21.37	19.95	1	1	1	0
20230328155519	21.26	0.01	-74.56	21.37	19.95	1	1	1	0
20230328155520	21.27	0.1	-57.76	21.37	19.96	1	1	1	0
20230328155521	21.29	0.11	-56.98	21.37	19.96	1	1	1	0
20230328155522	21.27	0.05	-63.16	21.37	19.95	1	1	1	0
20230328155524	21.29	0.11	-56.98	21.37	19.95	1	1	1	0
20230328155525	21.29	0.11	-56.98	21.37	19.95	1	1	1	0
20230328155526	21.26	0.15	-54.45	21.37	19.95	1	1	1	0
20230328155527	21.27	0.13	-55.63	21.39	19.96	1	1	1	0
20230328155528	21.29	0.07	-60.57	21.37	19.95	1	1	1	0
20230328155529	21.26	0.19	-52.47	21.39	19.96	1	1	1	0
20230328155530	21.26	0.05	-63.16	21.37	19.95	1	1	1	0
20230328155531	21.26	0.11	-56.99	21.37	19.95	1	1	1	0
20230328155533	21.29	0.11	-56.98	21.37	19.95	1	1	1	0
20230328155534	21.27	0.13	-55.63	21.37	19.95	1	1	1	0
20230328155535	21.27	0.11	-56.99	21.37	19.95	1	1	1	0
20230328155536	21.26	0.11	-56.99	21.37	19.95	1	1	1	0
20230328155537	21.27	0.1	-57.76	21.36	19.95	1	1	1	0
20230328155538	21.27	0.05	-63.16	21.37	19.95	1	1	1	0
20230328155539	21.26	0.09	-58.6	21.36	19.95	1	1	1	0
20230328155540	21.25	0.15	-54.46	21.37	19.95	1	1	1	0
20230328155542	21.29	0.1	-57.75	21.37	19.95	1	1	1	0
20230328155543	21.26	0.17	-53.41	21.36	19.95	1	1	1	0
20230328155544	21.27	0.05	-63.16	21.39	19.96	1	1	1	0
20230328155545	21.27	0.16	-53.91	21.37	19.96	1	1	1	0
20230328155546	21.27	0.05	-63.16	21.39	19.96	1	1	1	0
20230328155547	21.27	0.05	-63.16	21.36	19.95	1	1	1	0
20230328155548	21.3	0.1	-57.74	21.36	19.95	1	1	1	0
20230328155549	21.27	0.11	-56.99	21.37	19.95	1	1	1	0
20230328155550	21.27	0.1	-57.76	21.37	19.95	1	1	1	0
20230328155551	21.27	0.1	-57.76	21.37	19.95	1	1	1	0
20230328155552	21.29	0.16	-53.9	21.36	19.95	1	1	1	0
20230328155553	21.27	0.16	-53.91	21.36	19.95	1	1	1	0
20230328155555	21.29	0.1	-57.75	21.36	19.95	1	1	1	0
20230328155556	21.27	0.05	-63.16	21.37	19.96	1	1	1	0
20230328155557	21.27	0.1	-57.76	21.36	19.95	1	1	1	0
20230328155558	21.27	0.04	-64.83	21.37	19.95	1	1	1	0
20230328155559	21.27	0.1	-57.76	21.37	19.96	1	1	1	0
20230328155600	21.26	0.09	-58.6	21.36	19.95	1	1	1	0
20230328155601	21.27	0.16	-53.91	21.36	19.95	1	1	1	0
20230328155602	21.26	0.09	-58.6	21.36	19.95	1	1	1	0
20230328155603	21.29	0.05	-63.15	21.36	19.95	1	1	1	0
20230328155604	21.29	0.04	-64.82	21.36	19.96	1	1	1	0
20230328155605	21.29	0.11	-56.98	21.36	19.95	1	1	1	0
20230328155606	21.29	0.01	-74.54	21.36	19.95	1	1	1	0
20230328155607	21.26	0.07	-60.58	21.36	19.95	1	1	1	0
20230328155609	21.26	0.13	-55.63	21.37	19.94	1	1	1	0
20230328155610	21.26	0.11	-56.99	21.36	19.96	1	1	1	0
