EventTime	aTemp	RH	DP	cTemp	mTemp	sLid	sVacuu	sPressure	IsOkay
20230329160637	17.94	0.0	-89.7	18.9	18.05	1	1	1	1
20230329160638	17.96	0.0	-89.69	18.91	18.05	1	1	1	1
20230329160639	17.98	0.0	-89.69	18.91	18.05	1	1	1	1
20230329160640	17.98	0.0	-89.69	18.92	18.06	1	1	1	1
20230329160641	17.97	0.0	-89.69	18.92	18.06	1	1	1	1
20230329160643	17.98	0.0	-89.69	18.92	18.06	1	1	1	1
20230329160644	17.98	0.0	-89.69	18.93	18.06	1	1	1	1
20230329160645	18.01	0.0	-89.68	18.93	18.06	1	1	1	1
20230329160646	18.03	0.0	-89.67	18.93	18.08	1	1	1	1
20230329160647	18.01	0.0	-89.68	18.93	18.09	1	1	1	1
20230329160648	18.0	0.0	-89.68	18.93	18.08	1	1	1	1
20230329160649	18.03	0.0	-89.67	18.93	18.08	1	1	1	1
20230329160650	18.04	0.0	-89.67	18.93	18.09	1	1	1	1
20230329160651	18.04	0.0	-89.67	18.94	18.09	1	1	1	1
20230329160652	18.04	0.0	-89.67	18.94	18.09	1	1	1	1
20230329160653	18.04	0.0	-89.67	18.94	18.09	1	1	1	1
20230329160654	18.03	0.0	-89.67	18.94	18.09	1	1	1	1
20230329160655	18.03	0.0	-89.67	18.97	18.1	1	1	1	1
20230329160656	18.04	0.0	-89.67	18.97	18.11	1	1	1	1
20230329160657	18.08	0.0	-89.65	18.95	18.1	1	1	1	1
20230329160658	18.07	0.0	-89.66	18.97	18.11	1	1	1	1
20230329160659	18.04	0.0	-89.67	18.98	18.1	1	1	1	1
20230329160700	18.07	0.0	-89.66	18.97	18.1	1	1	1	1
20230329160701	18.05	0.0	-89.66	18.98	18.1	1	1	1	1
20230329160702	18.07	0.0	-89.66	18.98	18.11	1	1	1	1
20230329160704	18.08	0.0	-89.65	18.98	18.11	1	1	1	1
20230329160705	18.08	0.0	-89.65	18.98	18.11	1	1	1	1
20230329160706	18.09	0.02	-71.2	18.98	18.12	1	1	1	1
20230329160707	18.07	0.0	-89.66	18.98	18.12	1	1	1	1
20230329160708	18.08	0.0	-89.65	18.99	18.11	1	1	1	1
20230329160709	18.08	0.0	-89.65	19.0	18.12	1	1	1	1
20230329160710	18.09	0.0	-89.65	18.99	18.12	1	1	1	1
20230329160711	18.08	0.0	-89.65	19.0	18.13	1	1	1	1
20230329160712	18.11	0.0	-89.64	19.01	18.13	1	1	1	1
20230329160713	18.11	0.02	-71.19	19.01	18.13	1	1	1	1
20230329160714	18.11	0.0	-89.64	19.01	18.13	1	1	1	1
20230329160715	18.09	0.0	-89.65	19.02	18.15	1	1	1	1
20230329160716	18.12	0.0	-89.64	19.04	18.16	1	1	1	1
20230329160717	18.14	0.0	-89.63	19.04	18.16	1	1	1	1
20230329160718	18.11	0.0	-89.64	19.02	18.15	1	1	1	1
20230329160719	18.12	0.0	-89.64	19.04	18.15	1	1	1	1
20230329160720	18.14	0.0	-89.63	19.04	18.15	1	1	1	1
20230329160721	18.14	0.0	-89.63	19.04	18.15	1	1	1	1
20230329160722	18.11	0.0	-89.64	19.05	18.16	1	1	1	1
20230329160723	18.14	0.0	-89.63	19.06	18.16	1	1	1	1
20230329160725	18.15	0.0	-89.63	19.06	18.17	1	1	1	1
20230329160726	18.14	0.0	-89.63	19.07	18.17	1	1	1	1
20230329160727	18.15	0.0	-89.63	19.07	18.18	1	1	1	1
20230329160728	18.12	0.0	-89.64	19.07	18.17	1	1	1	1
20230329160729	18.11	0.0	-89.64	19.07	18.18	1	1	1	1
20230329160730	18.15	0.0	-89.63	19.07	18.18	1	1	1	1
20230329160731	18.15	0.0	-89.63	19.08	18.19	1	1	1	1
20230329160732	18.15	0.0	-89.63	19.08	18.19	1	1	1	1
20230329160733	18.15	0.0	-89.63	19.1	18.19	1	1	1	1
20230329160734	18.14	0.0	-89.63	19.1	18.2	1	1	1	1
20230329160735	18.15	0.0	-89.63	19.1	18.19	1	1	1	1
20230329160736	18.14	0.0	-89.63	19.1	18.19	1	1	1	1
20230329160737	18.14	0.0	-89.63	19.06	18.2	1	1	1	1
20230329160738	18.14	0.0	-89.63	19.0	18.2	1	1	1	1
20230329160739	18.14	0.0	-89.63	18.93	18.16	1	1	1	1
20230329160740	18.15	0.0	-89.63	18.85	18.12	1	1	1	1
20230329160741	18.15	0.0	-89.63	18.78	18.09	1	1	1	1
20230329160742	18.17	0.0	-89.62	18.68	18.05	1	1	1	1
20230329160743	18.15	0.0	-89.63	18.63	18.02	1	1	1	1
20230329160745	18.17	0.0	-89.62	18.54	17.97	1	1	1	1
20230329160746	18.12	0.0	-89.64	18.46	17.91	1	1	1	1
20230329160747	18.15	0.0	-89.63	18.39	17.87	1	1	1	1
20230329160748	18.14	0.0	-89.63	18.3	17.81	1	1	1	1
20230329160749	18.14	0.0	-89.63	18.23	17.77	1	1	1	1
20230329160750	18.14	0.0	-89.63	18.16	17.72	1	1	1	1
20230329160751	18.14	0.0	-89.63	18.09	17.68	1	1	1	1
20230329160752	18.14	0.0	-89.63	18.01	17.62	1	1	1	1
20230329160753	18.14	0.0	-89.63	17.93	17.58	1	1	1	1
20230329160754	18.12	0.0	-89.64	17.86	17.52	1	1	1	1
20230329160755	18.11	0.0	-89.64	17.8	17.47	1	1	1	1
20230329160756	18.12	0.0	-89.64	17.72	17.44	1	1	1	1
20230329160757	18.11	0.0	-89.64	17.67	17.39	1	1	1	1
20230329160758	18.12	0.0	-89.64	17.57	17.33	1	1	1	1
20230329160759	18.11	0.0	-89.64	17.51	17.29	1	1	1	1
20230329160800	18.11	0.0	-89.64	17.44	17.24	1	1	1	1
20230329160801	18.09	0.0	-89.65	17.37	17.2	1	1	1	1
20230329160802	18.07	0.0	-89.66	17.31	17.14	1	1	1	1
20230329160804	18.08	0.0	-89.65	17.24	17.09	1	1	1	1
20230329160805	18.07	0.0	-89.66	17.18	17.07	1	1	1	1
20230329160806	18.08	0.04	-66.28	17.1	17.01	1	1	1	1
20230329160807	18.05	0.0	-89.66	17.03	16.96	1	1	1	1
20230329160808	18.05	0.0	-89.66	16.98	16.92	1	1	1	1
20230329160809	18.05	0.0	-89.66	16.92	16.88	1	1	1	1
