EventTime	aTemp	RH	DP	cTemp	mTemp	sLid	sVacuu	sPressure	IsOkay
20230331121509	22.21	0.26	-49.26	23.76	21.56	1	1	1	1
20230331121510	22.25	0.16	-53.41	23.73	21.55	1	1	1	1
20230331121511	22.25	0.1	-57.28	23.73	21.53	1	1	1	1
20230331121512	22.25	0.1	-57.28	23.71	21.52	1	1	1	1
20230331121513	22.25	0.12	-55.79	23.71	21.51	1	1	1	1
20230331121514	22.23	0.1	-57.29	23.69	21.51	1	1	1	1
20230331121515	22.24	0.04	-64.39	23.68	21.52	1	1	1	1
20230331121516	22.24	0.04	-64.39	23.67	21.5	1	1	1	1
20230331121517	22.25	0.04	-64.38	23.65	21.5	1	1	1	1
20230331121518	22.24	0.06	-61.31	23.65	21.5	1	1	1	1
20230331121519	22.25	0.08	-59.06	23.64	21.47	1	1	1	1
20230331121520	22.24	0.08	-59.06	23.63	21.46	1	1	1	1
20230331121521	22.24	0.12	-55.8	23.61	21.45	1	1	1	1
20230331121522	22.23	0.08	-59.07	23.6	21.45	1	1	1	1
20230331121523	22.21	0.1	-57.3	23.59	21.45	1	1	1	1
20230331121524	22.24	0.1	-57.28	23.57	21.44	1	1	1	1
20230331121525	22.25	0.06	-61.31	23.56	21.44	1	1	1	1
20230331121527	22.2	0.06	-61.33	23.53	21.42	1	1	1	1
20230331121528	22.23	0.14	-54.53	23.52	21.41	1	1	1	1
20230331121529	22.2	0.1	-57.3	23.51	21.4	1	1	1	1
20230331121530	22.23	0.1	-57.29	23.48	21.39	1	1	1	1
20230331121531	22.2	0.12	-55.82	23.47	21.37	1	1	1	1
20230331121532	22.2	0.1	-57.3	23.44	21.36	1	1	1	1
20230331121533	22.18	0.06	-61.34	23.43	21.35	1	1	1	1
20230331121534	22.2	0.08	-59.08	23.41	21.35	1	1	1	1
20230331121535	22.18	0.1	-57.31	23.39	21.32	1	1	1	1
20230331121536	22.2	0.1	-57.3	23.36	21.31	1	1	1	1
20230331121537	22.17	0.16	-53.45	23.35	21.3	1	1	1	1
20230331121538	22.15	0.08	-59.11	23.31	21.3	1	1	1	1
20230331121539	22.17	0.1	-57.32	23.31	21.26	1	1	1	1
20230331121540	22.14	0.06	-61.36	23.26	21.24	1	1	1	1
20230331121541	22.15	0.02	-69.45	23.24	21.23	1	1	1	1
20230331121542	22.14	0.12	-55.85	23.22	21.21	1	1	1	1
20230331121543	22.13	0.14	-54.58	23.19	21.2	1	1	1	1
20230331121544	22.15	0.06	-61.35	23.17	21.19	1	1	1	1
20230331121546	22.14	0.1	-57.33	23.15	21.18	1	1	1	1
20230331121547	22.11	0.06	-61.37	23.13	21.14	1	1	1	1
20230331121548	22.13	0.1	-57.34	23.1	21.14	1	1	1	1
20230331121549	22.1	0.16	-53.48	23.06	21.13	1	1	1	1
20230331121550	22.1	0.1	-57.35	23.05	21.1	1	1	1	1
20230331121551	22.08	0.04	-64.46	23.02	21.09	1	1	1	1
20230331121552	22.1	0.1	-57.35	23.0	21.08	1	1	1	1
20230331121553	22.08	0.08	-59.14	22.97	21.04	1	1	1	1
20230331121554	22.08	0.18	-52.5	22.94	21.03	1	1	1	1
20230331121555	22.08	0.02	-69.48	22.93	21.02	1	1	1	1
20230331121556	22.04	0.06	-61.4	22.89	21.0	1	1	1	1
20230331121557	22.03	0.09	-58.23	22.88	20.99	1	1	1	1
20230331121558	22.03	0.07	-60.21	22.85	20.97	1	1	1	1
20230331121559	22.01	0.03	-66.61	22.83	20.94	1	1	1	1
20230331121600	22.03	0.09	-58.23	22.81	20.94	1	1	1	1
20230331121601	22.0	0.09	-58.24	22.78	20.92	1	1	1	1
20230331121602	22.01	0.07	-60.22	22.76	20.89	1	1	1	1
20230331121603	22.0	0.05	-62.82	22.72	20.88	1	1	1	1
20230331121605	22.0	0.09	-58.24	22.71	20.87	1	1	1	1
20230331121606	21.98	0.11	-56.64	22.68	20.83	1	1	1	1
20230331121607	21.97	0.05	-62.83	22.66	20.83	1	1	1	1
20230331121608	21.94	0.07	-60.26	22.65	20.82	1	1	1	1
20230331121609	21.95	0.11	-56.65	22.61	20.8	1	1	1	1
20230331121610	21.94	0.11	-56.66	22.59	20.78	1	1	1	1
20230331121611	21.93	0.17	-53.06	22.56	20.76	1	1	1	1
20230331121612	21.88	0.07	-60.28	22.54	20.75	1	1	1	1
20230331121613	21.9	0.05	-62.86	22.52	20.72	1	1	1	1
20230331121614	21.9	0.11	-56.68	22.51	20.72	1	1	1	1
20230331121615	21.88	0.09	-58.3	22.48	20.69	1	1	1	1
20230331121616	21.88	0.07	-60.28	22.45	20.67	1	1	1	1
20230331121617	21.85	0.07	-60.3	22.45	20.67	1	1	1	1
20230331121618	21.87	0.09	-58.31	22.4	20.64	1	1	1	1
20230331121619	21.84	0.05	-62.89	22.39	20.63	1	1	1	1
20230331121620	21.83	0.11	-56.71	22.36	20.63	1	1	1	1
20230331121621	21.83	0.07	-60.31	22.34	20.6	1	1	1	1
20230331121622	21.81	0.07	-60.32	22.34	20.59	1	1	1	1
20230331121623	21.78	0.07	-60.33	22.3	20.58	1	1	1	1
20230331121625	21.8	0.09	-58.34	22.29	20.55	1	1	1	1
20230331121626	21.76	0.05	-62.93	22.26	20.53	1	1	1	1
20230331121627	21.74	0.07	-60.35	22.24	20.52	1	1	1	1
20230331121628	21.73	0.07	-60.36	22.22	20.5	1	1	1	1
20230331121629	21.74	0.05	-62.94	22.2	20.48	1	1	1	1
20230331121630	21.73	0.13	-55.4	22.17	20.47	1	1	1	1
20230331121631	21.71	0.08	-59.32	22.16	20.47	1	1	1	1
20230331121632	21.67	0.11	-56.79	22.14	20.44	1	1	1	1
20230331121633	21.69	0.02	-69.65	22.11	20.42	1	1	1	1
20230331121634	21.67	0.11	-56.79	22.1	20.43	1	1	1	1
20230331121635	21.67	0.02	-69.65	22.07	20.4	1	1	1	1
20230331121636	21.67	0.07	-60.38	22.06	20.4	1	1	1	1
20230331121637	21.66	0.11	-56.8	22.04	20.38	1	1	1	1
20230331121638	21.61	0.05	-63.0	22.02	20.36	1	1	1	1
20230331121639	21.61	0.06	-61.61	22.0	20.35	1	1	1	1
20230331121640	21.61	0.06	-61.61	21.97	20.32	1	1	1	1
20230331121641	21.6	0.11	-56.83	21.96	20.32	1	1	1	1
20230331121642	21.57	0.06	-61.62	21.93	20.3	1	1	1	1
20230331121643	21.57	0.06	-61.62	21.92	20.29	1	1	1	1
20230331121645	21.57	0.08	-59.39	21.9	20.27	1	1	1	1
20230331121646	21.56	0.1	-57.61	21.88	20.26	1	1	1	1
20230331121647	21.51	0.02	-69.72	21.86	20.24	1	1	1	1
20230331121648	21.53	0.12	-56.15	21.85	20.24	1	1	1	1
20230331121649	21.5	0.04	-64.72	21.83	20.21	1	1	1	1
20230331121650	21.5	0.08	-59.42	21.81	20.21	1	1	1	1
20230331121651	21.47	0.04	-64.74	21.78	20.18	1	1	1	1
20230331121652	21.47	0.06	-61.67	21.76	20.18	1	1	1	1
20230331121653	21.46	0.08	-59.44	21.76	20.17	1	1	1	1
20230331121654	21.46	0.1	-57.66	21.73	20.15	1	1	1	1
20230331121655	21.43	0.08	-59.45	21.71	20.14	1	1	1	1
20230331121656	21.43	0.08	-59.45	21.71	20.12	1	1	1	1
20230331121657	21.41	0.08	-59.46	21.7	20.13	1	1	1	1
20230331121658	21.4	0.04	-64.77	21.66	20.09	1	1	1	1
20230331121659	21.39	0.07	-60.52	21.66	20.09	1	1	1	1
20230331121700	21.36	0.0	-88.53	21.63	20.08	1	1	1	1
20230331121701	21.34	0.06	-61.73	21.61	20.07	1	1	1	1
20230331121703	21.36	0.07	-60.53	21.6	20.06	1	1	1	1
20230331121704	21.3	0.01	-74.54	21.58	20.03	1	1	1	1
20230331121705	21.31	0.1	-57.74	21.56	20.03	1	1	1	1
20230331121706	21.31	0.04	-64.81	21.55	20.02	1	1	1	1
20230331121707	21.3	0.04	-64.81	21.53	20.01	1	1	1	1
20230331121708	21.3	0.07	-60.56	21.51	20.0	1	1	1	1
20230331121709	21.29	0.05	-63.15	21.5	19.97	1	1	1	1
20230331121710	21.27	0.05	-63.16	21.48	19.97	1	1	1	1
20230331121711	21.26	0.11	-56.99	21.46	19.96	1	1	1	1
20230331121712	21.26	0.11	-56.99	21.45	19.95	1	1	1	1
20230331121713	21.22	0.05	-63.18	21.44	19.94	1	1	1	1
20230331121714	21.23	0.01	-74.57	21.41	20.0	1	1	1	1
20230331121715	21.2	0.05	-63.19	21.35	20.19	1	1	1	1
20230331121716	21.2	0.01	-74.58	21.29	20.38	1	1	1	1
20230331121717	21.22	0.11	-57.01	21.23	20.55	1	1	1	1
20230331121718	21.17	0.05	-63.2	21.14	20.65	1	1	1	1
20230331121719	21.17	0.05	-63.2	21.09	20.74	1	1	1	1
20230331121720	21.17	0.03	-66.98	21.03	20.78	1	1	1	1
20230331121721	21.19	0.03	-66.97	20.97	20.82	1	1	1	1
20230331121722	21.17	0.09	-58.65	20.92	20.84	1	1	1	1
20230331121724	21.19	0.03	-66.97	20.86	20.83	1	1	1	1
20230331121725	21.19	0.01	-74.59	20.8	20.83	1	1	1	1
20230331121726	21.2	0.0	-88.58	20.74	20.83	1	1	1	1
20230331121727	21.19	0.03	-66.97	20.69	20.81	1	1	1	1
20230331121728	21.19	0.03	-66.97	20.63	20.8	1	1	1	1
20230331121729	21.16	0.03	-66.98	20.58	20.77	1	1	1	1
20230331121730	21.19	0.01	-74.59	20.53	20.76	1	1	1	1
20230331121731	21.19	0.05	-63.19	20.47	20.72	1	1	1	1
20230331121732	21.19	0.13	-55.67	20.42	20.7	1	1	1	1
20230331121733	21.19	0.0	-88.58	20.38	20.69	1	1	1	1
20230331121734	21.2	0.05	-63.19	20.32	20.64	1	1	1	1
20230331121735	21.17	0.05	-63.2	20.27	20.61	1	1	1	1
20230331121736	21.17	0.05	-63.2	20.23	20.58	1	1	1	1
20230331121737	21.2	0.03	-66.97	20.18	20.55	1	1	1	1
20230331121738	21.17	0.11	-57.04	20.12	20.52	1	1	1	1
20230331121739	21.19	0.01	-74.59	20.07	20.48	1	1	1	1
20230331121740	21.16	0.07	-60.63	20.03	20.46	1	1	1	1
20230331121741	21.19	0.05	-63.19	20.0	20.43	1	1	1	1
20230331121743	21.17	0.05	-63.2	19.95	20.41	1	1	1	1
20230331121744	21.16	0.0	-88.59	19.91	20.37	1	1	1	1
20230331121745	21.17	0.0	-88.59	19.87	20.34	1	1	1	1
20230331121746	21.19	0.03	-66.97	19.82	20.32	1	1	1	1
20230331121747	21.15	0.07	-60.63	19.77	20.29	1	1	1	1
20230331121748	21.15	0.07	-60.63	19.74	20.27	1	1	1	1
20230331121749	21.16	0.03	-66.98	19.69	20.23	1	1	1	1
20230331121750	21.17	0.03	-66.98	19.64	20.2	1	1	1	1
20230331121751	21.16	0.03	-66.98	19.6	20.17	1	1	1	1
20230331121752	21.16	0.05	-63.21	19.57	20.14	1	1	1	1
20230331121753	21.16	0.03	-66.98	19.53	20.12	1	1	1	1
20230331121754	21.13	0.0	-88.6	19.49	20.08	1	1	1	1
20230331121755	21.1	0.03	-67.01	19.44	20.07	1	1	1	1
20230331121756	21.15	0.05	-63.21	19.4	20.05	1	1	1	1
20230331121757	21.15	0.01	-74.6	19.37	20.02	1	1	1	1
20230331121758	21.12	0.05	-63.22	19.33	20.0	1	1	1	1
20230331121759	21.1	0.05	-63.23	19.27	19.96	1	1	1	1
20230331121800	21.1	0.0	-88.62	19.24	19.93	1	1	1	1
20230331121801	21.12	0.11	-57.06	19.2	19.91	1	1	1	1
20230331121803	21.09	0.07	-60.66	19.17	19.88	1	1	1	1
20230331121804	21.09	0.07	-60.66	19.12	19.87	1	1	1	1
20230331121805	21.05	0.09	-58.71	19.1	19.84	1	1	1	1
20230331121806	21.09	0.09	-58.69	19.05	19.81	1	1	1	1
20230331121807	21.06	0.05	-63.25	19.01	19.78	1	1	1	1
20230331121808	21.07	0.03	-67.02	18.98	19.76	1	1	1	1
20230331121809	21.06	0.03	-67.03	18.93	19.72	1	1	1	1
20230331121810	21.05	0.07	-60.68	18.91	19.71	1	1	1	1
20230331121811	21.03	0.03	-67.04	18.87	19.68	1	1	1	1
20230331121812	21.02	0.05	-63.27	18.82	19.66	1	1	1	1
20230331121813	21.02	0.07	-60.69	18.8	19.64	1	1	1	1
20230331121814	21.0	0.05	-63.28	18.77	19.63	1	1	1	1
20230331121815	21.02	0.03	-67.05	18.74	19.6	1	1	1	1
20230331121816	20.99	0.03	-67.06	18.7	19.57	1	1	1	1
20230331121817	21.0	0.11	-57.12	18.67	19.55	1	1	1	1
20230331121818	20.99	0.03	-67.06	18.64	19.52	1	1	1	1
20230331121820	20.97	0.09	-58.74	18.6	19.51	1	1	1	1
20230331121821	20.96	0.03	-67.07	18.58	19.47	1	1	1	1
20230331121822	20.96	0.05	-63.3	18.53	19.47	1	1	1	1
20230331121823	20.96	0.06	-61.91	18.5	19.43	1	1	1	1
20230331121824	20.93	0.05	-63.31	18.47	19.43	1	1	1	1
20230331121825	20.96	0.0	-88.66	18.44	19.39	1	1	1	1
20230331121826	20.95	0.06	-61.92	18.41	19.37	1	1	1	1
20230331121827	20.92	0.0	-88.68	18.39	19.36	1	1	1	1
20230331121828	20.89	0.06	-61.94	18.36	19.33	1	1	1	1
20230331121829	20.9	0.02	-69.98	18.33	19.32	1	1	1	1
20230331121830	20.87	0.04	-65.01	18.29	19.28	1	1	1	1
20230331121831	20.87	0.02	-70.0	18.26	19.27	1	1	1	1
20230331121832	20.87	0.06	-61.95	18.24	19.26	1	1	1	1
20230331121833	20.87	0.0	-88.69	18.2	19.24	1	1	1	1
20230331121834	20.85	0.0	-88.7	18.19	19.23	1	1	1	1
20230331121835	20.86	0.04	-65.01	18.16	19.19	1	1	1	1
20230331121836	20.85	0.14	-55.23	18.13	19.18	1	1	1	1
20230331121838	20.83	0.08	-59.74	18.1	19.15	1	1	1	1
20230331121839	20.83	0.02	-70.02	18.08	19.14	1	1	1	1
20230331121840	20.8	0.08	-59.76	18.04	19.12	1	1	1	1
20230331121841	20.8	0.0	-88.72	18.03	19.11	1	1	1	1
20230331121842	20.79	0.02	-70.03	18.0	19.08	1	1	1	1
20230331121843	20.79	0.04	-65.04	17.98	19.07	1	1	1	1
20230331121844	20.78	0.04	-65.05	17.95	19.06	1	1	1	1
20230331121845	20.73	0.08	-59.79	17.93	19.04	1	1	1	1
20230331121846	20.76	0.06	-62.01	17.9	19.02	1	1	1	1
20230331121847	20.73	0.02	-70.06	17.88	19.01	1	1	1	1
20230331121848	20.72	0.02	-70.06	17.86	18.99	1	1	1	1
20230331121849	20.73	0.02	-70.06	17.82	18.98	1	1	1	1
20230331121850	20.72	0.04	-65.08	17.8	18.95	1	1	1	1
20230331121851	20.71	0.0	-88.75	17.77	18.93	1	1	1	1
20230331121852	20.71	0.1	-58.03	17.76	18.94	1	1	1	1
20230331121853	20.69	0.06	-62.04	17.73	18.91	1	1	1	1
20230331121854	20.68	0.04	-65.09	17.7	18.9	1	1	1	1
20230331121856	20.68	0.04	-65.09	17.68	18.87	1	1	1	1
20230331121857	20.68	0.02	-70.08	17.67	18.87	1	1	1	1
20230331121858	20.66	0.0	-88.77	17.64	18.85	1	1	1	1
20230331121859	20.65	0.02	-70.09	17.61	18.82	1	1	1	1
20230331121900	20.62	0.04	-65.12	17.59	18.81	1	1	1	1
20230331121901	20.62	0.02	-70.11	17.57	18.79	1	1	1	1
20230331121902	20.61	0.05	-63.46	17.54	18.78	1	1	1	1
20230331121903	20.59	0.05	-63.47	17.52	18.77	1	1	1	1
20230331121904	20.61	0.0	-88.78	17.5	18.77	1	1	1	1
20230331121905	20.56	0.0	-88.8	17.47	18.73	1	1	1	1
20230331121906	20.56	0.0	-88.8	17.45	18.73	1	1	1	1
20230331121907	20.56	0.07	-60.91	17.44	18.72	1	1	1	1
20230331121908	20.53	0.03	-67.26	17.41	18.71	1	1	1	1
20230331121909	20.52	0.01	-74.86	17.39	18.68	1	1	1	1
20230331121910	20.52	0.09	-58.96	17.37	18.66	1	1	1	1
20230331121912	20.52	0.09	-58.96	17.35	18.64	1	1	1	1
20230331121913	20.48	0.05	-63.52	17.32	18.64	1	1	1	1
20230331121914	20.51	0.01	-74.86	17.31	18.63	1	1	1	1
20230331121915	20.49	0.07	-60.95	17.29	18.6	1	1	1	1
20230331121916	20.48	0.0	-88.83	17.26	18.58	1	1	1	1
20230331121917	20.48	0.0	-88.83	17.25	18.58	1	1	1	1
20230331121918	20.45	0.03	-67.3	17.23	18.57	1	1	1	1
20230331121919	20.42	0.09	-59.01	17.22	18.55	1	1	1	1
20230331121920	20.41	0.03	-67.32	17.21	18.53	1	1	1	1
20230331121921	20.43	0.07	-60.98	17.17	18.53	1	1	1	1
20230331121922	20.42	0.01	-74.9	17.15	18.51	1	1	1	1
20230331121923	20.41	0.03	-67.32	17.14	18.51	1	1	1	1
20230331121924	20.38	0.01	-74.91	17.13	18.48	1	1	1	1
20230331121925	20.36	0.01	-74.92	17.1	18.48	1	1	1	1
20230331121926	20.38	0.03	-67.33	17.08	18.47	1	1	1	1
20230331121927	20.35	0.03	-67.35	17.08	18.45	1	1	1	1
20230331121928	20.36	0.07	-61.01	17.06	18.44	1	1	1	1
20230331121929	20.35	0.05	-63.58	17.03	18.44	1	1	1	1
20230331121930	20.33	0.05	-63.59	17.02	18.43	1	1	1	1
20230331121932	20.33	0.01	-74.94	17.0	18.41	1	1	1	1
20230331121933	20.29	0.01	-74.95	16.99	18.39	1	1	1	1
20230331121934	20.31	0.03	-67.36	16.99	18.4	1	1	1	1
20230331121935	20.29	0.05	-63.61	16.95	18.38	1	1	1	1
20230331121936	20.29	0.03	-67.37	16.94	18.36	1	1	1	1
20230331121937	20.27	0.05	-63.62	16.93	18.34	1	1	1	1
20230331121938	20.22	0.01	-74.98	16.92	18.33	1	1	1	1
20230331121939	20.25	0.01	-74.97	16.89	18.33	1	1	1	1
20230331121940	20.22	0.01	-74.98	16.88	18.33	1	1	1	1
20230331121941	20.22	0.01	-74.98	16.86	18.31	1	1	1	1
20230331121942	20.24	0.01	-74.97	16.85	18.3	1	1	1	1
20230331121943	20.19	0.02	-70.29	16.84	18.29	1	1	1	1
20230331121944	20.21	0.0	-88.92	16.83	18.27	1	1	1	1
20230331121945	20.18	0.0	-88.93	16.8	18.27	1	1	1	1
20230331121946	20.17	0.02	-70.3	16.79	18.26	1	1	1	1
20230331121947	20.18	0.0	-88.93	16.79	18.25	1	1	1	1
20230331121948	20.17	0.0	-88.93	16.76	18.24	1	1	1	1
20230331121949	20.15	0.04	-65.34	16.74	18.24	1	1	1	1
20230331121951	20.14	0.02	-70.31	16.73	18.23	1	1	1	1
20230331121952	20.12	0.02	-70.32	16.71	18.2	1	1	1	1
20230331121953	20.11	0.0	-88.95	16.7	18.19	1	1	1	1
20230331121954	20.12	0.0	-88.95	16.69	18.19	1	1	1	1
20230331121955	20.09	0.04	-65.36	16.69	18.18	1	1	1	1
20230331121956	20.09	0.0	-88.96	16.66	18.17	1	1	1	1
20230331121957	20.07	0.0	-88.97	16.65	18.16	1	1	1	1
20230331121958	20.07	0.0	-88.97	16.64	18.15	1	1	1	1
20230331121959	20.05	0.06	-62.34	16.63	18.15	1	1	1	1
20230331122000	20.07	0.0	-88.97	16.61	18.13	1	1	1	1
20230331122001	20.03	0.06	-62.35	16.59	18.13	1	1	1	1
20230331122002	20.03	0.0	-88.98	16.58	18.11	1	1	1	1
20230331122003	20.03	0.02	-70.36	16.56	18.11	1	1	1	1
20230331122004	20.03	0.0	-88.98	16.55	18.09	1	1	1	1
20230331122005	20.0	0.06	-62.36	16.54	18.09	1	1	1	1
20230331122006	20.0	0.0	-88.99	16.54	18.08	1	1	1	1
20230331122007	19.98	0.0	-89.0	16.51	18.08	1	1	1	1
20230331122008	20.0	0.0	-88.99	16.51	18.06	1	1	1	1
20230331122009	19.97	0.0	-89.0	16.49	18.04	1	1	1	1
20230331122011	19.97	0.0	-89.0	16.48	18.04	1	1	1	1
20230331122012	19.94	0.0	-89.01	16.47	18.03	1	1	1	1
20230331122013	19.94	0.0	-89.01	16.46	18.02	1	1	1	1
20230331122014	19.91	0.0	-89.02	16.44	18.01	1	1	1	1
20230331122015	19.91	0.02	-70.41	16.43	18.0	1	1	1	1
20230331122016	19.88	0.03	-67.55	16.42	18.0	1	1	1	1
20230331122017	19.89	0.0	-89.03	16.41	17.98	1	1	1	1
20230331122018	19.85	0.03	-67.57	16.4	17.98	1	1	1	1
20230331122019	19.87	0.0	-89.04	16.39	17.97	1	1	1	1
20230331122020	19.87	0.01	-75.12	16.38	17.96	1	1	1	1
20230331122021	19.87	0.03	-67.56	16.36	17.95	1	1	1	1
20230331122022	19.84	0.0	-89.05	16.36	17.95	1	1	1	1
20230331122023	19.85	0.0	-89.04	16.35	17.94	1	1	1	1
20230331122024	19.81	0.0	-89.06	16.35	17.95	1	1	1	1
20230331122025	19.8	0.0	-89.06	16.33	17.94	1	1	1	1
20230331122026	19.82	0.0	-89.05	16.32	17.91	1	1	1	1
20230331122027	19.81	0.0	-89.06	16.32	17.91	1	1	1	1
20230331122028	19.77	0.07	-61.29	16.31	17.9	1	1	1	1
20230331122029	19.81	0.0	-89.06	16.28	17.9	1	1	1	1
20230331122031	19.78	0.01	-75.16	16.27	17.89	1	1	1	1
20230331122032	19.77	0.0	-89.07	16.27	17.88	1	1	1	1
20230331122033	19.75	0.0	-89.08	16.26	17.88	1	1	1	1
20230331122034	19.75	0.03	-67.61	16.25	17.87	1	1	1	1
20230331122035	19.73	0.0	-89.08	16.25	17.87	1	1	1	1
20230331122036	19.74	0.03	-67.62	16.24	17.86	1	1	1	1
20230331122037	19.71	0.03	-67.63	16.23	17.86	1	1	1	1
20230331122038	19.7	0.0	-89.09	16.21	17.86	1	1	1	1
20230331122039	19.71	0.03	-67.63	16.2	17.86	1	1	1	1
20230331122040	19.7	0.0	-89.09	16.2	17.83	1	1	1	1
20230331122041	19.68	0.01	-75.2	16.19	17.82	1	1	1	1
20230331122042	19.68	0.01	-75.2	16.18	17.82	1	1	1	1
20230331122043	19.68	0.01	-75.2	16.17	17.81	1	1	1	1
20230331122044	19.65	0.0	-89.11	16.16	17.81	1	1	1	1
20230331122045	19.64	0.0	-89.12	16.16	17.8	1	1	1	1
20230331122046	19.64	0.01	-75.22	16.14	17.8	1	1	1	1
20230331122047	19.63	0.0	-89.12	16.13	17.8	1	1	1	1
20230331122048	19.64	0.01	-75.22	16.12	17.79	1	1	1	1
20230331122049	19.6	0.05	-63.93	16.11	17.77	1	1	1	1
20230331122051	19.6	0.0	-89.13	16.11	17.76	1	1	1	1
20230331122052	19.6	0.0	-89.13	16.1	17.75	1	1	1	1
20230331122053	19.6	0.02	-70.54	16.1	17.75	1	1	1	1
20230331122054	19.56	0.02	-70.56	16.09	17.75	1	1	1	1
20230331122055	19.56	0.0	-89.14	16.06	17.74	1	1	1	1
20230331122056	19.57	0.0	-89.14	16.06	17.74	1	1	1	1
20230331122057	19.54	0.0	-89.15	16.06	17.73	1	1	1	1
20230331122058	19.54	0.0	-89.15	16.05	17.73	1	1	1	1
20230331122059	19.54	0.0	-89.15	16.04	17.72	1	1	1	1
20230331122100	19.51	0.0	-89.16	16.03	17.7	1	1	1	1
20230331122101	19.5	0.0	-89.16	16.02	17.7	1	1	1	1
20230331122102	19.51	0.0	-89.16	16.02	17.7	1	1	1	1
20230331122103	19.51	0.0	-89.16	16.01	17.7	1	1	1	1
20230331122104	19.5	0.0	-89.16	15.99	17.69	1	1	1	1
20230331122105	19.47	0.0	-89.17	15.99	17.68	1	1	1	1
20230331122106	19.47	0.02	-70.6	15.98	17.67	1	1	1	1
20230331122107	19.46	0.06	-62.62	15.98	17.68	1	1	1	1
20230331122108	19.46	0.0	-89.18	15.98	17.67	1	1	1	1
20230331122109	19.44	0.0	-89.18	15.96	17.66	1	1	1	1
20230331122111	19.44	0.0	-89.18	15.95	17.66	1	1	1	1
20230331122112	19.41	0.02	-70.63	15.95	17.66	1	1	1	1
20230331122113	19.41	0.02	-70.63	15.94	17.67	1	1	1	1
20230331122114	19.4	0.0	-89.2	15.94	17.64	1	1	1	1
20230331122115	19.39	0.0	-89.2	15.93	17.64	1	1	1	1
20230331122116	19.4	0.0	-89.2	15.94	17.64	1	1	1	1
20230331122117	19.4	0.0	-89.2	15.91	17.64	1	1	1	1
20230331122118	19.39	0.0	-89.2	15.91	17.61	1	1	1	1
20230331122119	19.39	0.0	-89.2	15.9	17.62	1	1	1	1
20230331122120	19.39	0.08	-60.44	15.9	17.62	1	1	1	1
20230331122121	19.36	0.0	-89.21	15.89	17.61	1	1	1	1
20230331122122	19.34	0.0	-89.22	15.89	17.61	1	1	1	1
20230331122123	19.36	0.04	-65.7	15.88	17.61	1	1	1	1
20230331122124	19.34	0.0	-89.22	15.87	17.6	1	1	1	1
20230331122125	19.33	0.0	-89.22	15.87	17.6	1	1	1	1
20230331122126	19.3	0.0	-89.23	15.87	17.59	1	1	1	1
20230331122127	19.31	0.0	-89.23	15.86	17.59	1	1	1	1
20230331122128	19.29	0.0	-89.24	15.86	17.58	1	1	1	1
20230331122129	19.29	0.0	-89.24	15.86	17.59	1	1	1	1
20230331122130	19.3	0.0	-89.23	15.84	17.58	1	1	1	1
20230331122132	19.29	0.0	-89.24	15.83	17.57	1	1	1	1
20230331122133	19.27	0.0	-89.24	15.82	17.55	1	1	1	1
20230331122134	19.27	0.0	-89.24	15.82	17.55	1	1	1	1
20230331122135	19.27	0.0	-89.24	15.82	17.55	1	1	1	1
20230331122136	19.27	0.0	-89.24	15.82	17.55	1	1	1	1
20230331122137	19.26	0.0	-89.25	15.81	17.54	1	1	1	1
20230331122138	19.24	0.0	-89.25	15.8	17.54	1	1	1	1
20230331122139	19.23	0.0	-89.26	15.8	17.54	1	1	1	1
20230331122140	19.21	0.0	-89.26	15.79	17.53	1	1	1	1
20230331122141	19.21	0.0	-89.26	15.79	17.52	1	1	1	1
20230331122142	19.17	0.01	-75.41	15.84	17.52	1	1	1	1
20230331122143	19.2	0.0	-89.27	15.91	17.54	1	1	1	1
20230331122144	19.17	0.0	-89.28	16.05	17.55	1	1	1	1
20230331122145	19.19	0.0	-89.27	16.24	17.61	1	1	1	1
20230331122146	19.16	0.0	-89.28	16.44	17.68	1	1	1	1
20230331122147	19.16	0.03	-67.88	16.65	17.76	1	1	1	1
20230331122148	19.14	0.0	-89.29	16.89	17.89	1	1	1	1
20230331122149	19.17	0.0	-89.28	17.11	18.0	1	1	1	1
20230331122151	19.13	0.01	-75.43	17.32	18.11	1	1	1	1
20230331122152	19.13	0.0	-89.29	17.55	18.24	1	1	1	1
20230331122153	19.14	0.0	-89.29	17.76	18.36	1	1	1	1
20230331122154	19.11	0.0	-89.3	18.0	18.48	1	1	1	1
20230331122155	19.13	0.0	-89.29	18.2	18.64	1	1	1	1
20230331122156	19.11	0.01	-75.43	18.41	18.77	1	1	1	1
20230331122157	19.1	0.0	-89.3	18.64	18.9	1	1	1	1
20230331122158	19.14	0.0	-89.29	18.82	19.02	1	1	1	1
20230331122159	19.1	0.03	-67.9	19.04	19.17	1	1	1	1
20230331122200	19.13	0.0	-89.29	19.24	19.3	1	1	1	1
20230331122201	19.14	0.0	-89.29	19.44	19.43	1	1	1	1
20230331122202	19.13	0.0	-89.29	19.64	19.57	1	1	1	1
20230331122203	19.11	0.0	-89.3	19.83	19.69	1	1	1	1
20230331122204	19.14	0.0	-89.29	20.02	19.82	1	1	1	1
20230331122205	19.13	0.01	-75.43	20.21	19.94	1	1	1	1
20230331122206	19.16	0.0	-89.28	20.4	20.07	1	1	1	1
20230331122207	19.16	0.0	-89.28	20.58	20.19	1	1	1	1
20230331122208	19.14	0.0	-89.29	20.78	20.34	1	1	1	1
20230331122210	19.17	0.03	-67.87	20.94	20.43	1	1	1	1
20230331122211	19.17	0.0	-89.28	21.13	20.56	1	1	1	1
20230331122212	19.19	0.0	-89.27	21.29	20.69	1	1	1	1
20230331122213	19.17	0.0	-89.28	21.47	20.8	1	1	1	1
20230331122214	19.19	0.0	-89.27	21.65	20.92	1	1	1	1
20230331122215	19.21	0.0	-89.26	21.81	21.03	1	1	1	1
20230331122216	19.21	0.01	-75.39	21.97	21.14	1	1	1	1
20230331122217	19.23	0.0	-89.26	22.15	21.24	1	1	1	1
20230331122218	19.24	0.0	-89.25	22.3	21.36	1	1	1	1
20230331122219	19.23	0.0	-89.26	22.47	21.47	1	1	1	1
20230331122220	19.27	0.0	-89.24	22.62	21.57	1	1	1	1
20230331122221	19.29	0.0	-89.24	22.78	21.68	1	1	1	1
20230331122222	19.31	0.0	-89.23	22.93	21.78	1	1	1	1
20230331122223	19.3	0.02	-70.67	23.09	21.91	1	1	1	1
20230331122224	19.31	0.0	-89.23	23.24	22.02	1	1	1	1
20230331122225	19.33	0.0	-89.22	23.39	22.1	1	1	1	1
20230331122226	19.37	0.0	-89.21	23.53	22.2	1	1	1	1
20230331122227	19.36	0.0	-89.21	23.69	22.31	1	1	1	1
20230331122228	19.39	0.0	-89.2	23.83	22.4	1	1	1	1
20230331122230	19.4	0.0	-89.2	23.96	22.51	1	1	1	1
20230331122231	19.46	0.0	-89.18	24.1	22.61	1	1	1	1
20230331122232	19.46	0.02	-70.61	24.25	22.7	1	1	1	1
20230331122233	19.5	0.02	-70.59	24.38	22.78	1	1	1	1
20230331122234	19.49	0.0	-89.17	24.51	22.88	1	1	1	1
20230331122235	19.49	0.0	-89.17	24.64	22.98	1	1	1	1
20230331122236	19.5	0.0	-89.16	24.78	23.06	1	1	1	1
20230331122237	19.54	0.0	-89.15	24.91	23.15	1	1	1	1
20230331122238	19.56	0.0	-89.14	25.04	23.23	1	1	1	1
20230331122239	19.58	0.0	-89.14	25.16	23.32	1	1	1	1
20230331122240	19.61	0.01	-75.23	25.29	23.4	1	1	1	1
20230331122241	19.64	0.03	-67.66	25.42	23.51	1	1	1	1
20230331122242	19.65	0.0	-89.11	25.53	23.57	1	1	1	1
20230331122243	19.7	0.0	-89.09	25.65	23.65	1	1	1	1
20230331122244	19.73	0.07	-61.31	25.77	23.75	1	1	1	1
20230331122245	19.73	0.03	-67.62	25.88	23.81	1	1	1	1
20230331122246	19.75	0.0	-89.08	26.01	23.92	1	1	1	1
20230331122247	19.77	0.0	-89.07	26.12	23.99	1	1	1	1
20230331122248	19.78	0.03	-67.6	26.24	24.08	1	1	1	1
20230331122250	19.82	0.01	-75.14	26.34	24.15	1	1	1	1
20230331122251	19.84	0.05	-63.82	26.46	24.23	1	1	1	1
20230331122252	19.87	0.0	-89.04	26.57	24.3	1	1	1	1
20230331122253	19.88	0.03	-67.55	26.67	24.37	1	1	1	1
20230331122254	19.91	0.07	-61.22	26.78	24.42	1	1	1	1
20230331122255	19.95	0.02	-70.39	26.89	24.49	1	1	1	1
20230331122256	19.97	0.0	-89.0	26.99	24.59	1	1	1	1
20230331122257	20.0	0.0	-88.99	27.1	24.69	1	1	1	1
20230331122258	20.01	0.02	-70.37	27.19	24.74	1	1	1	1
20230331122259	20.05	0.0	-88.97	27.29	24.8	1	1	1	1
20230331122300	20.08	0.0	-88.96	27.38	24.87	1	1	1	1
20230331122301	20.14	0.02	-70.31	27.49	24.94	1	1	1	1
20230331122302	20.15	0.0	-88.94	27.59	24.97	1	1	1	1
20230331122303	20.17	0.04	-65.33	27.68	25.08	1	1	1	1
20230331122304	20.18	0.06	-62.28	27.78	25.13	1	1	1	1
20230331122305	20.21	0.0	-88.92	27.88	25.21	1	1	1	1
20230331122306	20.25	0.01	-74.97	27.99	25.26	1	1	1	1
20230331122307	20.27	0.05	-63.62	28.07	25.35	1	1	1	1
20230331122308	20.29	0.07	-61.04	28.15	25.38	1	1	1	1
20230331122309	20.35	0.0	-88.87	28.25	25.45	1	1	1	1
20230331122311	20.38	0.07	-61.0	28.35	25.53	1	1	1	1
20230331122312	20.39	0.01	-74.91	28.42	25.58	1	1	1	1
20230331122313	20.41	0.03	-67.32	28.52	25.68	1	1	1	1
20230331122314	20.46	0.07	-60.96	28.6	25.74	1	1	1	1
20230331122315	20.48	0.05	-63.52	28.69	25.78	1	1	1	1
20230331122316	20.52	0.01	-74.86	28.75	25.84	1	1	1	1
20230331122317	20.56	0.0	-88.8	28.86	25.93	1	1	1	1
20230331122318	20.56	0.07	-60.91	28.96	25.98	1	1	1	1
20230331122319	20.61	0.1	-58.08	29.03	25.98	1	1	1	1
20230331122320	20.68	0.04	-65.09	29.11	26.07	1	1	1	1
20230331122321	20.68	0.02	-70.08	29.18	26.1	1	1	1	1
20230331122322	20.72	0.08	-59.8	29.25	26.19	1	1	1	1
20230331122323	20.75	0.02	-70.05	29.34	26.27	1	1	1	1
20230331122324	20.76	0.0	-88.73	29.41	26.3	1	1	1	1
20230331122325	20.8	0.02	-70.03	29.48	26.36	1	1	1	1
20230331122326	20.83	0.04	-65.03	29.57	26.43	1	1	1	1
20230331122327	20.85	0.06	-61.96	29.66	26.48	1	1	1	1
20230331122328	20.89	0.06	-61.94	29.71	26.54	1	1	1	1
20230331122329	20.92	0.02	-69.98	29.79	26.55	1	1	1	1
20230331122331	20.96	0.06	-61.91	29.86	26.61	1	1	1	1
20230331122332	20.99	0.07	-60.71	29.93	26.64	1	1	1	1
20230331122333	21.03	0.0	-88.64	30.0	26.72	1	1	1	1
20230331122334	21.05	0.03	-67.03	30.08	26.73	1	1	1	1
20230331122335	21.05	0.01	-74.64	30.15	26.79	1	1	1	1
20230331122336	21.1	0.05	-63.23	30.22	26.85	1	1	1	1
20230331122337	21.16	0.05	-63.21	30.28	26.9	1	1	1	1
20230331122338	21.2	0.03	-66.97	30.35	26.96	1	1	1	1
20230331122339	21.2	0.0	-88.58	30.41	26.99	1	1	1	1
20230331122340	21.25	0.05	-63.16	30.47	27.06	1	1	1	1
20230331122341	21.29	0.04	-64.82	30.54	27.07	1	1	1	1
20230331122342	21.31	0.1	-57.74	30.6	27.13	1	1	1	1
20230331122343	21.31	0.1	-57.74	30.65	27.21	1	1	1	1
20230331122344	21.37	0.1	-57.71	30.73	27.24	1	1	1	1
20230331122345	21.4	0.04	-64.77	30.79	27.26	1	1	1	1
20230331122346	21.41	0.06	-61.7	30.85	27.32	1	1	1	1
20230331122347	21.46	0.04	-64.74	30.9	27.38	1	1	1	1
20230331122348	21.51	0.02	-69.72	30.96	27.4	1	1	1	1
20230331122349	21.51	0.04	-64.72	31.04	27.45	1	1	1	1
20230331122351	21.56	0.08	-59.39	31.08	27.48	1	1	1	1
20230331122352	21.59	0.04	-64.68	31.14	27.53	1	1	1	1
20230331122353	21.61	0.08	-59.37	31.19	27.57	1	1	1	1
20230331122354	21.64	0.08	-59.35	31.27	27.64	1	1	1	1
20230331122355	21.67	0.08	-59.34	31.31	27.64	1	1	1	1
20230331122356	21.77	0.07	-60.34	31.35	27.65	1	1	1	1
20230331122357	21.77	0.09	-58.36	31.43	27.75	1	1	1	1
20230331122358	21.8	0.05	-62.91	31.49	27.76	1	1	1	1
20230331122359	21.84	0.11	-56.71	31.53	27.8	1	1	1	1
20230331122400	21.85	0.07	-60.3	31.59	27.83	1	1	1	1
20230331122401	21.88	0.09	-58.3	31.63	27.88	1	1	1	1
20230331122402	21.91	0.05	-62.86	31.69	27.88	1	1	1	1
20230331122403	21.97	0.13	-55.28	31.75	27.96	1	1	1	1
20230331122404	21.98	0.07	-60.24	31.77	28.02	1	1	1	1
20230331122405	21.98	0.15	-54.09	31.86	28.04	1	1	1	1
20230331122406	22.05	0.12	-55.89	31.92	28.09	1	1	1	1
20230331122407	22.08	0.1	-57.36	31.98	28.12	1	1	1	1
20230331122408	22.13	0.12	-55.85	32.04	28.2	1	1	1	1
20230331122410	22.13	0.12	-55.85	32.12	28.24	1	1	1	1
20230331122411	22.17	0.1	-57.32	32.19	28.3	1	1	1	1
20230331122412	22.23	0.06	-61.31	32.27	28.32	1	1	1	1
20230331122413	22.23	0.1	-57.29	32.33	28.32	1	1	1	1
20230331122414	22.27	0.08	-59.05	32.4	28.35	1	1	1	1
20230331122415	22.34	0.07	-60.07	32.48	28.44	1	1	1	1
20230331122416	22.37	0.13	-55.08	32.55	28.52	1	1	1	1
20230331122417	22.39	0.02	-69.35	32.61	28.54	1	1	1	1
20230331122418	22.45	0.07	-60.01	32.66	28.6	1	1	1	1
20230331122419	22.45	0.09	-58.02	32.74	28.65	1	1	1	1
20230331122420	22.49	0.11	-56.39	32.81	28.7	1	1	1	1
20230331122421	22.52	0.05	-62.58	32.87	28.74	1	1	1	1
20230331122422	22.57	0.09	-57.97	32.94	28.75	1	1	1	1
20230331122423	22.59	0.13	-54.97	33.0	28.81	1	1	1	1
20230331122424	22.61	0.09	-57.95	33.05	28.86	1	1	1	1
20230331122425	22.65	0.09	-57.93	33.12	28.94	1	1	1	1
20230331122426	22.67	0.17	-52.68	33.18	28.94	1	1	1	1
20230331122427	22.71	0.13	-54.91	33.25	28.98	1	1	1	1
20230331122428	22.74	0.16	-53.16	33.29	29.03	1	1	1	1
20230331122429	22.76	0.14	-54.27	33.39	29.11	1	1	1	1
20230331122431	22.81	0.18	-52.12	33.43	29.15	1	1	1	1
20230331122432	22.83	0.16	-53.11	33.5	29.2	1	1	1	1
20230331122433	22.88	0.14	-54.21	33.55	29.25	1	1	1	1
20230331122434	22.93	0.16	-53.06	33.59	29.25	1	1	1	1
20230331122435	22.96	0.12	-55.44	33.66	29.32	1	1	1	1
20230331122436	22.99	0.08	-58.7	33.68	29.34	1	1	1	1
20230331122437	23.03	0.06	-60.94	33.78	29.36	1	1	1	1
20230331122438	23.06	0.08	-58.67	33.82	29.39	1	1	1	1
20230331122439	23.09	0.18	-51.98	33.87	29.45	1	1	1	1
20230331122440	23.12	0.15	-53.51	33.92	29.48	1	1	1	1
20230331122441	23.16	0.21	-50.62	33.99	29.54	1	1	1	1
20230331122442	23.19	0.11	-56.04	34.03	29.59	1	1	1	1
20230331122443	23.22	0.15	-53.46	34.08	29.61	1	1	1	1
20230331122444	23.25	0.09	-57.64	34.13	29.68	1	1	1	1
20230331122445	23.3	0.15	-53.42	34.18	29.66	1	1	1	1
20230331122446	23.32	0.15	-53.41	34.23	29.71	1	1	1	1
20230331122447	23.33	0.17	-52.34	34.27	29.77	1	1	1	1
20230331122448	23.36	0.15	-53.39	34.35	29.77	1	1	1	1
20230331122449	23.42	0.17	-52.3	34.37	29.8	1	1	1	1
20230331122450	23.45	0.17	-52.28	34.42	29.89	1	1	1	1
20230331122452	23.47	0.18	-51.78	34.49	29.89	1	1	1	1
20230331122453	23.52	0.16	-52.76	34.52	29.88	1	1	1	1
20230331122454	23.57	0.14	-53.86	34.57	29.93	1	1	1	1
20230331122455	23.6	0.16	-52.72	34.62	30.0	1	1	1	1
20230331122456	23.65	0.1	-56.59	34.67	30.06	1	1	1	1
20230331122457	23.68	0.14	-53.8	34.69	30.0	1	1	1	1
20230331122458	23.7	0.14	-53.79	34.77	30.08	1	1	1	1
20230331122459	23.73	0.16	-52.65	34.79	30.08	1	1	1	1
20230331122500	23.74	0.14	-53.77	34.84	30.08	1	1	1	1
20230331122501	23.81	0.14	-53.74	34.89	30.2	1	1	1	1
20230331122502	23.84	0.27	-48.06	34.92	30.24	1	1	1	1
20230331122503	23.86	0.21	-50.25	34.97	30.26	1	1	1	1
20230331122504	23.9	0.15	-53.11	35.02	30.3	1	1	1	1
20230331122505	23.91	0.11	-55.69	35.04	30.32	1	1	1	1
20230331122506	23.94	0.19	-51.08	35.09	30.37	1	1	1	1
20230331122507	23.97	0.21	-50.2	35.12	30.39	1	1	1	1
20230331122508	24.0	0.13	-54.26	35.17	30.43	1	1	1	1
20230331122509	24.05	0.15	-53.04	35.22	30.45	1	1	1	1
20230331122510	24.1	0.15	-53.01	35.27	30.48	1	1	1	1
20230331122512	24.1	0.19	-50.99	35.3	30.48	1	1	1	1
20230331122513	24.17	0.15	-52.97	35.35	30.54	1	1	1	1
20230331122514	24.2	0.18	-51.41	35.38	30.58	1	1	1	1
20230331122515	24.24	0.14	-53.52	35.43	30.6	1	1	1	1
20230331122516	24.25	0.18	-51.38	35.43	30.6	1	1	1	1
20230331122517	24.28	0.16	-52.37	35.48	30.69	1	1	1	1
20230331122518	24.35	0.16	-52.34	35.54	30.64	1	1	1	1
20230331122519	24.35	0.22	-49.59	35.56	30.75	1	1	1	1
20230331122520	24.43	0.22	-49.55	35.59	30.73	1	1	1	1
20230331122521	24.44	0.2	-50.38	35.64	30.73	1	1	1	1
20230331122522	24.44	0.16	-52.29	35.67	30.81	1	1	1	1
20230331122523	24.51	0.2	-50.34	35.69	30.77	1	1	1	1
20230331122524	24.51	0.18	-51.25	35.75	30.86	1	1	1	1
20230331122525	24.55	0.15	-52.78	35.77	30.9	1	1	1	1
20230331122526	24.58	0.15	-52.77	35.8	30.9	1	1	1	1
20230331122527	24.58	0.13	-53.97	35.86	30.94	1	1	1	1
20230331122528	24.66	0.11	-55.32	35.91	30.96	1	1	1	1
20230331122529	24.67	0.19	-50.7	35.99	30.94	1	1	1	1
20230331122530	24.72	0.19	-50.67	36.05	31.02	1	1	1	1
20230331122532	24.75	0.17	-51.62	36.13	31.04	1	1	1	1
20230331122533	24.81	0.19	-50.63	36.21	31.12	1	1	1	1
20230331122534	24.81	0.23	-48.96	36.27	31.16	1	1	1	1
20230331122535	24.82	0.21	-49.75	36.35	31.19	1	1	1	1
20230331122536	24.9	0.16	-52.06	36.46	31.23	1	1	1	1
20230331122537	24.92	0.2	-50.13	36.52	31.23	1	1	1	1
20230331122538	24.95	0.18	-51.02	36.58	31.35	1	1	1	1
20230331122539	24.95	0.23	-48.89	36.66	31.41	1	1	1	1
20230331122540	25.01	0.22	-49.25	36.75	31.49	1	1	1	1
20230331122541	25.05	0.18	-50.97	36.81	31.49	1	1	1	1
20230331122542	25.06	0.22	-49.22	36.89	31.57	1	1	1	1
20230331122543	25.11	0.26	-47.72	36.95	31.61	1	1	1	1
20230331122544	25.17	0.24	-48.4	37.04	31.65	1	1	1	1
20230331122545	25.15	0.26	-47.7	37.1	31.73	1	1	1	1
20230331122546	25.21	0.22	-49.14	37.19	31.77	1	1	1	1
20230331122547	25.22	0.21	-49.55	37.25	31.84	1	1	1	1
20230331122548	25.26	0.21	-49.52	37.31	31.88	1	1	1	1
20230331122549	25.33	0.17	-51.32	37.4	31.92	1	1	1	1
20230331122550	25.35	0.27	-47.25	37.46	31.94	1	1	1	1
20230331122552	25.41	0.23	-48.65	37.55	32.02	1	1	1	1
20230331122553	25.44	0.23	-48.63	37.61	32.08	1	1	1	1
20230331122554	25.45	0.17	-51.26	37.67	32.17	1	1	1	1
20230331122555	25.49	0.21	-49.4	37.74	32.21	1	1	1	1
20230331122556	25.52	0.23	-48.59	37.8	32.23	1	1	1	1
20230331122557	25.58	0.22	-48.95	37.86	32.29	1	1	1	1
20230331122558	25.58	0.23	-48.56	37.92	32.36	1	1	1	1
20230331122559	25.65	0.19	-50.19	37.99	32.38	1	1	1	1
20230331122600	25.66	0.23	-48.52	38.08	32.46	1	1	1	1
20230331122601	25.7	0.12	-54.08	38.12	32.48	1	1	1	1
20230331122602	25.75	0.22	-48.86	38.18	32.5	1	1	1	1
20230331122603	25.76	0.28	-46.71	38.28	32.57	1	1	1	1
20230331122604	25.79	0.12	-54.04	38.31	32.63	1	1	1	1
20230331122605	25.85	0.2	-49.64	38.37	32.66	1	1	1	1
20230331122606	25.85	0.2	-49.64	38.44	32.7	1	1	1	1
20230331122607	25.92	0.26	-47.29	38.47	32.74	1	1	1	1
20230331122608	25.95	0.26	-47.27	38.54	32.76	1	1	1	1
20230331122609	25.99	0.24	-47.96	38.6	32.87	1	1	1	1
20230331122611	26.01	0.27	-46.9	38.64	32.83	1	1	1	1
20230331122612	26.04	0.25	-47.57	38.7	32.92	1	1	1	1
20230331122613	26.1	0.27	-46.85	38.77	32.96	1	1	1	1
20230331122614	26.13	0.31	-45.59	38.8	33.03	1	1	1	1
20230331122615	26.17	0.21	-49.05	38.87	33.07	1	1	1	1
20230331122616	26.2	0.27	-46.8	38.91	33.09	1	1	1	1
20230331122617	26.24	0.25	-47.47	38.97	33.14	1	1	1	1
20230331122618	26.24	0.23	-48.21	39.04	33.12	1	1	1	1
20230331122619	26.3	0.18	-50.33	39.08	33.21	1	1	1	1
20230331122620	26.34	0.3	-45.77	39.15	33.25	1	1	1	1
20230331122621	26.34	0.23	-48.16	39.18	33.25	1	1	1	1
20230331122622	26.42	0.26	-47.02	39.22	33.29	1	1	1	1
20230331122623	26.44	0.28	-46.34	39.29	33.39	1	1	1	1
20230331122624	26.46	0.22	-48.49	39.32	33.41	1	1	1	1
20230331122625	26.51	0.3	-45.68	39.36	33.5	1	1	1	1
20230331122626	26.6	0.3	-45.63	39.43	33.5	1	1	1	1
20230331122627	26.62	0.28	-46.25	39.46	33.55	1	1	1	1
20230331122628	26.64	0.28	-46.24	39.5	33.5	1	1	1	1
20230331122629	26.68	0.22	-48.38	39.57	33.59	1	1	1	1
20230331122631	26.73	0.27	-46.52	39.64	33.61	1	1	1	1
20230331122632	26.71	0.29	-45.88	39.64	33.66	1	1	1	1
20230331122633	26.78	0.27	-46.49	39.68	33.73	1	1	1	1
20230331122634	26.81	0.27	-46.48	39.75	33.68	1	1	1	1
20230331122635	26.84	0.29	-45.81	39.78	33.75	1	1	1	1
20230331122636	26.88	0.33	-44.61	39.82	33.75	1	1	1	1
20230331122637	26.9	0.31	-45.17	39.86	33.8	1	1	1	1
20230331122638	26.93	0.31	-45.16	39.89	33.8	1	1	1	1
20230331122639	26.94	0.37	-43.52	39.97	33.87	1	1	1	1
20230331122640	27.01	0.32	-44.82	40.01	33.87	1	1	1	1
20230331122641	27.07	0.26	-46.68	40.04	33.92	1	1	1	1
20230331122642	27.07	0.23	-47.78	40.12	33.89	1	1	1	1
20230331122643	27.11	0.28	-45.99	40.12	33.96	1	1	1	1
20230331122644	27.15	0.28	-45.97	40.15	33.99	1	1	1	1
20230331122645	27.21	0.26	-46.6	40.19	34.06	1	1	1	1
20230331122646	27.24	0.32	-44.7	40.27	34.08	1	1	1	1
20230331122647	27.3	0.28	-45.89	40.27	34.08	1	1	1	1
20230331122648	27.32	0.24	-47.27	40.34	34.11	1	1	1	1
20230331122649	27.35	0.34	-44.08	40.34	34.15	1	1	1	1
20230331122651	27.4	0.29	-45.51	40.42	34.23	1	1	1	1
20230331122652	27.41	0.34	-44.05	40.42	34.27	1	1	1	1
20230331122653	27.45	0.27	-46.14	40.46	34.3	1	1	1	1
20230331122654	27.48	0.31	-44.86	40.5	34.27	1	1	1	1
20230331122655	27.49	0.25	-46.81	40.57	34.27	1	1	1	1
20230331122656	27.53	0.31	-44.83	40.57	34.27	1	1	1	1
20230331122657	27.56	0.31	-44.82	40.61	34.37	1	1	1	1
20230331122658	27.61	0.29	-45.4	40.73	34.44	1	1	1	1
20230331122659	27.62	0.35	-43.67	40.77	34.37	1	1	1	1
20230331122700	27.66	0.33	-44.19	40.89	34.47	1	1	1	1
20230331122701	27.72	0.29	-45.34	40.93	34.47	1	1	1	1
20230331122702	27.74	0.27	-45.98	41.01	34.57	1	1	1	1
20230331122703	27.81	0.34	-43.83	41.09	34.59	1	1	1	1
20230331122704	27.82	0.34	-43.83	41.17	34.64	1	1	1	1
20230331122705	27.86	0.2	-48.61	41.25	34.69	1	1	1	1
20230331122706	27.91	0.3	-44.93	41.37	34.79	1	1	1	1
20230331122707	27.95	0.34	-43.76	41.41	34.87	1	1	1	1
20230331122708	27.97	0.34	-43.75	41.45	34.92	1	1	1	1
20230331122710	28.0	0.28	-45.51	41.58	34.99	1	1	1	1
20230331122711	28.06	0.36	-43.16	41.62	35.07	1	1	1	1
20230331122712	28.09	0.34	-43.68	41.71	35.04	1	1	1	1
20230331122713	28.13	0.35	-43.39	41.79	35.09	1	1	1	1
20230331122714	28.13	0.35	-43.39	41.83	35.12	1	1	1	1
20230331122715	28.19	0.37	-42.84	41.96	35.22	1	1	1	1
20230331122716	28.19	0.35	-43.36	42.01	35.35	1	1	1	1
20230331122717	28.23	0.35	-43.33	42.09	35.33	1	1	1	1
20230331122718	28.28	0.31	-44.43	42.14	35.35	1	1	1	1
20230331122719	28.33	0.27	-45.67	42.23	35.43	1	1	1	1
20230331122720	28.35	0.31	-44.39	42.31	35.46	1	1	1	1
20230331122721	28.42	0.29	-44.97	42.36	35.51	1	1	1	1
20230331122722	28.43	0.31	-44.35	42.4	35.54	1	1	1	1
20230331122723	28.49	0.33	-43.74	42.49	35.64	1	1	1	1
20230331122724	28.54	0.36	-42.9	42.54	35.64	1	1	1	1
20230331122725	28.59	0.4	-41.89	42.63	35.77	1	1	1	1
20230331122726	28.62	0.32	-43.96	42.67	35.77	1	1	1	1
20230331122727	28.63	0.34	-43.39	42.72	35.86	1	1	1	1
20230331122728	28.67	0.32	-43.93	42.81	35.88	1	1	1	1
20230331122729	28.7	0.34	-43.35	42.91	35.88	1	1	1	1
20230331122731	28.76	0.32	-43.88	42.95	35.91	1	1	1	1
20230331122732	28.77	0.36	-42.78	43.0	35.99	1	1	1	1
20230331122733	28.83	0.37	-42.49	43.05	36.02	1	1	1	1
20230331122734	28.86	0.34	-43.26	43.09	36.1	1	1	1	1
20230331122735	28.89	0.37	-42.46	43.14	36.1	1	1	1	1
20230331122736	28.94	0.37	-42.43	43.28	36.16	1	1	1	1
20230331122737	28.94	0.37	-42.43	43.28	36.24	1	1	1	1
20230331122738	28.97	0.39	-41.92	43.38	36.29	1	1	1	1
20230331122739	29.04	0.35	-42.9	43.43	36.32	1	1	1	1
20230331122740	29.06	0.37	-42.36	43.48	36.38	1	1	1	1
20230331122741	29.13	0.35	-42.85	43.53	36.35	1	1	1	1
20230331122742	29.16	0.38	-42.06	43.63	36.44	1	1	1	1
20230331122743	29.23	0.4	-41.53	43.68	36.52	1	1	1	1
20230331122744	29.26	0.38	-42.0	43.72	36.46	1	1	1	1
20230331122745	29.28	0.4	-41.51	43.72	36.58	1	1	1	1
20230331122746	29.31	0.38	-41.98	43.83	36.58	1	1	1	1
20230331122747	29.38	0.4	-41.45	43.88	36.63	1	1	1	1
20230331122748	29.4	0.38	-41.93	43.93	36.69	1	1	1	1
20230331122749	29.42	0.36	-42.43	43.98	36.72	1	1	1	1
20230331122750	29.48	0.43	-40.71	44.03	36.81	1	1	1	1
20230331122752	29.51	0.34	-42.91	44.08	36.84	1	1	1	1
20230331122753	29.54	0.36	-42.36	44.13	36.86	1	1	1	1
20230331122754	29.61	0.37	-42.06	44.18	36.86	1	1	1	1
20230331122755	29.6	0.39	-41.57	44.23	36.95	1	1	1	1
20230331122756	29.67	0.35	-42.56	44.29	36.95	1	1	1	1
20230331122757	29.7	0.39	-41.52	44.34	37.04	1	1	1	1
20230331122758	29.74	0.41	-41.02	44.39	37.04	1	1	1	1
20230331122759	29.77	0.37	-41.98	44.39	37.07	1	1	1	1
20230331122800	29.82	0.43	-40.52	44.44	37.13	1	1	1	1
20230331122801	29.84	0.41	-40.97	44.55	37.19	1	1	1	1
20230331122802	29.91	0.42	-40.7	44.55	37.19	1	1	1	1
20230331122803	29.98	0.4	-41.12	44.6	37.19	1	1	1	1
20230331122804	29.96	0.38	-41.62	44.66	37.25	1	1	1	1
20230331122805	30.05	0.42	-40.62	44.76	37.31	1	1	1	1
20230331122806	30.05	0.44	-40.17	44.76	37.31	1	1	1	1
20230331122807	30.11	0.42	-40.59	44.93	37.37	1	1	1	1
20230331122808	30.14	0.38	-41.52	45.04	37.43	1	1	1	1
20230331122809	30.15	0.46	-39.69	45.04	37.46	1	1	1	1
20230331122810	30.19	0.38	-41.5	45.15	37.58	1	1	1	1
20230331122811	30.25	0.43	-40.28	45.26	37.55	1	1	1	1
20230331122813	30.31	0.37	-41.68	45.32	37.61	1	1	1	1
20230331122814	30.34	0.39	-41.17	45.43	37.71	1	1	1	1
20230331122815	30.35	0.45	-39.79	45.55	37.77	1	1	1	1
20230331122816	30.38	0.45	-39.77	45.55	37.86	1	1	1	1
20230331122817	30.42	0.41	-40.65	45.66	37.92	1	1	1	1
20230331122818	30.45	0.43	-40.17	45.72	37.99	1	1	1	1
20230331122819	30.53	0.43	-40.13	45.84	38.05	1	1	1	1
20230331122820	30.55	0.41	-40.58	45.9	38.05	1	1	1	1
20230331122821	30.61	0.43	-40.09	45.96	38.15	1	1	1	1
20230331122822	30.65	0.44	-39.84	46.08	38.21	1	1	1	1
20230331122823	30.7	0.5	-38.57	46.14	38.31	1	1	1	1
20230331122824	30.75	0.42	-40.24	46.2	38.34	1	1	1	1
20230331122825	30.78	0.46	-39.34	46.26	38.37	1	1	1	1
20230331122826	30.8	0.46	-39.33	46.39	38.47	1	1	1	1
20230331122827	30.87	0.49	-38.68	46.45	38.47	1	1	1	1
20230331122828	30.9	0.42	-40.15	46.51	38.47	1	1	1	1
20230331122829	30.93	0.49	-38.64	46.57	38.54	1	1	1	1
20230331122830	30.97	0.47	-39.03	46.64	38.57	1	1	1	1
20230331122831	31.0	0.45	-39.43	46.83	38.77	1	1	1	1
20230331122833	31.04	0.45	-39.41	46.76	38.77	1	1	1	1
20230331122834	31.1	0.41	-40.27	46.83	38.8	1	1	1	1
20230331122835	31.14	0.47	-38.93	46.96	38.91	1	1	1	1
20230331122836	31.14	0.45	-39.35	47.02	38.94	1	1	1	1
20230331122837	31.23	0.43	-39.74	47.02	39.01	1	1	1	1
20230331122838	31.26	0.43	-39.73	47.15	39.04	1	1	1	1
20230331122839	31.29	0.5	-38.24	47.22	39.08	1	1	1	1
20230331122840	31.33	0.44	-39.47	47.29	39.11	1	1	1	1
20230331122841	31.41	0.48	-38.58	47.29	39.22	1	1	1	1
20230331122842	31.48	0.46	-38.95	47.42	39.25	1	1	1	1
20230331122843	31.5	0.46	-38.94	47.49	39.25	1	1	1	1
20230331122844	31.53	0.44	-39.36	47.56	39.36	1	1	1	1
20230331122845	31.59	0.46	-38.89	47.63	39.39	1	1	1	1
20230331122846	31.61	0.44	-39.31	47.63	39.43	1	1	1	1
20230331122847	31.66	0.45	-39.07	47.69	39.5	1	1	1	1
20230331122848	31.71	0.45	-39.04	47.83	39.5	1	1	1	1
20230331122849	31.74	0.49	-38.19	47.9	39.64	1	1	1	1
20230331122850	31.78	0.57	-36.68	47.9	39.64	1	1	1	1
20230331122851	31.83	0.45	-38.97	47.97	39.64	1	1	1	1
20230331122852	31.87	0.49	-38.12	48.05	39.64	1	1	1	1
20230331122854	31.9	0.49	-38.1	48.12	39.75	1	1	1	1
20230331122855	31.97	0.45	-38.9	48.19	39.86	1	1	1	1
20230331122856	31.98	0.53	-37.29	48.19	39.86	1	1	1	1
20230331122857	32.01	0.45	-38.87	48.26	39.86	1	1	1	1
20230331122858	32.06	0.4	-39.99	48.26	39.93	1	1	1	1
20230331122859	32.11	0.48	-38.19	48.41	39.97	1	1	1	1
20230331122900	32.17	0.48	-38.16	48.41	39.97	1	1	1	1
20230331122901	32.26	0.52	-37.32	48.48	40.01	1	1	1	1
20230331122902	32.27	0.48	-38.1	48.48	40.04	1	1	1	1
20230331122903	32.31	0.48	-38.08	48.55	40.08	1	1	1	1
20230331122904	32.35	0.49	-37.85	48.63	40.15	1	1	1	1
20230331122905	32.38	0.57	-36.34	48.7	40.19	1	1	1	1
20230331122906	32.44	0.57	-36.3	48.78	40.27	1	1	1	1
20230331122907	32.48	0.51	-37.39	48.78	40.27	1	1	1	1
20230331122908	32.52	0.53	-36.98	48.78	40.3	1	1	1	1
20230331122909	32.55	0.49	-37.74	48.85	40.3	1	1	1	1
20230331122910	32.61	0.53	-36.93	48.93	40.38	1	1	1	1
20230331122911	32.65	0.47	-38.1	49.01	40.42	1	1	1	1
20230331122912	32.68	0.47	-38.08	49.01	40.42	1	1	1	1
20230331122914	32.71	0.54	-36.69	49.08	40.5	1	1	1	1
20230331122915	32.77	0.52	-37.03	49.08	40.42	1	1	1	1
20230331122916	32.82	0.52	-37.0	49.16	40.42	1	1	1	1
20230331122917	32.85	0.5	-37.38	49.16	40.57	1	1	1	1
20230331122918	32.88	0.58	-35.88	49.24	40.57	1	1	1	1
20230331122919	32.97	0.46	-38.13	49.32	40.69	1	1	1	1
20230331122920	33.01	0.52	-36.9	49.32	40.69	1	1	1	1
20230331122921	33.04	0.49	-37.47	49.4	40.73	1	1	1	1
20230331122922	33.08	0.49	-37.45	49.48	40.77	1	1	1	1
20230331122923	33.14	0.59	-35.56	49.48	40.81	1	1	1	1
20230331122924	33.18	0.49	-37.39	49.48	40.93	1	1	1	1
20230331122925	33.19	0.53	-36.61	49.56	40.93	1	1	1	1
20230331122926	33.24	0.55	-36.21	49.64	40.93	1	1	1	1
20230331122927	33.29	0.49	-37.33	49.64	40.97	1	1	1	1
20230331122928	33.32	0.55	-36.17	49.72	40.93	1	1	1	1
20230331122929	33.35	0.57	-35.79	49.72	41.01	1	1	1	1
20230331122930	33.44	0.56	-35.92	49.8	41.09	1	1	1	1
20230331122931	33.46	0.6	-35.21	49.8	41.09	1	1	1	1
20230331122933	33.49	0.56	-35.89	49.8	41.09	1	1	1	1
20230331122934	33.55	0.58	-35.5	49.89	41.09	1	1	1	0
20230331122935	33.55	0.64	-34.51	49.89	41.09	1	1	1	0
20230331122936	33.62	0.56	-35.82	49.89	40.97	1	1	1	0
20230331122937	33.71	0.54	-36.13	49.8	40.81	1	1	1	0
20230331122938	33.73	0.56	-35.76	49.72	40.65	1	1	1	0
20230331122939	33.75	0.56	-35.74	49.48	40.53	1	1	1	0
20230331122940	33.76	0.5	-36.87	49.4	40.34	1	1	1	0
20230331122941	33.82	0.51	-36.64	49.16	40.27	1	1	1	0
20230331122942	33.85	0.51	-36.62	49.08	40.12	1	1	1	0
20230331122943	33.88	0.61	-34.81	48.85	40.01	1	1	1	0
20230331122944	33.88	0.53	-36.22	48.7	39.78	1	1	1	0
20230331122945	33.93	0.55	-35.82	48.48	39.68	1	1	1	0
20230331122946	33.92	0.57	-35.47	48.33	39.6	1	1	1	0
20230331122947	33.95	0.55	-35.81	48.19	39.43	1	1	1	0
20230331122949	33.99	0.61	-34.75	47.97	39.25	1	1	1	0
20230331122950	33.99	0.55	-35.79	47.83	39.15	1	1	1	0
20230331122951	34.0	0.59	-35.08	47.63	39.04	1	1	1	0
20230331122952	34.03	0.51	-36.52	47.49	38.91	1	1	1	0
20230331122953	34.11	0.6	-34.85	47.29	38.77	1	1	1	0
20230331122954	34.12	0.61	-34.67	47.09	38.64	1	1	1	0
20230331122955	34.12	0.57	-35.36	46.96	38.47	1	1	1	0
20230331122956	34.12	0.57	-35.36	46.76	38.37	1	1	1	0
20230331122957	34.13	0.56	-35.53	46.57	38.24	1	1	1	0
20230331122958	34.13	0.57	-35.35	46.45	38.08	1	1	1	0
20230331122959	34.16	0.62	-34.49	46.26	37.96	1	1	1	0
20230331123000	34.16	0.56	-35.52	46.08	37.89	1	1	1	0
20230331123001	34.2	0.6	-34.8	45.9	37.8	1	1	1	0
20230331123002	34.19	0.54	-35.86	45.72	37.61	1	1	1	0
20230331123003	34.2	0.49	-36.83	45.55	37.43	1	1	1	0
20230331123005	34.2	0.58	-35.14	45.43	37.37	1	1	1	0
20230331123006	34.19	0.62	-34.47	45.26	37.31	1	1	1	0
20230331123007	34.23	0.6	-34.78	45.04	37.13	1	1	1	0
20230331123008	34.23	0.54	-35.84	44.87	37.07	1	1	1	0
20230331123009	34.23	0.58	-35.12	44.76	36.92	1	1	1	0
20230331123010	34.24	0.6	-34.77	44.55	36.81	1	1	1	0
20230331123011	34.24	0.62	-34.44	44.39	36.69	1	1	1	0
20230331123012	34.27	0.52	-36.2	44.23	36.58	1	1	1	0
20230331123013	34.26	0.58	-35.11	44.08	36.49	1	1	1	0
20230331123014	34.27	0.58	-35.1	43.93	36.35	1	1	1	0
20230331123015	34.29	0.56	-35.44	43.72	36.18	1	1	1	0
20230331123016	34.26	0.56	-35.46	43.63	36.1	1	1	1	0
20230331123017	34.27	0.54	-35.82	43.43	35.99	1	1	1	0
20230331123018	34.26	0.6	-34.76	43.28	35.88	1	1	1	0
20230331123020	34.3	0.58	-35.08	43.09	35.75	1	1	1	0
20230331123021	34.27	0.56	-35.45	42.91	35.64	1	1	1	0
20230331123022	34.26	0.52	-36.2	42.77	35.51	1	1	1	0
20230331123023	34.27	0.56	-35.45	42.67	35.4	1	1	1	0
20230331123024	34.26	0.62	-34.43	42.49	35.3	1	1	1	0
20230331123025	34.26	0.56	-35.46	42.31	35.12	1	1	1	0
20230331123026	34.26	0.6	-34.76	42.18	35.09	1	1	1	0
20230331123027	34.26	0.56	-35.46	42.01	34.92	1	1	1	0
20230331123028	34.26	0.52	-36.2	41.88	34.82	1	1	1	0
20230331123029	34.23	0.58	-35.12	41.75	34.69	1	1	1	0
20230331123030	34.23	0.6	-34.78	41.58	34.59	1	1	1	0
20230331123031	34.23	0.58	-35.12	41.41	34.54	1	1	1	0
20230331123032	34.22	0.58	-35.13	41.29	34.42	1	1	1	0
20230331123033	34.22	0.58	-35.13	41.13	34.35	1	1	1	0
20230331123034	34.23	0.54	-35.84	41.01	34.25	1	1	1	0
20230331123036	34.19	0.58	-35.14	40.85	34.08	1	1	1	0
20230331123037	34.19	0.58	-35.14	40.73	34.01	1	1	1	0
20230331123038	34.18	0.54	-35.87	40.57	33.92	1	1	1	0
20230331123039	34.16	0.56	-35.52	40.42	33.82	1	1	1	0
20230331123040	34.15	0.58	-35.17	40.3	33.73	1	1	1	0
20230331123041	34.13	0.56	-35.53	40.12	33.59	1	1	1	0
20230331123042	34.12	0.56	-35.54	40.01	33.52	1	1	1	0
20230331123043	34.12	0.53	-36.09	39.86	33.39	1	1	1	0
20230331123044	34.11	0.51	-36.48	39.75	33.32	1	1	1	0
20230331123045	34.13	0.6	-34.84	39.6	33.23	1	1	1	0
20230331123046	34.08	0.55	-35.74	39.5	33.14	1	1	1	0
20230331123047	34.06	0.61	-34.71	39.36	33.03	1	1	1	0
20230331123048	34.08	0.61	-34.7	39.22	32.92	1	1	1	0
20230331123049	34.04	0.59	-35.06	39.08	32.81	1	1	1	0
20230331123050	34.02	0.63	-34.4	38.91	32.7	1	1	1	0
20230331123052	34.0	0.61	-34.74	38.77	32.61	1	1	1	0
20230331123053	33.96	0.59	-35.1	38.64	32.55	1	1	1	0
20230331123054	33.97	0.57	-35.44	38.54	32.46	1	1	1	0
20230331123055	33.95	0.61	-34.77	38.41	32.33	1	1	1	0
20230331123056	33.93	0.55	-35.82	38.28	32.19	1	1	1	0
20230331123057	33.92	0.57	-35.47	38.15	32.21	1	1	1	0
20230331123058	33.86	0.57	-35.51	38.02	32.06	1	1	1	0
20230331123059	33.89	0.53	-36.22	37.89	32.02	1	1	1	0
20230331123100	33.85	0.59	-35.16	37.77	31.94	1	1	1	0
20230331123101	33.83	0.59	-35.17	37.64	31.84	1	1	1	0
20230331123102	33.82	0.55	-35.89	37.52	31.75	1	1	1	0
20230331123103	33.82	0.59	-35.18	37.4	31.61	1	1	1	0
20230331123104	33.78	0.51	-36.66	37.28	31.61	1	1	1	0
20230331123105	33.76	0.52	-36.48	37.16	31.49	1	1	1	0
20230331123107	33.72	0.5	-36.89	37.07	31.37	1	1	1	0
20230331123108	33.66	0.6	-35.1	36.95	31.33	1	1	1	0
20230331123109	33.65	0.58	-35.45	36.81	31.19	1	1	1	0
20230331123110	33.65	0.48	-37.34	36.69	31.12	1	1	1	0
20230331123111	33.62	0.52	-36.56	36.58	31.02	1	1	1	0
20230331123112	33.58	0.58	-35.49	36.46	30.98	1	1	1	0
20230331123113	33.58	0.54	-36.2	36.35	30.86	1	1	1	0
20230331123114	33.55	0.52	-36.6	36.21	30.79	1	1	1	0
20230331123115	33.53	0.56	-35.87	36.1	30.71	1	1	1	0
20230331123116	33.49	0.54	-36.25	35.99	30.64	1	1	1	0
20230331123117	33.49	0.62	-34.87	35.88	30.54	1	1	1	0
20230331123118	33.45	0.56	-35.91	35.77	30.43	1	1	1	0
20230331123119	33.42	0.6	-35.24	35.67	30.39	1	1	1	0
20230331123120	33.39	0.51	-36.88	35.54	30.33	1	1	1	0
20230331123121	33.39	0.55	-36.13	35.43	30.24	1	1	1	0
20230331123123	33.32	0.6	-35.29	35.33	30.19	1	1	1	0
20230331123124	33.32	0.47	-37.73	35.22	30.13	1	1	1	0
20230331123125	33.26	0.55	-36.2	35.12	30.0	1	1	1	0
20230331123126	33.24	0.53	-36.58	35.02	29.91	1	1	1	0
20230331123127	33.24	0.59	-35.51	34.92	29.86	1	1	1	0
20230331123128	33.21	0.49	-37.38	34.82	29.77	1	1	1	0
20230331123129	33.16	0.51	-37.01	34.69	29.73	1	1	1	0
20230331123130	33.15	0.63	-34.9	34.59	29.61	1	1	1	0
20230331123131	33.11	0.55	-36.28	34.49	29.55	1	1	1	0
20230331123132	33.08	0.53	-36.67	34.37	29.48	1	1	1	0
20230331123133	33.05	0.53	-36.69	34.3	29.41	1	1	1	0
20230331123134	33.01	0.52	-36.9	34.23	29.32	1	1	1	0
20230331123135	33.02	0.6	-35.46	34.08	29.31	1	1	1	0
20230331123136	32.99	0.56	-36.17	34.01	29.24	1	1	1	0
20230331123137	32.92	0.6	-35.52	33.87	29.15	1	1	1	0
20230331123139	32.88	0.54	-36.6	33.78	29.08	1	1	1	0
20230331123140	32.85	0.54	-36.61	33.68	28.99	1	1	1	0
20230331123141	32.84	0.52	-36.99	33.59	28.93	1	1	1	0
20230331123142	32.81	0.52	-37.01	33.5	28.82	1	1	1	0
20230331123143	32.75	0.56	-36.31	33.41	28.75	1	1	1	0
20230331123144	32.74	0.48	-37.84	33.32	28.7	1	1	1	0
20230331123145	32.72	0.52	-37.06	33.21	28.65	1	1	1	0
20230331123146	32.67	0.45	-38.51	33.12	28.59	1	1	1	0
20230331123147	32.64	0.49	-37.69	33.03	28.52	1	1	1	0
20230331123148	32.64	0.51	-37.3	32.94	28.47	1	1	1	0
20230331123149	32.59	0.49	-37.72	32.83	28.39	1	1	1	0
20230331123150	32.55	0.53	-36.97	32.74	28.34	1	1	1	0
20230331123151	32.52	0.53	-36.98	32.66	28.27	1	1	1	0
20230331123152	32.47	0.51	-37.39	32.57	28.19	1	1	1	0
20230331123154	32.44	0.47	-38.21	32.48	28.12	1	1	1	0
20230331123155	32.42	0.49	-37.81	32.38	28.01	1	1	1	0
20230331123156	32.37	0.51	-37.45	32.29	27.99	1	1	1	0
20230331123157	32.34	0.54	-36.9	32.21	27.91	1	1	1	0
20230331123158	32.32	0.52	-37.28	32.12	27.86	1	1	1	0
20230331123159	32.3	0.46	-38.5	32.04	27.78	1	1	1	0
20230331123200	32.24	0.48	-38.12	31.94	27.76	1	1	1	0
20230331123201	32.22	0.56	-36.6	31.86	27.67	1	1	1	0
20230331123202	32.18	0.48	-38.15	31.77	27.6	1	1	1	0
20230331123203	32.15	0.52	-37.38	31.69	27.53	1	1	1	0
20230331123204	32.11	0.5	-37.79	31.61	27.51	1	1	1	0
20230331123205	32.08	0.48	-38.21	31.53	27.45	1	1	1	0
20230331123206	32.07	0.43	-39.28	31.43	27.38	1	1	1	0
20230331123207	31.97	0.5	-37.87	31.35	27.34	1	1	1	0
20230331123209	31.97	0.45	-38.9	31.27	27.26	1	1	1	0
20230331123210	31.91	0.45	-38.93	31.19	27.19	1	1	1	0
20230331123211	31.88	0.51	-37.72	31.12	27.13	1	1	1	0
20230331123212	31.84	0.55	-37.0	31.02	27.12	1	1	1	0
20230331123213	31.78	0.47	-38.58	30.94	27.02	1	1	1	0
20230331123214	31.78	0.51	-37.78	30.86	26.99	1	1	1	0
20230331123215	31.76	0.53	-37.41	30.79	26.95	1	1	1	0
20230331123216	31.73	0.39	-40.41	30.71	26.87	1	1	1	0
20230331123217	31.71	0.47	-38.62	30.64	26.79	1	1	1	0
20230331123218	31.66	0.51	-37.84	30.56	26.78	1	1	1	0
20230331123219	31.63	0.51	-37.86	30.48	26.73	1	1	1	0
20230331123220	31.59	0.46	-38.89	30.41	26.66	1	1	1	0
20230331123221	31.52	0.48	-38.52	30.33	26.61	1	1	1	0
20230331123223	31.48	0.5	-38.14	30.26	26.55	1	1	1	0
20230331123224	31.47	0.44	-39.39	30.19	26.49	1	1	1	0
20230331123225	31.41	0.5	-38.18	30.11	26.43	1	1	1	0
20230331123226	31.38	0.44	-39.44	30.04	26.4	1	1	1	0
20230331123227	31.36	0.48	-38.6	29.97	26.33	1	1	1	0
20230331123228	31.32	0.48	-38.63	29.89	26.3	1	1	1	0
20230331123229	31.29	0.48	-38.64	29.82	26.22	1	1	1	0
20230331123230	31.24	0.48	-38.67	29.77	26.18	1	1	1	0
20230331123231	31.22	0.51	-38.09	29.68	26.12	1	1	1	0
20230331123232	31.19	0.49	-38.5	29.62	26.07	1	1	1	0
20230331123233	31.13	0.45	-39.36	29.55	26.03	1	1	1	0
20230331123234	31.12	0.47	-38.94	29.48	25.98	1	1	1	0
20230331123235	31.06	0.47	-38.98	29.39	25.93	1	1	1	0
20230331123236	31.02	0.49	-38.59	29.34	25.87	1	1	1	0
20230331123237	30.97	0.45	-39.45	29.27	25.82	1	1	1	0
20230331123239	30.94	0.47	-39.04	29.18	25.78	1	1	1	0
20230331123240	30.92	0.4	-40.61	29.13	25.72	1	1	1	0
20230331123241	30.85	0.48	-38.89	29.08	25.68	1	1	1	0
20230331123242	30.83	0.44	-39.74	28.99	25.63	1	1	1	0
20230331123243	30.79	0.44	-39.77	28.94	25.61	1	1	1	0
20230331123244	30.75	0.52	-38.16	28.87	25.56	1	1	1	0
20230331123245	30.72	0.46	-39.37	28.81	25.48	1	1	1	0
20230331123246	30.68	0.5	-38.58	28.74	25.45	1	1	1	0
20230331123247	30.63	0.39	-41.01	28.69	25.42	1	1	1	0
20230331123248	30.63	0.39	-41.01	28.6	25.35	1	1	1	0
20230331123249	30.61	0.46	-39.43	28.54	25.32	1	1	1	0
20230331123250	30.55	0.37	-41.55	28.49	25.26	1	1	1	0
20230331123251	30.48	0.47	-39.3	28.42	25.21	1	1	1	0
20230331123252	30.43	0.43	-40.18	28.37	25.19	1	1	1	0
20230331123253	30.39	0.43	-40.21	28.3	25.13	1	1	1	0
20230331123255	30.38	0.43	-40.21	28.25	25.12	1	1	1	0
20230331123256	30.34	0.47	-39.38	28.19	25.05	1	1	1	0
20230331123257	30.28	0.43	-40.27	28.12	25.01	1	1	1	0
20230331123258	30.26	0.41	-40.73	28.06	24.98	1	1	1	0
20230331123259	30.25	0.45	-39.85	27.99	24.92	1	1	1	0
20230331123300	30.18	0.42	-40.55	27.96	24.9	1	1	1	0
20230331123301	30.15	0.42	-40.56	27.88	24.84	1	1	1	0
20230331123302	30.12	0.42	-40.58	27.83	24.8	1	1	1	0
20230331123303	30.08	0.48	-39.32	27.78	24.76	1	1	1	0
20230331123304	30.04	0.42	-40.62	27.72	24.73	1	1	1	0
20230331123305	30.01	0.46	-39.77	27.65	24.67	1	1	1	0
20230331123306	29.94	0.46	-39.81	27.62	24.63	1	1	1	0
20230331123307	29.92	0.44	-40.24	27.54	24.6	1	1	1	0
20230331123308	29.85	0.41	-40.96	27.49	24.56	1	1	1	0
