EventTime	aTemp	RH	DP	cTemp	mTemp	sLid	sVacuu	sPressure	IsOkay
20230404160158	-9.31	0.57	-57.18	-13.68	-12.04	1	1	1	1
20230404160159	-9.35	0.48	-58.5	-13.75	-12.11	1	1	1	1
20230404160200	-9.38	0.51	-58.07	-13.71	-12.07	1	1	1	1
20230404160201	-9.38	0.51	-58.07	-13.75	-12.11	1	1	1	1
20230404160202	-9.42	0.55	-57.53	-13.78	-12.18	1	1	1	1
20230404160203	-9.42	0.53	-57.81	-13.81	-12.18	1	1	1	1
20230404160204	-9.45	0.55	-57.55	-13.88	-12.25	1	1	1	1
20230404160205	-9.47	0.56	-57.42	-13.97	-12.32	1	1	1	1
20230404160206	-9.47	0.48	-58.58	-13.94	-12.28	1	1	1	1
20230404160207	-9.5	0.53	-57.86	-14.01	-12.32	1	1	1	1
20230404160209	-9.53	0.51	-58.17	-14.07	-12.42	1	1	1	1
20230404160210	-9.55	0.55	-57.61	-14.11	-12.45	1	1	1	1
20230404160211	-9.56	0.55	-57.62	-14.17	-12.42	1	1	1	1
20230404160212	-9.59	0.54	-57.78	-14.14	-12.45	1	1	1	1
20230404160213	-9.63	0.49	-58.53	-14.24	-12.52	1	1	1	1
20230404160214	-9.64	0.56	-57.54	-14.24	-12.59	1	1	1	1
20230404160215	-9.67	0.58	-57.29	-14.24	-12.59	1	1	1	1
20230404160216	-9.7	0.52	-58.14	-14.27	-12.59	1	1	1	1
20230404160217	-9.7	0.54	-57.85	-14.4	-12.7	1	1	1	1
20230404160218	-9.73	0.51	-58.3	-14.44	-12.73	1	1	1	1
20230404160220	-9.76	0.58	-57.35	-14.44	-12.77	1	1	1	1
20230404160221	-9.78	0.54	-57.9	-14.4	-12.73	1	1	1	1
20230404160222	-9.83	0.52	-58.22	-14.47	-12.8	1	1	1	1
20230404160223	-9.83	0.5	-58.52	-14.47	-12.77	1	1	1	1
20230404160224	-9.87	0.54	-57.96	-14.54	-12.87	1	1	1	1
20230404160225	-9.9	0.52	-58.27	-14.6	-12.84	1	1	1	1
20230404160226	-9.91	0.56	-57.72	-14.64	-12.94	1	1	1	1
20230404160227	-9.94	0.52	-58.3	-14.67	-12.94	1	1	1	1
20230404160228	-9.96	0.54	-58.03	-14.7	-12.91	1	1	1	1
20230404160229	-9.96	0.52	-58.31	-14.67	-12.98	1	1	1	1
20230404160231	-10.0	0.5	-58.63	-14.74	-13.05	1	1	1	1
20230404160232	-10.03	0.46	-59.27	-14.74	-13.05	1	1	1	1
20230404160233	-10.06	0.51	-58.52	-14.84	-13.05	1	1	1	1
20230404160234	-10.08	0.5	-58.68	-14.84	-13.08	1	1	1	1
20230404160235	-10.1	0.53	-58.26	-14.84	-13.15	1	1	1	1
20230404160236	-10.13	0.53	-58.28	-14.87	-13.15	1	1	1	1
20230404160237	-10.14	0.5	-58.72	-14.97	-13.22	1	1	1	1
20230404160238	-10.18	0.49	-58.9	-14.97	-13.19	1	1	1	1
20230404160239	-10.18	0.59	-57.5	-15.01	-13.29	1	1	1	1
20230404160240	-10.21	0.53	-58.33	-15.07	-13.33	1	1	1	1
20230404160242	-10.24	0.48	-59.09	-15.04	-13.36	1	1	1	1
20230404160243	-10.25	0.55	-58.08	-15.14	-13.36	1	1	1	1
20230404160244	-10.27	0.53	-58.37	-15.14	-13.36	1	1	1	1
20230404160245	-10.31	0.49	-58.99	-15.11	-13.43	1	1	1	1
20230404160246	-10.29	0.47	-59.28	-15.14	-13.4	1	1	1	1
20230404160247	-10.32	0.51	-58.69	-15.18	-13.43	1	1	1	1
20230404160248	-10.37	0.53	-58.44	-15.28	-13.5	1	1	1	1
20230404160249	-10.37	0.53	-58.44	-15.24	-13.47	1	1	1	1
20230404160250	-10.41	0.53	-58.47	-15.28	-13.5	1	1	1	1
20230404160251	-10.45	0.58	-57.82	-15.31	-13.61	1	1	1	1
20230404160252	-10.46	0.56	-58.09	-15.38	-13.54	1	1	1	1
20230404160254	-10.49	0.58	-57.84	-15.38	-13.57	1	1	1	1
20230404160255	-10.51	0.52	-58.67	-15.45	-13.65	1	1	1	1
20230404160256	-10.53	0.5	-58.98	-15.45	-13.68	1	1	1	1
20230404160257	-10.55	0.47	-59.45	-15.45	-13.65	1	1	1	1
20230404160258	-10.58	0.5	-59.01	-15.52	-13.72	1	1	1	1
20230404160259	-10.59	0.52	-58.73	-15.52	-13.79	1	1	1	1
20230404160300	-10.62	0.54	-58.47	-15.59	-13.79	1	1	1	1
20230404160301	-10.62	0.52	-58.75	-15.59	-13.79	1	1	1	1
20230404160302	-10.66	0.56	-58.22	-15.62	-13.79	1	1	1	1
20230404160303	-10.66	0.48	-59.37	-15.69	-13.82	1	1	1	1
20230404160305	-10.72	0.46	-59.73	-15.69	-13.93	1	1	1	1
20230404160306	-10.72	0.55	-58.4	-15.76	-13.93	1	1	1	1
20230404160307	-10.73	0.59	-57.87	-15.79	-13.97	1	1	1	1
20230404160308	-10.76	0.52	-58.84	-15.79	-14.0	1	1	1	1
20230404160309	-10.76	0.54	-58.56	-15.76	-13.97	1	1	1	1
20230404160310	-10.8	0.53	-58.73	-15.86	-13.97	1	1	1	1
20230404160311	-10.82	0.51	-59.03	-15.83	-14.07	1	1	1	1
20230404160312	-10.83	0.53	-58.75	-15.86	-14.07	1	1	1	1
20230404160313	-10.84	0.57	-58.21	-15.97	-14.11	1	1	1	1
20230404160314	-10.89	0.5	-59.22	-15.97	-14.11	1	1	1	1
20230404160315	-10.9	0.53	-58.79	-15.93	-14.11	1	1	1	1
20230404160317	-10.92	0.55	-58.53	-15.97	-14.18	1	1	1	1
20230404160318	-10.95	0.51	-59.11	-16.0	-14.22	1	1	1	1
20230404160319	-10.97	0.55	-58.56	-16.07	-14.25	1	1	1	1
20230404160320	-10.99	0.49	-59.44	-16.07	-14.18	1	1	1	1
20230404160321	-11.02	0.51	-59.16	-16.04	-14.22	1	1	1	1
20230404160322	-11.0	0.55	-58.58	-16.14	-14.32	1	1	1	1
20230404160323	-11.03	0.56	-58.47	-16.11	-14.29	1	1	1	1
20230404160324	-11.06	0.51	-59.19	-16.18	-14.36	1	1	1	1
20230404160325	-11.1	0.54	-58.79	-16.25	-14.4	1	1	1	1
20230404160326	-11.13	0.45	-60.16	-16.25	-14.4	1	1	1	1
20230404160328	-11.13	0.53	-58.95	-16.28	-14.36	1	1	1	1
20230404160329	-11.13	0.51	-59.23	-16.28	-14.43	1	1	1	1
20230404160330	-11.17	0.52	-59.11	-16.28	-14.47	1	1	1	1
20230404160331	-11.17	0.52	-59.11	-16.28	-14.51	1	1	1	1
20230404160332	-11.2	0.54	-58.85	-16.28	-14.47	1	1	1	1
20230404160333	-11.2	0.51	-59.28	-16.39	-14.54	1	1	1	1
20230404160334	-11.24	0.56	-58.61	-16.35	-14.51	1	1	1	1
20230404160335	-11.27	0.52	-59.18	-16.39	-14.51	1	1	1	1
20230404160336	-11.3	0.56	-58.65	-16.39	-14.54	1	1	1	1
20230404160337	-11.3	0.5	-59.49	-16.39	-14.54	1	1	1	1
20230404160339	-11.31	0.52	-59.21	-16.49	-14.58	1	1	1	1
20230404160340	-11.36	0.47	-59.99	-16.49	-14.69	1	1	1	1
20230404160341	-11.37	0.5	-59.54	-16.56	-14.69	1	1	1	1
20230404160342	-11.38	0.57	-58.57	-16.56	-14.69	1	1	1	1
20230404160343	-11.41	0.5	-59.57	-16.53	-14.65	1	1	1	1
20230404160344	-11.43	0.52	-59.29	-16.6	-14.72	1	1	1	1
20230404160345	-11.4	0.52	-59.27	-16.67	-14.76	1	1	1	1
20230404160346	-11.45	0.52	-59.3	-16.67	-14.76	1	1	1	1
20230404160347	-11.5	0.52	-59.33	-16.67	-14.8	1	1	1	1
20230404160348	-11.5	0.54	-59.05	-16.7	-14.83	1	1	1	1
20230404160350	-11.52	0.48	-59.94	-16.74	-14.8	1	1	1	1
20230404160351	-11.55	0.55	-58.95	-16.74	-14.87	1	1	1	1
20230404160352	-11.54	0.54	-59.08	-16.74	-14.9	1	1	1	1
20230404160353	-11.58	0.46	-60.29	-16.77	-14.9	1	1	1	1
20230404160354	-11.58	0.53	-59.25	-16.74	-14.94	1	1	1	1
20230404160355	-11.61	0.5	-59.7	-16.77	-14.98	1	1	1	1
20230404160356	-11.64	0.48	-60.02	-16.85	-14.9	1	1	1	1
20230404160357	-11.64	0.53	-59.29	-16.81	-14.94	1	1	1	1
20230404160358	-11.67	0.55	-59.03	-16.88	-15.01	1	1	1	1
20230404160359	-11.69	0.51	-59.61	-16.88	-15.01	1	1	1	1
20230404160401	-11.69	0.55	-59.04	-16.85	-15.05	1	1	1	1
20230404160402	-11.72	0.51	-59.63	-16.95	-15.05	1	1	1	1
20230404160403	-11.74	0.55	-59.08	-16.95	-15.09	1	1	1	1
20230404160404	-11.75	0.53	-59.36	-16.99	-15.12	1	1	1	1
20230404160405	-11.77	0.53	-59.37	-17.03	-15.05	1	1	1	1
20230404160406	-11.78	0.47	-60.27	-16.95	-15.09	1	1	1	1
20230404160407	-11.79	0.55	-59.11	-16.99	-15.09	1	1	1	1
20230404160408	-11.82	0.51	-59.69	-17.03	-15.16	1	1	1	1
20230404160409	-11.86	0.49	-60.01	-16.99	-15.12	1	1	1	1
20230404160410	-11.86	0.53	-59.43	-17.06	-15.2	1	1	1	1
20230404160411	-11.85	0.53	-59.43	-17.1	-15.2	1	1	1	1
20230404160413	-11.85	0.54	-59.29	-17.13	-15.23	1	1	1	1
20230404160414	-11.89	0.54	-59.32	-17.1	-15.2	1	1	1	1
20230404160415	-11.91	0.49	-60.05	-17.1	-15.31	1	1	1	1
20230404160416	-11.93	0.52	-59.62	-17.17	-15.31	1	1	1	1
20230404160417	-11.95	0.49	-60.07	-17.13	-15.27	1	1	1	1
20230404160418	-11.95	0.52	-59.64	-17.21	-15.34	1	1	1	1
20230404160419	-11.98	0.56	-59.1	-17.24	-15.34	1	1	1	1
20230404160420	-12.0	0.47	-60.41	-17.17	-15.27	1	1	1	1
20230404160421	-12.0	0.52	-59.67	-17.21	-15.31	1	1	1	1
20230404160422	-12.03	0.47	-60.43	-17.28	-15.38	1	1	1	1
20230404160424	-12.02	0.54	-59.4	-17.24	-15.34	1	1	1	1
20230404160425	-12.06	0.5	-60.0	-17.31	-15.42	1	1	1	1
20230404160426	-12.06	0.54	-59.43	-17.28	-15.38	1	1	1	1
20230404160427	-12.08	0.58	-58.91	-17.28	-15.38	1	1	1	1
20230404160428	-12.09	0.5	-60.02	-17.28	-15.42	1	1	1	1
20230404160429	-12.13	0.57	-59.07	-17.28	-15.42	1	1	1	1
20230404160430	-12.13	0.56	-59.21	-17.39	-15.49	1	1	1	1
20230404160431	-12.16	0.5	-60.07	-17.42	-15.49	1	1	1	1
20230404160432	-12.16	0.56	-59.23	-17.42	-15.53	1	1	1	1
20230404160433	-12.18	0.54	-59.51	-17.35	-15.42	1	1	1	1
20230404160435	-12.19	0.52	-59.8	-17.39	-15.49	1	1	1	1
20230404160436	-12.22	0.52	-59.82	-17.5	-15.6	1	1	1	1
20230404160437	-12.23	0.52	-59.82	-17.5	-15.6	1	1	1	1
20230404160438	-12.23	0.54	-59.54	-17.5	-15.6	1	1	1	1
20230404160439	-12.25	0.55	-59.42	-17.42	-15.57	1	1	1	1
20230404160440	-12.26	0.54	-59.56	-17.46	-15.57	1	1	1	1
20230404160441	-12.3	0.53	-59.73	-17.46	-15.57	1	1	1	1
20230404160442	-12.29	0.57	-59.18	-17.5	-15.6	1	1	1	1
20230404160443	-12.34	0.55	-59.48	-17.6	-15.68	1	1	1	1
20230404160444	-12.32	0.59	-58.94	-17.57	-15.68	1	1	1	1
20230404160446	-12.34	0.5	-60.19	-17.64	-15.71	1	1	1	1
20230404160447	-12.34	0.55	-59.48	-17.57	-15.75	1	1	1	1
20230404160448	-12.34	0.48	-60.49	-17.64	-15.68	1	1	1	1
20230404160449	-12.39	0.53	-59.79	-17.57	-15.68	1	1	1	1
20230404160450	-12.42	0.48	-60.54	-17.6	-15.71	1	1	1	1
20230404160451	-12.43	0.59	-59.02	-17.68	-15.75	1	1	1	1
20230404160452	-12.46	0.49	-60.41	-17.6	-15.79	1	1	1	1
20230404160453	-12.43	0.53	-59.81	-17.71	-15.83	1	1	1	1
20230404160454	-12.49	0.55	-59.58	-17.71	-15.83	1	1	1	1
20230404160455	-12.47	0.51	-60.13	-17.71	-15.83	1	1	1	1
20230404160457	-12.5	0.55	-59.59	-17.75	-15.79	1	1	1	1
20230404160458	-12.52	0.49	-60.45	-17.71	-15.86	1	1	1	1
20230404160459	-12.54	0.51	-60.17	-17.79	-15.86	1	1	1	1
20230404160500	-12.57	0.56	-59.5	-17.79	-15.9	1	1	1	1
20230404160501	-12.57	0.49	-60.49	-17.75	-15.86	1	1	1	1
20230404160502	-12.57	0.53	-59.91	-17.75	-15.86	1	1	1	1
20230404160503	-12.58	0.53	-59.92	-17.79	-15.9	1	1	1	1
20230404160504	-12.6	0.53	-59.93	-17.82	-15.94	1	1	1	1
20230404160505	-12.61	0.54	-59.8	-17.86	-15.94	1	1	1	1
20230404160506	-12.65	0.56	-59.55	-17.9	-15.97	1	1	1	1
20230404160507	-12.65	0.58	-59.29	-17.82	-15.97	1	1	1	1
20230404160509	-12.65	0.51	-60.25	-17.82	-15.9	1	1	1	1
20230404160510	-12.67	0.54	-59.84	-17.86	-15.9	1	1	1	1
20230404160511	-12.67	0.51	-60.26	-17.86	-15.94	1	1	1	1
20230404160512	-12.7	0.58	-59.33	-17.94	-16.01	1	1	1	1
20230404160513	-12.73	0.56	-59.61	-17.9	-16.05	1	1	1	1
20230404160514	-12.74	0.56	-59.62	-17.94	-16.09	1	1	1	1
20230404160515	-12.75	0.58	-59.36	-17.97	-16.09	1	1	1	1
20230404160516	-12.78	0.5	-60.48	-18.01	-16.09	1	1	1	1
20230404160517	-12.81	0.54	-59.93	-18.01	-16.09	1	1	1	1
20230404160518	-12.8	0.52	-60.2	-17.97	-16.12	1	1	1	1
20230404160520	-12.83	0.56	-59.68	-17.97	-16.12	1	1	1	1
20230404160521	-12.8	0.6	-59.14	-18.01	-16.09	1	1	1	1
20230404160522	-12.84	0.5	-60.52	-18.08	-16.12	1	1	1	1
20230404160523	-12.84	0.54	-59.95	-18.01	-16.09	1	1	1	1
20230404160524	-12.87	0.54	-59.97	-18.05	-16.12	1	1	1	1
20230404160525	-12.87	0.49	-60.69	-18.05	-16.12	1	1	1	1
20230404160526	-12.91	0.54	-60.0	-18.12	-16.24	1	1	1	1
20230404160527	-12.91	0.54	-60.0	-18.12	-16.24	1	1	1	1
20230404160528	-12.91	0.46	-61.18	-18.16	-16.24	1	1	1	1
20230404160529	-12.94	0.54	-60.02	-18.08	-16.2	1	1	1	1
20230404160531	-12.95	0.5	-60.59	-18.16	-16.2	1	1	1	1
20230404160532	-12.95	0.5	-60.59	-18.16	-16.24	1	1	1	1
20230404160533	-12.97	0.55	-59.9	-18.12	-16.2	1	1	1	1
20230404160534	-12.99	0.54	-60.05	-18.23	-16.27	1	1	1	1
20230404160535	-13.01	0.52	-60.34	-18.16	-16.2	1	1	1	1
20230404160536	-13.04	0.53	-60.22	-18.16	-16.31	1	1	1	1
20230404160537	-13.05	0.57	-59.69	-18.19	-16.27	1	1	1	1
20230404160538	-13.05	0.55	-59.96	-18.19	-16.27	1	1	1	1
20230404160539	-13.07	0.5	-60.67	-18.23	-16.39	1	1	1	1
20230404160540	-13.09	0.53	-60.26	-18.19	-16.27	1	1	1	1
20230404160542	-13.09	0.53	-60.26	-18.31	-16.31	1	1	1	1
20230404160543	-13.09	0.55	-59.98	-18.31	-16.39	1	1	1	1
20230404160544	-13.11	0.59	-59.48	-18.23	-16.35	1	1	1	1
20230404160545	-13.16	0.53	-60.3	-18.27	-16.43	1	1	1	1
20230404160546	-13.15	0.55	-60.02	-18.27	-16.35	1	1	1	1
20230404160547	-13.16	0.55	-60.03	-18.27	-16.35	1	1	1	1
20230404160548	-13.18	0.49	-60.89	-18.34	-16.46	1	1	1	1
20230404160549	-13.19	0.49	-60.9	-18.38	-16.46	1	1	1	1
20230404160550	-13.2	0.56	-59.92	-18.34	-16.39	1	1	1	1
20230404160551	-13.2	0.51	-60.61	-18.38	-16.46	1	1	1	1
20230404160553	-13.23	0.56	-59.94	-18.38	-16.46	1	1	1	1
20230404160554	-13.23	0.51	-60.63	-18.34	-16.54	1	1	1	1
20230404160555	-13.25	0.47	-61.24	-18.42	-16.5	1	1	1	1
20230404160556	-13.25	0.53	-60.36	-18.34	-16.46	1	1	1	1
20230404160557	-13.29	0.49	-60.97	-18.42	-16.5	1	1	1	1
20230404160558	-13.29	0.55	-60.12	-18.42	-16.54	1	1	1	1
20230404160559	-13.31	0.53	-60.4	-18.42	-16.5	1	1	1	1
20230404160600	-13.32	0.56	-60.0	-18.49	-16.54	1	1	1	1
20230404160601	-13.35	0.51	-60.71	-18.49	-16.58	1	1	1	1
20230404160602	-13.35	0.58	-59.77	-18.49	-16.58	1	1	1	1
20230404160603	-13.34	0.54	-60.29	-18.49	-16.61	1	1	1	1
20230404160605	-13.38	0.51	-60.73	-18.49	-16.61	1	1	1	1
20230404160606	-13.38	0.56	-60.05	-18.46	-16.54	1	1	1	1
20230404160607	-13.39	0.54	-60.32	-18.46	-16.54	1	1	1	1
20230404160608	-13.4	0.56	-60.06	-18.57	-16.61	1	1	1	1
20230404160609	-13.43	0.52	-60.62	-18.49	-16.61	1	1	1	1
20230404160610	-13.43	0.43	-62.01	-18.49	-16.54	1	1	1	1
20230404160611	-13.45	0.58	-59.83	-18.53	-16.65	1	1	1	1
20230404160612	-13.43	0.52	-60.62	-18.53	-16.58	1	1	1	1
20230404160613	-13.49	0.49	-61.1	-18.57	-16.65	1	1	1	1
20230404160614	-13.49	0.52	-60.66	-18.61	-16.69	1	1	1	1
20230404160616	-13.49	0.6	-59.61	-18.57	-16.69	1	1	1	1
20230404160617	-13.5	0.51	-60.81	-18.61	-16.69	1	1	1	1
20230404160618	-13.52	0.56	-60.14	-18.65	-16.69	1	1	1	1
20230404160619	-13.53	0.52	-60.69	-18.57	-16.73	1	1	1	1
20230404160620	-13.55	0.52	-60.7	-18.57	-16.65	1	1	1	1
20230404160621	-13.56	0.52	-60.71	-18.57	-16.73	1	1	1	1
20230404160622	-13.56	0.52	-60.71	-18.68	-16.73	1	1	1	1
20230404160623	-13.58	0.52	-60.72	-18.61	-16.69	1	1	1	1
20230404160624	-13.62	0.52	-60.75	-18.68	-16.69	1	1	1	1
20230404160625	-13.62	0.54	-60.47	-18.68	-16.77	1	1	1	1
20230404160627	-13.6	0.54	-60.46	-18.65	-16.8	1	1	1	1
20230404160628	-13.62	0.52	-60.75	-18.72	-16.73	1	1	1	1
20230404160629	-13.64	0.52	-60.76	-18.72	-16.8	1	1	1	1
20230404160630	-13.67	0.54	-60.51	-18.72	-16.84	1	1	1	1
20230404160631	-13.64	0.52	-60.76	-18.72	-16.84	1	1	1	1
20230404160632	-13.66	0.56	-60.23	-18.72	-16.84	1	1	1	1
20230404160633	-13.69	0.59	-59.87	-18.68	-16.8	1	1	1	1
20230404160634	-13.7	0.55	-60.39	-18.72	-16.84	1	1	1	1
20230404160635	-13.72	0.54	-60.54	-18.72	-16.84	1	1	1	1
20230404160636	-13.72	0.54	-60.54	-18.8	-16.88	1	1	1	1
20230404160637	-13.7	0.5	-61.09	-18.76	-16.88	1	1	1	1
20230404160639	-13.74	0.52	-60.83	-18.83	-16.84	1	1	1	1
20230404160640	-13.74	0.55	-60.42	-18.76	-16.88	1	1	1	1
20230404160641	-13.74	0.57	-60.16	-18.83	-16.84	1	1	1	1
20230404160642	-13.77	0.53	-60.71	-18.8	-16.92	1	1	1	1
20230404160643	-13.77	0.52	-60.85	-18.8	-16.92	1	1	1	1
20230404160644	-13.79	0.53	-60.73	-18.76	-16.84	1	1	1	1
20230404160645	-13.8	0.59	-59.94	-18.87	-16.96	1	1	1	1
20230404160646	-13.83	0.57	-60.22	-18.83	-16.96	1	1	1	1
20230404160647	-13.8	0.55	-60.46	-18.83	-16.96	1	1	1	1
20230404160648	-13.81	0.55	-60.47	-18.87	-16.96	1	1	1	1
20230404160649	-13.84	0.53	-60.76	-18.87	-17.0	1	1	1	1
20230404160651	-13.84	0.53	-60.76	-18.87	-17.0	1	1	1	1
20230404160652	-13.86	0.57	-60.24	-18.87	-17.03	1	1	1	1
20230404160653	-13.89	0.51	-61.07	-18.87	-17.03	1	1	1	1
20230404160654	-13.89	0.55	-60.52	-18.87	-17.03	1	1	1	1
20230404160655	-13.89	0.53	-60.79	-18.83	-16.96	1	1	1	1
20230404160656	-13.89	0.59	-60.0	-18.8	-16.96	1	1	1	1
20230404160657	-13.9	0.61	-59.76	-18.87	-17.03	1	1	1	1
20230404160658	-13.93	0.51	-61.1	-18.87	-17.03	1	1	1	1
20230404160659	-13.93	0.51	-61.1	-18.87	-17.03	1	1	1	1
20230404160700	-13.93	0.57	-60.28	-18.83	-17.03	1	1	1	1
20230404160702	-13.95	0.55	-60.56	-18.83	-17.03	1	1	1	1
20230404160703	-13.97	0.58	-60.18	-18.83	-16.96	1	1	1	1
20230404160704	-13.98	0.58	-60.19	-18.83	-17.0	1	1	1	1
20230404160705	-13.98	0.56	-60.45	-18.8	-17.0	1	1	1	1
20230404160706	-13.97	0.49	-61.42	-18.8	-17.0	1	1	1	1
20230404160707	-14.01	0.53	-60.87	-18.76	-16.92	1	1	1	1
20230404160708	-14.0	0.56	-60.46	-18.72	-17.0	1	1	1	1
20230404160709	-14.03	0.56	-60.48	-18.68	-16.96	1	1	1	1
20230404160710	-14.04	0.55	-60.62	-18.8	-17.0	1	1	1	1
20230404160711	-14.04	0.53	-60.89	-18.76	-17.0	1	1	1	1
20230404160713	-14.03	0.47	-61.76	-18.76	-17.0	1	1	1	1
20230404160714	-14.07	0.53	-60.91	-18.76	-17.0	1	1	1	1
20230404160715	-14.07	0.56	-60.51	-18.72	-16.96	1	1	1	1
20230404160716	-14.1	0.54	-60.8	-18.72	-16.96	1	1	1	1
20230404160717	-14.08	0.56	-60.52	-18.72	-16.96	1	1	1	1
20230404160718	-14.11	0.51	-61.22	-18.72	-16.96	1	1	1	1
20230404160719	-14.1	0.56	-60.53	-18.72	-16.96	1	1	1	1
20230404160720	-14.11	0.51	-61.22	-18.72	-16.96	1	1	1	1
20230404160721	-14.1	0.53	-60.93	-18.72	-16.92	1	1	1	1
20230404160722	-14.14	0.56	-60.56	-18.72	-16.96	1	1	1	1
20230404160723	-14.11	0.58	-60.28	-18.68	-16.92	1	1	1	1
20230404160725	-14.14	0.49	-61.53	-18.68	-16.96	1	1	1	1
20230404160726	-14.17	0.58	-60.32	-18.68	-16.92	1	1	1	1
20230404160727	-14.17	0.56	-60.58	-18.61	-16.84	1	1	1	1
20230404160728	-14.17	0.54	-60.84	-18.65	-16.96	1	1	1	1
20230404160729	-14.15	0.56	-60.56	-18.68	-16.96	1	1	1	1
20230404160730	-14.17	0.56	-60.58	-18.57	-16.84	1	1	1	1
20230404160731	-14.17	0.56	-60.58	-18.65	-16.88	1	1	1	1
20230404160732	-14.21	0.56	-60.6	-18.65	-16.92	1	1	1	1
20230404160733	-14.2	0.47	-61.88	-18.65	-16.92	1	1	1	1
20230404160734	-14.21	0.56	-60.6	-18.61	-16.88	1	1	1	1
20230404160736	-14.21	0.54	-60.87	-18.61	-16.88	1	1	1	1
20230404160737	-14.21	0.54	-60.87	-18.65	-16.84	1	1	1	1
20230404160738	-14.24	0.56	-60.62	-18.61	-16.92	1	1	1	1
20230404160739	-14.24	0.52	-61.17	-18.61	-16.88	1	1	1	1
20230404160740	-14.22	0.56	-60.61	-18.61	-16.88	1	1	1	1
20230404160741	-14.26	0.6	-60.13	-18.53	-16.84	1	1	1	1
20230404160742	-14.24	0.58	-60.37	-18.57	-16.92	1	1	1	1
20230404160743	-14.26	0.61	-60.01	-18.57	-16.8	1	1	1	1
20230404160744	-14.25	0.54	-60.9	-18.53	-16.8	1	1	1	1
20230404160745	-14.26	0.56	-60.64	-18.57	-16.88	1	1	1	1
20230404160746	-14.26	0.54	-60.9	-18.57	-16.84	1	1	1	1
20230404160748	-14.26	0.63	-59.77	-18.57	-16.88	1	1	1	1
20230404160749	-14.32	0.56	-60.68	-18.57	-16.84	1	1	1	1
20230404160750	-14.31	0.57	-60.54	-18.57	-16.88	1	1	1	1
20230404160751	-14.31	0.52	-61.21	-18.57	-16.88	1	1	1	1
20230404160752	-14.31	0.56	-60.67	-18.57	-16.84	1	1	1	1
20230404160753	-14.31	0.57	-60.54	-18.49	-16.84	1	1	1	1
20230404160754	-14.32	0.6	-60.17	-18.49	-16.8	1	1	1	1
20230404160755	-14.34	0.56	-60.69	-18.57	-16.84	1	1	1	1
20230404160756	-14.35	0.61	-60.07	-18.57	-16.84	1	1	1	1
20230404160757	-14.35	0.54	-60.96	-18.57	-16.84	1	1	1	1
20230404160759	-14.35	0.5	-61.53	-18.53	-16.84	1	1	1	1
20230404160800	-14.35	0.54	-60.96	-18.53	-16.84	1	1	1	1
20230404160801	-14.36	0.56	-60.7	-18.53	-16.84	1	1	1	1
20230404160802	-14.36	0.56	-60.7	-18.53	-16.84	1	1	1	1
20230404160803	-14.38	0.57	-60.59	-18.53	-16.8	1	1	1	1
20230404160804	-14.38	0.54	-60.98	-18.46	-16.84	1	1	1	1
20230404160805	-14.39	0.6	-60.22	-18.53	-16.84	1	1	1	1
20230404160806	-14.39	0.54	-60.99	-18.53	-16.84	1	1	1	1
20230404160807	-14.41	0.6	-60.23	-18.46	-16.8	1	1	1	1
20230404160808	-14.42	0.55	-60.88	-18.53	-16.84	1	1	1	1
20230404160810	-14.39	0.5	-61.55	-18.49	-16.84	1	1	1	1
20230404160811	-14.42	0.59	-60.36	-18.49	-16.84	1	1	1	1
20230404160812	-14.44	0.59	-60.38	-18.49	-16.84	1	1	1	1
20230404160813	-14.44	0.5	-61.59	-18.49	-16.84	1	1	1	1
20230404160814	-14.45	0.55	-60.9	-18.49	-16.84	1	1	1	1
20230404160815	-14.45	0.59	-60.38	-18.42	-16.8	1	1	1	1
20230404160816	-14.45	0.55	-60.9	-18.49	-16.84	1	1	1	1
20230404160817	-14.46	0.57	-60.64	-18.49	-16.84	1	1	1	1
20230404160818	-14.46	0.54	-61.04	-18.49	-16.84	1	1	1	1
20230404160819	-14.5	0.59	-60.42	-18.49	-16.84	1	1	1	1
20230404160821	-14.46	0.54	-61.04	-18.49	-16.84	1	1	1	1
20230404160822	-14.49	0.61	-60.16	-18.49	-16.84	1	1	1	1
20230404160823	-14.5	0.55	-60.93	-18.49	-16.84	1	1	1	1
20230404160824	-14.49	0.55	-60.92	-18.46	-16.77	1	1	1	1
20230404160825	-14.49	0.52	-61.33	-18.49	-16.84	1	1	1	1
20230404160826	-14.53	0.51	-61.5	-18.42	-16.8	1	1	1	1
20230404160827	-14.52	0.53	-61.22	-18.49	-16.84	1	1	1	1
20230404160828	-14.53	0.55	-60.95	-18.49	-16.84	1	1	1	1
20230404160829	-14.52	0.55	-60.94	-18.38	-16.84	1	1	1	1
20230404160830	-14.53	0.55	-60.95	-18.46	-16.84	1	1	1	1
20230404160832	-14.55	0.57	-60.7	-18.46	-16.84	1	1	1	1
20230404160833	-14.55	0.53	-61.24	-18.46	-16.84	1	1	1	1
20230404160834	-14.55	0.61	-60.2	-18.46	-16.77	1	1	1	1
20230404160835	-14.56	0.55	-60.97	-18.38	-16.77	1	1	1	1
20230404160836	-14.59	0.61	-60.23	-18.34	-16.84	1	1	1	1
20230404160837	-14.58	0.57	-60.72	-18.38	-16.8	1	1	1	1
20230404160838	-14.58	0.57	-60.72	-18.34	-16.8	1	1	1	1
20230404160839	-14.59	0.57	-60.73	-18.46	-16.84	1	1	1	1
20230404160840	-14.59	0.59	-60.48	-18.34	-16.84	1	1	1	1
20230404160841	-14.6	0.62	-60.12	-18.34	-16.77	1	1	1	1
20230404160843	-14.58	0.57	-60.72	-18.42	-16.84	1	1	1	1
20230404160844	-14.58	0.57	-60.72	-18.42	-16.84	1	1	1	1
20230404160845	-14.6	0.53	-61.27	-18.46	-16.84	1	1	1	1
20230404160846	-14.62	0.59	-60.5	-18.46	-16.84	1	1	1	1
20230404160847	-14.6	0.51	-61.55	-18.42	-16.84	1	1	1	1
20230404160848	-14.6	0.61	-60.24	-18.42	-16.84	1	1	1	1
20230404160849	-14.63	0.59	-60.5	-18.34	-16.77	1	1	1	1
20230404160850	-14.63	0.51	-61.57	-18.42	-16.84	1	1	1	1
20230404160851	-14.66	0.59	-60.52	-18.42	-16.84	1	1	1	1
20230404160852	-14.65	0.57	-60.77	-18.42	-16.84	1	1	1	1
20230404160853	-14.68	0.61	-60.29	-18.42	-16.84	1	1	1	1
20230404160854	-14.68	0.57	-60.79	-18.42	-16.8	1	1	1	1
20230404160856	-14.68	0.55	-61.05	-18.34	-16.77	1	1	1	1
20230404160857	-14.68	0.62	-60.17	-18.34	-16.84	1	1	1	1
20230404160858	-14.71	0.53	-61.34	-18.42	-16.84	1	1	1	1
20230404160859	-14.69	0.53	-61.33	-18.42	-16.84	1	1	1	1
20230404160900	-14.69	0.51	-61.61	-18.42	-16.84	1	1	1	1
20230404160901	-14.72	0.59	-60.56	-18.34	-16.8	1	1	1	1
20230404160902	-14.73	0.55	-61.09	-18.42	-16.84	1	1	1	1
20230404160903	-14.71	0.53	-61.34	-18.42	-16.84	1	1	1	1
20230404160904	-14.72	0.59	-60.56	-18.38	-16.84	1	1	1	1
20230404160905	-14.73	0.62	-60.21	-18.42	-16.84	1	1	1	1
20230404160907	-14.73	0.55	-61.09	-18.42	-16.84	1	1	1	1
20230404160908	-14.75	0.59	-60.58	-18.42	-16.84	1	1	1	1
20230404160909	-14.76	0.55	-61.11	-18.38	-16.84	1	1	1	1
20230404160910	-14.75	0.59	-60.58	-18.42	-16.77	1	1	1	1
20230404160911	-14.75	0.59	-60.58	-18.42	-16.84	1	1	1	1
20230404160912	-14.73	0.56	-60.95	-18.31	-16.8	1	1	1	1
20230404160913	-14.78	0.55	-61.12	-18.42	-16.84	1	1	1	1
20230404160914	-14.76	0.64	-59.99	-18.38	-16.84	1	1	1	1
20230404160915	-14.8	0.58	-60.74	-18.38	-16.84	1	1	1	1
20230404160916	-14.78	0.53	-61.39	-18.38	-16.8	1	1	1	1
20230404160918	-14.78	0.59	-60.61	-18.42	-16.84	1	1	1	1
20230404160919	-14.79	0.6	-60.49	-18.42	-16.84	1	1	1	1
20230404160920	-14.8	0.58	-60.74	-18.42	-16.84	1	1	1	1
20230404160921	-14.8	0.58	-60.74	-18.42	-16.84	1	1	1	1
20230404160922	-14.82	0.62	-60.27	-18.42	-16.84	1	1	1	1
20230404160923	-14.8	0.6	-60.5	-18.34	-16.77	1	1	1	1
20230404160924	-14.85	0.58	-60.78	-18.34	-16.8	1	1	1	1
20230404160925	-14.83	0.6	-60.52	-18.34	-16.77	1	1	1	1
20230404160926	-14.83	0.51	-61.7	-18.42	-16.84	1	1	1	1
20230404160927	-14.83	0.51	-61.7	-18.42	-16.84	1	1	1	1
20230404160929	-14.85	0.62	-60.29	-18.42	-16.84	1	1	1	1
20230404160930	-14.85	0.66	-59.83	-18.38	-16.84	1	1	1	1
20230404160931	-14.88	0.53	-61.46	-18.42	-16.84	1	1	1	1
20230404160932	-14.85	0.56	-61.03	-18.38	-16.84	1	1	1	1
20230404160933	-14.86	0.62	-60.29	-18.42	-16.84	1	1	1	1
20230404160934	-14.85	0.56	-61.03	-18.42	-16.84	1	1	1	1
20230404160935	-14.86	0.62	-60.29	-18.31	-16.88	1	1	1	1
20230404160936	-14.89	0.6	-60.56	-18.38	-16.84	1	1	1	1
20230404160937	-14.89	0.6	-60.56	-18.38	-16.84	1	1	1	1
20230404160938	-14.93	0.56	-61.09	-18.42	-16.84	1	1	1	1
20230404160939	-14.89	0.53	-61.46	-18.42	-16.8	1	1	1	1
20230404160941	-14.89	0.62	-60.32	-18.34	-16.88	1	1	1	1
20230404160942	-14.9	0.64	-60.09	-18.38	-16.84	1	1	1	1
20230404160943	-14.92	0.64	-60.1	-18.38	-16.84	1	1	1	1
20230404160944	-14.93	0.56	-61.09	-18.38	-16.84	1	1	1	1
20230404160945	-14.92	0.62	-60.34	-18.42	-16.84	1	1	1	1
20230404160946	-14.95	0.58	-60.85	-18.31	-16.77	1	1	1	1
20230404160947	-14.95	0.62	-60.36	-18.38	-16.84	1	1	1	1
20230404160948	-14.95	0.64	-60.12	-18.31	-16.84	1	1	1	1
20230404160949	-14.95	0.58	-60.85	-18.42	-16.88	1	1	1	1
20230404160950	-14.96	0.56	-61.11	-18.38	-16.84	1	1	1	1
20230404160952	-14.96	0.58	-60.85	-18.38	-16.88	1	1	1	1
20230404160953	-14.96	0.65	-60.01	-18.38	-16.84	1	1	1	1
20230404160954	-14.96	0.52	-61.65	-18.38	-16.88	1	1	1	1
20230404160955	-14.96	0.62	-60.36	-18.42	-16.84	1	1	1	1
20230404160956	-14.99	0.54	-61.39	-18.42	-16.84	1	1	1	1
20230404160957	-14.99	0.6	-60.62	-18.38	-16.84	1	1	1	1
20230404160958	-14.97	0.58	-60.86	-18.38	-16.84	1	1	1	1
20230404160959	-14.99	0.6	-60.62	-18.42	-16.84	1	1	1	1
20230404161000	-15.0	0.56	-61.14	-18.38	-16.84	1	1	1	1
20230404161001	-15.0	0.56	-61.14	-18.38	-16.88	1	1	1	1
20230404161003	-14.99	0.6	-60.62	-18.42	-16.84	1	1	1	1
20230404161004	-15.01	0.58	-60.89	-18.38	-16.88	1	1	1	1
20230404161005	-14.99	0.56	-61.13	-18.42	-16.84	1	1	1	1
20230404161006	-15.01	0.58	-60.89	-18.38	-16.88	1	1	1	1
20230404161007	-15.01	0.6	-60.64	-18.34	-16.8	1	1	1	1
20230404161008	-15.01	0.54	-61.41	-18.42	-16.84	1	1	1	1
20230404161009	-15.01	0.63	-60.28	-18.31	-16.84	1	1	1	1
20230404161010	-15.03	0.6	-60.65	-18.38	-16.8	1	1	1	1
20230404161011	-15.03	0.61	-60.53	-18.31	-16.8	1	1	1	1
20230404161012	-15.04	0.58	-60.91	-18.38	-16.88	1	1	1	1
20230404161013	-15.03	0.63	-60.29	-18.38	-16.88	1	1	1	1
20230404161015	-15.04	0.54	-61.43	-18.38	-16.92	1	1	1	1
20230404161016	-15.06	0.61	-60.55	-18.38	-16.88	1	1	1	1
20230404161017	-15.07	0.54	-61.45	-18.38	-16.88	1	1	1	1
20230404161018	-15.06	0.61	-60.55	-18.42	-16.88	1	1	1	1
20230404161019	-15.09	0.6	-60.69	-18.38	-16.84	1	1	1	1
20230404161020	-15.07	0.56	-61.18	-18.38	-16.84	1	1	1	1
20230404161021	-15.09	0.54	-61.46	-18.38	-16.88	1	1	1	1
20230404161022	-15.07	0.54	-61.45	-18.31	-16.8	1	1	1	1
20230404161023	-15.09	0.56	-61.2	-18.38	-16.88	1	1	1	1
20230404161024	-15.09	0.58	-60.94	-18.42	-16.88	1	1	1	1
20230404161025	-15.07	0.54	-61.45	-18.42	-16.88	1	1	1	1
20230404161026	-15.1	0.65	-60.11	-18.31	-16.84	1	1	1	1
20230404161027	-15.11	0.63	-60.35	-18.38	-16.88	1	1	1	1
20230404161029	-15.11	0.61	-60.58	-18.38	-16.88	1	1	1	1
20230404161030	-15.1	0.61	-60.58	-18.42	-16.88	1	1	1	1
20230404161031	-15.09	0.6	-60.69	-18.31	-16.92	1	1	1	1
20230404161032	-15.1	0.63	-60.34	-18.42	-16.88	1	1	1	1
20230404161033	-15.13	0.58	-60.97	-18.31	-16.84	1	1	1	1
20230404161034	-15.11	0.58	-60.95	-18.38	-16.92	1	1	1	1
20230404161035	-15.14	0.54	-61.5	-18.38	-16.88	1	1	1	1
20230404161036	-15.14	0.58	-60.97	-18.31	-16.84	1	1	1	1
20230404161037	-15.13	0.61	-60.6	-18.38	-16.88	1	1	1	1
20230404161038	-15.13	0.58	-60.97	-18.38	-16.92	1	1	1	1
20230404161039	-15.14	0.58	-60.97	-18.38	-16.88	1	1	1	1
20230404161040	-15.14	0.56	-61.23	-18.38	-16.92	1	1	1	1
20230404161041	-15.14	0.58	-60.97	-18.42	-16.88	1	1	1	1
20230404161042	-15.13	0.61	-60.6	-18.38	-16.92	1	1	1	1
20230404161044	-15.17	0.58	-60.99	-18.38	-16.92	1	1	1	1
20230404161045	-15.16	0.55	-61.38	-18.42	-16.92	1	1	1	1
20230404161046	-15.16	0.58	-60.99	-18.38	-16.88	1	1	1	1
20230404161047	-15.16	0.61	-60.62	-18.42	-16.92	1	1	1	1
20230404161048	-15.17	0.58	-60.99	-18.34	-16.84	1	1	1	1
20230404161049	-15.17	0.61	-60.62	-18.42	-16.92	1	1	1	1
20230404161050	-15.2	0.57	-61.14	-18.31	-16.84	1	1	1	1
20230404161051	-15.19	0.59	-60.88	-18.42	-16.88	1	1	1	1
20230404161052	-15.19	0.59	-60.88	-18.42	-16.88	1	1	1	1
20230404161053	-15.16	0.61	-60.62	-18.42	-16.84	1	1	1	1
20230404161054	-15.21	0.61	-60.65	-18.42	-16.92	1	1	1	1
20230404161055	-15.2	0.54	-61.54	-18.38	-16.96	1	1	1	1
20230404161057	-15.2	0.59	-60.89	-18.42	-16.92	1	1	1	1
20230404161058	-15.19	0.59	-60.88	-18.42	-16.88	1	1	1	1
20230404161059	-15.21	0.63	-60.41	-18.38	-16.84	1	1	1	1
20230404161100	-15.2	0.55	-61.4	-18.42	-16.92	1	1	1	1
20230404161101	-15.19	0.61	-60.64	-18.42	-16.92	1	1	1	1
20230404161102	-15.21	0.61	-60.65	-18.42	-16.92	1	1	1	1
20230404161103	-15.23	0.57	-61.16	-18.34	-16.84	1	1	1	1
20230404161104	-15.19	0.57	-61.13	-18.42	-16.96	1	1	1	1
20230404161105	-15.23	0.59	-60.91	-18.42	-16.96	1	1	1	1
20230404161106	-15.23	0.59	-60.91	-18.42	-16.96	1	1	1	1
20230404161107	-15.21	0.55	-61.41	-18.42	-16.92	1	1	1	1
20230404161109	-15.23	0.57	-61.16	-18.42	-16.96	1	1	1	1
20230404161110	-15.23	0.57	-61.16	-18.42	-16.96	1	1	1	1
20230404161111	-15.24	0.55	-61.43	-18.42	-16.96	1	1	1	1
20230404161112	-15.23	0.61	-60.67	-18.34	-16.84	1	1	1	1
20230404161113	-15.24	0.54	-61.56	-18.42	-16.96	1	1	1	1
20230404161114	-15.23	0.5	-62.11	-18.42	-16.96	1	1	1	1
20230404161115	-15.27	0.66	-60.11	-18.34	-16.84	1	1	1	1
20230404161116	-15.26	0.55	-61.44	-18.42	-16.96	1	1	1	1
20230404161117	-15.27	0.61	-60.69	-18.42	-16.96	1	1	1	1
20230404161118	-15.27	0.61	-60.69	-18.38	-16.96	1	1	1	1
20230404161119	-15.26	0.57	-61.18	-18.42	-16.96	1	1	1	1
20230404161120	-15.23	0.55	-61.42	-18.42	-16.88	1	1	1	1
20230404161122	-15.27	0.63	-60.46	-18.42	-16.96	1	1	1	1
20230404161123	-15.27	0.63	-60.46	-18.42	-16.96	1	1	1	1
20230404161124	-15.27	0.59	-60.94	-18.42	-16.96	1	1	1	1
20230404161125	-15.3	0.57	-61.21	-18.42	-16.96	1	1	1	1
20230404161126	-15.28	0.57	-61.2	-18.34	-16.92	1	1	1	1
20230404161127	-15.28	0.59	-60.94	-18.42	-16.96	1	1	1	1
20230404161128	-15.3	0.59	-60.96	-18.46	-16.96	1	1	1	1
20230404161129	-15.27	0.59	-60.94	-18.34	-16.88	1	1	1	1
20230404161130	-15.28	0.59	-60.94	-18.42	-16.96	1	1	1	1
20230404161131	-15.3	0.59	-60.96	-18.34	-16.96	1	1	1	1
20230404161132	-15.3	0.61	-60.71	-18.42	-16.96	1	1	1	1
20230404161133	-15.31	0.61	-60.72	-18.42	-16.96	1	1	1	1
20230404161134	-15.33	0.62	-60.61	-18.42	-16.96	1	1	1	1
20230404161135	-15.33	0.61	-60.73	-18.42	-16.96	1	1	1	1
20230404161137	-15.33	0.61	-60.73	-18.42	-16.96	1	1	1	1
20230404161138	-15.33	0.62	-60.61	-18.42	-16.96	1	1	1	1
20230404161139	-15.34	0.53	-61.77	-18.34	-16.96	1	1	1	1
20230404161140	-15.34	0.59	-60.98	-18.42	-16.96	1	1	1	1
20230404161141	-15.34	0.62	-60.62	-18.42	-16.88	1	1	1	1
20230404161142	-15.33	0.66	-60.15	-18.42	-16.96	1	1	1	1
20230404161143	-15.34	0.64	-60.39	-18.42	-17.0	1	1	1	1
20230404161144	-15.34	0.57	-61.24	-18.42	-16.96	1	1	1	1
20230404161145	-15.34	0.64	-60.39	-18.42	-16.96	1	1	1	1
20230404161146	-15.33	0.57	-61.23	-18.34	-16.96	1	1	1	1
20230404161147	-15.33	0.59	-60.98	-18.42	-16.96	1	1	1	1
20230404161148	-15.33	0.55	-61.49	-18.42	-16.96	1	1	1	1
20230404161150	-15.34	0.55	-61.5	-18.42	-16.96	1	1	1	1
20230404161151	-15.37	0.62	-60.64	-18.42	-16.96	1	1	1	1
20230404161152	-15.34	0.62	-60.62	-18.42	-16.96	1	1	1	1
20230404161153	-15.34	0.64	-60.39	-18.42	-16.96	1	1	1	1
20230404161154	-15.35	0.64	-60.39	-18.42	-16.92	1	1	1	1
20230404161155	-15.35	0.64	-60.39	-18.34	-16.96	1	1	1	1
20230404161156	-15.37	0.51	-62.06	-18.34	-16.88	1	1	1	1
20230404161157	-15.37	0.59	-61.0	-18.34	-16.88	1	1	1	1
20230404161158	-15.35	0.61	-60.75	-18.34	-16.88	1	1	1	1
20230404161159	-15.37	0.66	-60.18	-18.42	-16.96	1	1	1	1
20230404161200	-15.37	0.64	-60.41	-18.42	-17.0	1	1	1	1
20230404161201	-15.4	0.59	-61.02	-18.42	-17.0	1	1	1	1
20230404161203	-15.37	0.61	-60.76	-18.42	-17.0	1	1	1	1
20230404161204	-15.4	0.62	-60.66	-18.42	-16.96	1	1	1	1
20230404161205	-15.4	0.64	-60.43	-18.42	-17.0	1	1	1	1
20230404161206	-15.4	0.53	-61.81	-18.42	-17.0	1	1	1	1
20230404161207	-15.4	0.62	-60.66	-18.34	-16.92	1	1	1	1
20230404161208	-15.4	0.55	-61.54	-18.42	-17.0	1	1	1	1
20230404161209	-15.43	0.61	-60.8	-18.34	-16.92	1	1	1	1
20230404161210	-15.4	0.62	-60.66	-18.42	-16.96	1	1	1	1
20230404161211	-15.41	0.66	-60.21	-18.38	-16.92	1	1	1	1
20230404161212	-15.41	0.57	-61.28	-18.42	-17.0	1	1	1	1
20230404161213	-15.4	0.59	-61.02	-18.34	-17.0	1	1	1	1
20230404161215	-15.41	0.57	-61.28	-18.42	-16.96	1	1	1	1
20230404161216	-15.41	0.57	-61.28	-18.42	-17.0	1	1	1	1
20230404161217	-15.41	0.61	-60.79	-18.42	-17.0	1	1	1	1
20230404161218	-15.41	0.57	-61.28	-18.42	-16.96	1	1	1	1
20230404161219	-15.43	0.61	-60.8	-18.46	-17.0	1	1	1	1
20230404161220	-15.41	0.57	-61.28	-18.42	-17.0	1	1	1	1
20230404161221	-15.41	0.61	-60.79	-18.42	-17.0	1	1	1	1
20230404161222	-15.41	0.62	-60.67	-18.34	-16.92	1	1	1	1
20230404161223	-15.43	0.61	-60.8	-18.46	-17.0	1	1	1	1
20230404161224	-15.43	0.59	-61.04	-18.46	-17.0	1	1	1	1
20230404161225	-15.43	0.57	-61.3	-18.38	-17.0	1	1	1	1
20230404161227	-15.41	0.57	-61.28	-18.42	-17.0	1	1	1	1
20230404161228	-15.43	0.62	-60.68	-18.38	-17.0	1	1	1	1
20230404161229	-15.44	0.57	-61.3	-18.34	-17.03	1	1	1	1
20230404161230	-15.43	0.64	-60.45	-18.38	-16.96	1	1	1	1
20230404161231	-15.44	0.55	-61.56	-18.42	-17.03	1	1	1	1
20230404161232	-15.45	0.59	-61.06	-18.46	-16.92	1	1	1	1
20230404161233	-15.44	0.62	-60.69	-18.46	-17.03	1	1	1	1
20230404161234	-15.44	0.59	-61.05	-18.46	-17.0	1	1	1	1
20230404161235	-15.45	0.59	-61.06	-18.46	-17.0	1	1	1	1
20230404161236	-15.44	0.59	-61.05	-18.38	-17.0	1	1	1	1
20230404161237	-15.5	0.62	-60.73	-18.49	-17.03	1	1	1	1
20230404161238	-15.47	0.62	-60.71	-18.49	-17.03	1	1	1	1
20230404161240	-15.47	0.6	-60.95	-18.46	-17.03	1	1	1	1
20230404161241	-15.47	0.66	-60.25	-18.46	-17.03	1	1	1	1
20230404161242	-15.47	0.62	-60.71	-18.38	-16.96	1	1	1	1
20230404161243	-15.48	0.55	-61.59	-18.38	-17.0	1	1	1	1
20230404161244	-15.45	0.6	-60.94	-18.49	-17.03	1	1	1	1
20230404161245	-15.45	0.59	-61.06	-18.38	-17.03	1	1	1	1
20230404161246	-15.47	0.59	-61.07	-18.46	-17.03	1	1	1	1
20230404161247	-15.5	0.6	-60.97	-18.42	-17.03	1	1	1	1
20230404161248	-15.48	0.62	-60.72	-18.46	-17.03	1	1	1	1
20230404161249	-15.48	0.59	-61.08	-18.38	-16.96	1	1	1	1
20230404161250	-15.47	0.6	-60.95	-18.46	-17.03	1	1	1	1
20230404161251	-15.47	0.6	-60.95	-18.46	-17.03	1	1	1	1
20230404161253	-15.5	0.57	-61.34	-18.46	-17.03	1	1	1	1
20230404161254	-15.48	0.62	-60.72	-18.46	-17.03	1	1	1	1
20230404161255	-15.5	0.59	-61.09	-18.46	-17.03	1	1	1	1
20230404161256	-15.5	0.62	-60.73	-18.46	-17.0	1	1	1	1
20230404161257	-15.48	0.64	-60.48	-18.49	-17.0	1	1	1	1
20230404161258	-15.5	0.59	-61.09	-18.38	-17.0	1	1	1	1
20230404161259	-15.51	0.62	-60.74	-18.38	-16.96	1	1	1	1
20230404161300	-15.5	0.55	-61.6	-18.49	-17.03	1	1	1	1
20230404161301	-15.5	0.59	-61.09	-18.49	-17.03	1	1	1	1
20230404161302	-15.48	0.57	-61.33	-18.49	-17.03	1	1	1	1
20230404161303	-15.5	0.6	-60.97	-18.49	-17.03	1	1	1	1
20230404161305	-15.5	0.66	-60.27	-18.46	-17.03	1	1	1	1
20230404161306	-15.51	0.59	-61.1	-18.46	-17.03	1	1	1	1
20230404161307	-15.5	0.64	-60.5	-18.49	-17.03	1	1	1	1
20230404161308	-15.5	0.62	-60.73	-18.49	-17.03	1	1	1	1
20230404161309	-15.51	0.6	-60.98	-18.49	-17.03	1	1	1	1
20230404161310	-15.54	0.58	-61.24	-18.49	-17.03	1	1	1	1
20230404161311	-15.5	0.6	-60.97	-18.49	-17.03	1	1	1	1
20230404161312	-15.52	0.62	-60.74	-18.38	-16.96	1	1	1	1
20230404161313	-15.54	0.62	-60.76	-18.49	-17.03	1	1	1	1
20230404161314	-15.52	0.6	-60.98	-18.49	-17.03	1	1	1	1
20230404161315	-15.54	0.6	-61.0	-18.46	-17.0	1	1	1	1
20230404161316	-15.54	0.62	-60.76	-18.46	-17.03	1	1	1	1
20230404161318	-15.52	0.64	-60.51	-18.46	-17.03	1	1	1	1
20230404161319	-15.51	0.6	-60.98	-18.49	-17.03	1	1	1	1
20230404161320	-15.52	0.62	-60.74	-18.49	-17.03	1	1	1	1
20230404161321	-15.55	0.58	-61.25	-18.49	-17.0	1	1	1	1
20230404161322	-15.54	0.64	-60.52	-18.49	-17.03	1	1	1	1
20230404161323	-15.54	0.54	-61.76	-18.46	-17.03	1	1	1	1
20230404161324	-15.54	0.57	-61.37	-18.42	-17.0	1	1	1	1
20230404161325	-15.55	0.64	-60.53	-18.49	-17.03	1	1	1	1
20230404161326	-15.52	0.62	-60.74	-18.46	-17.03	1	1	1	1
20230404161327	-15.55	0.62	-60.76	-18.46	-17.03	1	1	1	1
20230404161328	-15.52	0.59	-61.11	-18.49	-17.03	1	1	1	1
20230404161330	-15.56	0.58	-61.26	-18.53	-17.03	1	1	1	1
20230404161331	-15.56	0.58	-61.26	-18.49	-17.03	1	1	1	1
20230404161332	-15.56	0.64	-60.54	-18.49	-17.0	1	1	1	1
20230404161333	-15.54	0.58	-61.24	-18.49	-17.03	1	1	1	1
20230404161334	-15.54	0.62	-60.76	-18.49	-17.03	1	1	1	1
20230404161335	-15.55	0.6	-61.0	-18.53	-17.0	1	1	1	1
20230404161336	-15.55	0.56	-61.51	-18.53	-17.03	1	1	1	1
20230404161337	-15.58	0.6	-61.02	-18.42	-17.0	1	1	1	1
20230404161338	-15.56	0.56	-61.51	-18.46	-17.03	1	1	1	1
20230404161339	-15.54	0.58	-61.24	-18.53	-17.03	1	1	1	1
20230404161340	-15.58	0.58	-61.27	-18.49	-17.03	1	1	1	1
20230404161341	-15.56	0.64	-60.54	-18.49	-17.03	1	1	1	1
20230404161343	-15.56	0.58	-61.26	-18.49	-17.03	1	1	1	1
20230404161344	-15.58	0.6	-61.02	-18.53	-17.03	1	1	1	1
20230404161345	-15.59	0.6	-61.03	-18.53	-17.07	1	1	1	1
20230404161346	-15.58	0.56	-61.53	-18.49	-17.07	1	1	1	1
20230404161347	-15.59	0.62	-60.79	-18.42	-17.0	1	1	1	1
20230404161348	-15.58	0.62	-60.78	-18.53	-17.07	1	1	1	1
20230404161349	-15.58	0.62	-60.78	-18.53	-17.0	1	1	1	1
20230404161350	-15.59	0.54	-61.8	-18.42	-17.0	1	1	1	1
20230404161351	-15.59	0.58	-61.28	-18.53	-17.07	1	1	1	1
20230404161352	-15.59	0.6	-61.03	-18.53	-17.07	1	1	1	1
20230404161353	-15.59	0.6	-61.03	-18.49	-17.07	1	1	1	1
20230404161355	-15.61	0.62	-60.8	-18.53	-17.07	1	1	1	1
20230404161356	-15.59	0.58	-61.28	-18.49	-17.07	1	1	1	1
20230404161357	-15.61	0.6	-61.04	-18.53	-17.07	1	1	1	1
20230404161358	-15.59	0.6	-61.03	-18.53	-17.07	1	1	1	1
20230404161359	-15.59	0.62	-60.79	-18.53	-17.07	1	1	1	1
20230404161400	-15.61	0.58	-61.29	-18.49	-17.11	1	1	1	1
20230404161401	-15.61	0.56	-61.55	-18.53	-17.0	1	1	1	1
20230404161402	-15.61	0.64	-60.57	-18.49	-17.07	1	1	1	1
20230404161403	-15.59	0.67	-60.22	-18.49	-17.07	1	1	1	1
20230404161404	-15.61	0.58	-61.29	-18.49	-17.11	1	1	1	1
20230404161406	-15.62	0.6	-61.05	-18.46	-17.0	1	1	1	1
20230404161407	-15.61	0.64	-60.57	-18.53	-17.07	1	1	1	1
20230404161408	-15.61	0.65	-60.46	-18.49	-17.07	1	1	1	1
20230404161409	-15.61	0.62	-60.8	-18.53	-17.07	1	1	1	1
20230404161410	-15.62	0.6	-61.05	-18.49	-17.07	1	1	1	1
20230404161411	-15.61	0.64	-60.57	-18.53	-17.07	1	1	1	1
20230404161412	-15.61	0.62	-60.8	-18.49	-17.0	1	1	1	1
20230404161413	-15.62	0.64	-60.58	-18.46	-17.03	1	1	1	1
20230404161414	-15.62	0.58	-61.3	-18.49	-17.07	1	1	1	1
20230404161415	-15.64	0.65	-60.48	-18.53	-17.07	1	1	1	1
20230404161417	-15.62	0.56	-61.55	-18.42	-17.11	1	1	1	1
20230404161418	-15.64	0.6	-61.06	-18.53	-17.07	1	1	1	1
20230404161419	-15.64	0.64	-60.59	-18.49	-17.07	1	1	1	1
20230404161420	-15.64	0.62	-60.82	-18.53	-17.11	1	1	1	1
20230404161421	-15.62	0.64	-60.58	-18.49	-17.07	1	1	1	1
20230404161422	-15.64	0.58	-61.31	-18.49	-17.07	1	1	1	1
20230404161423	-15.61	0.6	-61.04	-18.49	-17.07	1	1	1	1
20230404161424	-15.61	0.58	-61.29	-18.49	-17.03	1	1	1	1
20230404161425	-15.65	0.58	-61.32	-18.49	-17.07	1	1	1	1
20230404161426	-15.64	0.62	-60.82	-18.53	-17.07	1	1	1	1
20230404161427	-15.65	0.65	-60.48	-18.49	-17.11	1	1	1	1
20230404161428	-15.62	0.6	-61.05	-18.53	-17.07	1	1	1	1
20230404161430	-15.64	0.6	-61.06	-18.49	-17.07	1	1	1	1
20230404161431	-15.61	0.6	-61.04	-18.49	-17.07	1	1	1	1
20230404161432	-15.62	0.6	-61.05	-18.49	-17.07	1	1	1	1
20230404161433	-15.62	0.64	-60.58	-18.49	-17.07	1	1	1	1
20230404161434	-15.64	0.62	-60.82	-18.49	-17.07	1	1	1	1
20230404161435	-15.65	0.6	-61.07	-18.49	-17.07	1	1	1	1
20230404161436	-15.65	0.58	-61.32	-18.49	-17.07	1	1	1	1
20230404161437	-15.65	0.6	-61.07	-18.42	-17.0	1	1	1	1
20230404161438	-15.65	0.6	-61.07	-18.42	-17.0	1	1	1	1
20230404161439	-15.66	0.65	-60.49	-18.46	-17.07	1	1	1	1
20230404161440	-15.65	0.56	-61.57	-18.46	-17.11	1	1	1	1
20230404161441	-15.65	0.64	-60.6	-18.34	-17.07	1	1	1	1
20230404161443	-15.62	0.58	-61.3	-18.42	-17.07	1	1	1	1
20230404161444	-15.64	0.62	-60.82	-18.42	-17.03	1	1	1	1
20230404161445	-15.65	0.65	-60.48	-18.42	-17.03	1	1	1	1
20230404161446	-15.64	0.64	-60.59	-18.38	-17.0	1	1	1	1
20230404161447	-15.66	0.54	-61.84	-18.31	-17.03	1	1	1	1
20230404161448	-15.64	0.65	-60.48	-18.34	-17.03	1	1	1	1
20230404161449	-15.65	0.64	-60.6	-18.27	-16.96	1	1	1	1
20230404161450	-15.64	0.62	-60.82	-18.27	-16.96	1	1	1	1
20230404161451	-15.68	0.6	-61.09	-18.23	-16.96	1	1	1	1
20230404161452	-15.66	0.6	-61.08	-18.23	-16.96	1	1	1	1
20230404161454	-15.65	0.58	-61.32	-18.19	-16.92	1	1	1	1
20230404161455	-15.68	0.62	-60.85	-18.19	-16.84	1	1	1	1
20230404161456	-15.68	0.65	-60.5	-18.16	-16.88	1	1	1	1
20230404161457	-15.66	0.71	-59.84	-18.16	-16.8	1	1	1	1
20230404161458	-15.65	0.6	-61.07	-18.16	-16.84	1	1	1	1
20230404161459	-15.68	0.65	-60.5	-18.12	-16.84	1	1	1	1
20230404161500	-15.65	0.62	-60.83	-18.08	-16.84	1	1	1	1
20230404161501	-15.66	0.6	-61.08	-18.08	-16.8	1	1	1	1
20230404161502	-15.66	0.65	-60.49	-18.05	-16.8	1	1	1	1
20230404161503	-15.66	0.56	-61.58	-18.08	-16.8	1	1	1	1
20230404161504	-15.66	0.64	-60.6	-18.05	-16.77	1	1	1	1
20230404161506	-15.69	0.6	-61.1	-18.05	-16.69	1	1	1	1
20230404161507	-15.66	0.64	-60.6	-18.01	-16.77	1	1	1	1
20230404161508	-15.66	0.6	-61.08	-17.94	-16.65	1	1	1	1
20230404161509	-15.65	0.62	-60.83	-17.9	-16.65	1	1	1	1
20230404161510	-15.68	0.56	-61.59	-17.94	-16.69	1	1	1	1
20230404161511	-15.66	0.6	-61.08	-17.94	-16.69	1	1	1	1
20230404161512	-15.66	0.64	-60.6	-17.86	-16.65	1	1	1	1
20230404161513	-15.65	0.62	-60.83	-17.9	-16.69	1	1	1	1
20230404161514	-15.66	0.58	-61.33	-17.9	-16.69	1	1	1	1
20230404161515	-15.65	0.6	-61.07	-17.86	-16.65	1	1	1	1
20230404161517	-15.68	0.67	-60.28	-17.86	-16.65	1	1	1	1
20230404161518	-15.66	0.6	-61.08	-17.82	-16.65	1	1	1	1
20230404161519	-15.69	0.65	-60.51	-17.82	-16.61	1	1	1	1
20230404161520	-15.68	0.65	-60.5	-17.79	-16.61	1	1	1	1
20230404161521	-15.66	0.62	-60.84	-17.79	-16.61	1	1	1	1
20230404161522	-15.66	0.64	-60.6	-17.79	-16.58	1	1	1	1
20230404161523	-15.66	0.64	-60.6	-17.79	-16.5	1	1	1	1
20230404161524	-15.65	0.64	-60.6	-17.75	-16.58	1	1	1	1
20230404161525	-15.68	0.65	-60.5	-17.79	-16.54	1	1	1	1
20230404161526	-15.68	0.64	-60.62	-17.75	-16.58	1	1	1	1
20230404161528	-15.66	0.65	-60.49	-17.71	-16.54	1	1	1	1
20230404161529	-15.68	0.6	-61.09	-17.71	-16.5	1	1	1	1
20230404161530	-15.68	0.56	-61.59	-17.68	-16.54	1	1	1	1
20230404161531	-15.65	0.65	-60.48	-17.68	-16.54	1	1	1	1
20230404161532	-15.65	0.65	-60.48	-17.64	-16.5	1	1	1	1
20230404161533	-15.66	0.64	-60.6	-17.64	-16.5	1	1	1	1
20230404161534	-15.65	0.62	-60.83	-17.64	-16.5	1	1	1	1
20230404161535	-15.66	0.58	-61.33	-17.6	-16.46	1	1	1	1
20230404161536	-15.68	0.6	-61.09	-17.64	-16.5	1	1	1	1
20230404161537	-15.66	0.65	-60.49	-17.64	-16.46	1	1	1	1
20230404161538	-15.66	0.65	-60.49	-17.64	-16.46	1	1	1	1
20230404161540	-15.66	0.65	-60.49	-17.6	-16.39	1	1	1	1
20230404161541	-15.69	0.63	-60.74	-17.5	-16.46	1	1	1	1
20230404161542	-15.68	0.64	-60.62	-17.57	-16.43	1	1	1	1
20230404161543	-15.66	0.62	-60.84	-17.57	-16.39	1	1	1	1
20230404161544	-15.66	0.67	-60.27	-17.46	-16.35	1	1	1	1
20230404161545	-15.65	0.64	-60.6	-17.53	-16.39	1	1	1	1
20230404161546	-15.66	0.62	-60.84	-17.53	-16.39	1	1	1	1
20230404161547	-15.65	0.58	-61.32	-17.42	-16.39	1	1	1	1
20230404161548	-15.66	0.64	-60.6	-17.5	-16.39	1	1	1	1
20230404161549	-15.64	0.67	-60.25	-17.42	-16.31	1	1	1	1
20230404161550	-15.66	0.62	-60.84	-17.5	-16.39	1	1	1	1
20230404161552	-15.66	0.65	-60.49	-17.46	-16.35	1	1	1	1
20230404161553	-15.66	0.64	-60.6	-17.46	-16.35	1	1	1	1
20230404161554	-15.66	0.6	-61.08	-17.35	-16.27	1	1	1	1
20230404161555	-15.65	0.65	-60.48	-17.46	-16.35	1	1	1	1
20230404161556	-15.65	0.67	-60.26	-17.42	-16.27	1	1	1	1
20230404161557	-15.64	0.6	-61.06	-17.42	-16.35	1	1	1	1
20230404161558	-15.64	0.62	-60.82	-17.39	-16.31	1	1	1	1
20230404161559	-15.62	0.65	-60.46	-17.42	-16.31	1	1	1	1
20230404161600	-15.65	0.62	-60.83	-17.39	-16.27	1	1	1	1
20230404161601	-15.66	0.64	-60.6	-17.35	-16.27	1	1	1	1
20230404161603	-15.64	0.62	-60.82	-17.35	-16.27	1	1	1	1
20230404161604	-15.66	0.64	-60.6	-17.31	-16.24	1	1	1	1
20230404161605	-15.65	0.62	-60.83	-17.31	-16.24	1	1	1	1
20230404161606	-15.65	0.6	-61.07	-17.35	-16.24	1	1	1	1
20230404161607	-15.62	0.62	-60.81	-17.31	-16.24	1	1	1	1
20230404161608	-15.64	0.67	-60.25	-17.24	-16.24	1	1	1	1
20230404161609	-15.64	0.62	-60.82	-17.31	-16.24	1	1	1	1
20230404161610	-15.64	0.65	-60.48	-17.28	-16.16	1	1	1	1
20230404161611	-15.64	0.67	-60.25	-17.31	-16.24	1	1	1	1
20230404161612	-15.65	0.62	-60.83	-17.31	-16.24	1	1	1	1
20230404161614	-15.64	0.72	-59.72	-17.24	-16.2	1	1	1	1
20230404161615	-15.64	0.56	-61.57	-17.28	-16.2	1	1	1	1
20230404161616	-15.62	0.64	-60.58	-17.21	-16.2	1	1	1	1
20230404161617	-15.64	0.67	-60.25	-17.24	-16.2	1	1	1	1
20230404161618	-15.61	0.71	-59.81	-17.24	-16.2	1	1	1	1
20230404161619	-15.64	0.62	-60.82	-17.28	-16.2	1	1	1	1
20230404161620	-15.64	0.62	-60.82	-17.24	-16.16	1	1	1	1
20230404161621	-15.61	0.62	-60.8	-17.13	-16.12	1	1	1	1
20230404161622	-15.62	0.64	-60.58	-17.24	-16.12	1	1	1	1
20230404161623	-15.64	0.6	-61.06	-17.21	-16.16	1	1	1	1
20230404161624	-15.64	0.64	-60.59	-17.21	-16.12	1	1	1	1
20230404161626	-15.64	0.65	-60.48	-17.21	-16.12	1	1	1	1
20230404161627	-15.61	0.64	-60.57	-17.21	-16.12	1	1	1	1
20230404161628	-15.64	0.62	-60.82	-17.17	-16.12	1	1	1	1
20230404161629	-15.62	0.65	-60.46	-17.17	-16.05	1	1	1	1
20230404161630	-15.61	0.64	-60.57	-17.17	-16.12	1	1	1	1
20230404161631	-15.62	0.62	-60.81	-17.17	-16.12	1	1	1	1
20230404161632	-15.62	0.69	-60.02	-17.1	-16.09	1	1	1	1
20230404161633	-15.61	0.62	-60.8	-17.1	-16.05	1	1	1	1
20230404161634	-15.61	0.58	-61.29	-17.17	-16.09	1	1	1	1
20230404161635	-15.62	0.64	-60.58	-17.13	-16.09	1	1	1	1
20230404161636	-15.62	0.65	-60.46	-17.13	-16.09	1	1	1	1
20230404161638	-15.62	0.6	-61.05	-17.17	-16.09	1	1	1	1
20230404161639	-15.64	0.65	-60.48	-17.06	-16.05	1	1	1	1
20230404161640	-15.62	0.65	-60.46	-17.13	-16.09	1	1	1	1
20230404161641	-15.62	0.64	-60.58	-17.13	-16.01	1	1	1	1
20230404161642	-15.61	0.6	-61.04	-17.13	-16.09	1	1	1	1
20230404161643	-15.61	0.65	-60.46	-17.03	-16.01	1	1	1	1
20230404161644	-15.62	0.6	-61.05	-17.1	-16.09	1	1	1	1
20230404161645	-15.61	0.64	-60.57	-17.1	-16.05	1	1	1	1
20230404161646	-15.62	0.6	-61.05	-16.99	-16.01	1	1	1	1
20230404161647	-15.64	0.64	-60.59	-17.1	-16.05	1	1	1	1
20230404161648	-15.61	0.62	-60.8	-17.06	-16.05	1	1	1	1
20230404161649	-15.62	0.62	-60.81	-16.99	-15.97	1	1	1	1
20230404161650	-15.62	0.67	-60.24	-17.06	-16.05	1	1	1	1
20230404161652	-15.62	0.67	-60.24	-17.06	-16.05	1	1	1	1
20230404161653	-15.64	0.62	-60.82	-17.03	-16.05	1	1	1	1
20230404161654	-15.62	0.64	-60.58	-17.03	-16.01	1	1	1	1
20230404161655	-15.64	0.64	-60.59	-17.03	-16.01	1	1	1	1
20230404161656	-15.61	0.64	-60.57	-17.03	-16.01	1	1	1	1
20230404161657	-15.61	0.64	-60.57	-17.03	-16.01	1	1	1	1
20230404161658	-15.62	0.64	-60.58	-16.95	-15.94	1	1	1	1
20230404161659	-15.62	0.58	-61.3	-16.99	-15.9	1	1	1	1
20230404161700	-15.62	0.65	-60.46	-17.03	-16.01	1	1	1	1
20230404161701	-15.62	0.62	-60.81	-17.03	-15.97	1	1	1	1
20230404161702	-15.64	0.67	-60.25	-16.99	-16.01	1	1	1	1
20230404161704	-15.61	0.64	-60.57	-17.03	-15.97	1	1	1	1
20230404161705	-15.62	0.62	-60.81	-16.99	-15.97	1	1	1	1
20230404161706	-15.62	0.65	-60.46	-16.99	-15.94	1	1	1	1
20230404161707	-15.62	0.65	-60.46	-16.99	-15.97	1	1	1	1
20230404161708	-15.62	0.62	-60.81	-16.95	-15.97	1	1	1	1
20230404161709	-15.62	0.64	-60.58	-16.95	-15.97	1	1	1	1
20230404161710	-15.62	0.6	-61.05	-16.99	-15.97	1	1	1	1
20230404161711	-15.62	0.62	-60.81	-16.95	-15.94	1	1	1	1
20230404161712	-15.61	0.64	-60.57	-16.92	-15.94	1	1	1	1
20230404161713	-15.62	0.64	-60.58	-16.95	-15.94	1	1	1	1
20230404161715	-15.61	0.64	-60.57	-16.92	-15.94	1	1	1	1
20230404161716	-15.62	0.65	-60.46	-16.92	-15.94	1	1	1	1
20230404161717	-15.62	0.6	-61.05	-16.95	-15.94	1	1	1	1
20230404161718	-15.62	0.64	-60.58	-16.92	-15.9	1	1	1	1
20230404161719	-15.62	0.67	-60.24	-16.88	-15.94	1	1	1	1
20230404161720	-15.61	0.65	-60.46	-16.92	-15.9	1	1	1	1
20230404161721	-15.61	0.73	-59.6	-16.85	-15.9	1	1	1	1
20230404161722	-15.61	0.6	-61.04	-16.88	-15.9	1	1	1	1
20230404161723	-15.62	0.58	-61.3	-16.85	-15.86	1	1	1	1
20230404161724	-15.62	0.62	-60.81	-16.88	-15.9	1	1	1	1
20230404161726	-15.61	0.67	-60.23	-16.88	-15.9	1	1	1	1
20230404161727	-15.62	0.69	-60.02	-16.88	-15.9	1	1	1	1
20230404161728	-15.61	0.65	-60.46	-16.88	-15.9	1	1	1	1
20230404161729	-15.64	0.6	-61.06	-16.81	-15.9	1	1	1	1
20230404161730	-15.59	0.65	-60.44	-16.85	-15.9	1	1	1	1
20230404161731	-15.59	0.64	-60.56	-16.88	-15.83	1	1	1	1
20230404161732	-15.59	0.65	-60.44	-16.77	-15.83	1	1	1	1
20230404161733	-15.59	0.62	-60.79	-16.88	-15.9	1	1	1	1
20230404161734	-15.59	0.67	-60.22	-16.88	-15.9	1	1	1	1
20230404161735	-15.59	0.64	-60.56	-16.81	-15.83	1	1	1	1
20230404161737	-15.61	0.6	-61.04	-16.85	-15.79	1	1	1	1
20230404161738	-15.61	0.67	-60.23	-16.85	-15.9	1	1	1	1
20230404161739	-15.62	0.64	-60.58	-16.85	-15.86	1	1	1	1
20230404161740	-15.61	0.64	-60.57	-16.81	-15.86	1	1	1	1
20230404161741	-15.61	0.62	-60.8	-16.85	-15.9	1	1	1	1
20230404161742	-15.62	0.6	-61.05	-16.81	-15.86	1	1	1	1
20230404161743	-15.58	0.64	-60.55	-16.77	-15.79	1	1	1	1
20230404161744	-15.59	0.62	-60.79	-16.85	-15.9	1	1	1	1
20230404161745	-15.61	0.69	-60.02	-16.85	-15.86	1	1	1	1
20230404161746	-15.59	0.65	-60.44	-16.81	-15.86	1	1	1	1
20230404161748	-15.61	0.64	-60.57	-16.74	-15.79	1	1	1	1
20230404161749	-15.59	0.67	-60.22	-16.81	-15.86	1	1	1	1
20230404161750	-15.62	0.64	-60.58	-16.85	-15.64	1	1	1	1
20230404161751	-15.59	0.65	-60.44	-16.77	-14.94	1	1	1	1
20230404161752	-15.59	0.64	-60.56	-16.7	-14.22	1	1	1	1
20230404161753	-15.58	0.64	-60.55	-16.6	-13.54	1	1	1	1
20230404161754	-15.58	0.67	-60.21	-16.46	-13.05	1	1	1	1
20230404161755	-15.54	0.62	-60.76	-16.25	-12.63	1	1	1	1
20230404161756	-15.5	0.66	-60.27	-16.18	-12.32	1	1	1	1
20230404161757	-15.48	0.62	-60.72	-15.97	-11.94	1	1	1	1
20230404161759	-15.44	0.62	-60.69	-15.86	-11.77	1	1	1	1
20230404161800	-15.43	0.64	-60.45	-15.76	-11.53	1	1	1	1
20230404161801	-15.4	0.64	-60.43	-15.55	-11.36	1	1	1	1
20230404161802	-15.37	0.68	-59.96	-15.38	-11.19	1	1	1	1
20230404161803	-15.35	0.62	-60.63	-15.31	-11.05	1	1	1	1
20230404161804	-15.34	0.64	-60.39	-15.11	-10.85	1	1	1	1
20230404161805	-15.31	0.65	-60.25	-15.07	-10.71	1	1	1	1
20230404161806	-15.28	0.61	-60.7	-14.87	-10.55	1	1	1	1
20230404161807	-15.23	0.68	-59.87	-14.77	-10.41	1	1	1	1
20230404161808	-15.21	0.66	-60.07	-14.64	-10.35	1	1	1	1
20230404161810	-15.19	0.68	-59.84	-14.5	-10.25	1	1	1	1
20230404161811	-15.17	0.72	-59.4	-14.37	-10.15	1	1	1	1
20230404161812	-15.16	0.7	-59.6	-14.27	-10.01	1	1	1	1
20230404161813	-15.14	0.7	-59.59	-14.14	-9.92	1	1	1	1
20230404161814	-15.07	0.65	-60.09	-14.01	-9.78	1	1	1	1
20230404161815	-15.07	0.69	-59.65	-13.88	-9.65	1	1	1	1
20230404161816	-15.03	0.65	-60.06	-13.68	-9.59	1	1	1	1
20230404161817	-15.01	0.61	-60.52	-13.58	-9.45	1	1	1	1
20230404161818	-14.97	0.65	-60.02	-13.45	-9.42	1	1	1	1
20230404161819	-14.95	0.71	-59.35	-13.36	-9.32	1	1	1	1
20230404161820	-14.96	0.67	-59.79	-13.19	-9.16	1	1	1	1
20230404161822	-14.93	0.65	-59.99	-13.07	-9.06	1	1	1	1
20230404161823	-14.9	0.65	-59.97	-13.03	-9.03	1	1	1	1
20230404161824	-14.89	0.69	-59.52	-12.91	-8.93	1	1	1	1
20230404161825	-14.86	0.69	-59.5	-12.81	-8.83	1	1	1	1
20230404161826	-14.85	0.66	-59.83	-12.65	-8.74	1	1	1	1
20230404161827	-14.79	0.67	-59.67	-12.56	-8.61	1	1	1	1
20230404161828	-14.76	0.66	-59.77	-12.4	-8.48	1	1	1	1
20230404161829	-14.73	0.66	-59.74	-12.34	-8.44	1	1	1	1
20230404161830	-14.75	0.69	-59.43	-12.18	-8.31	1	1	1	1
20230404161831	-14.69	0.66	-59.72	-12.09	-8.28	1	1	1	1
20230404161833	-14.71	0.7	-59.29	-12.02	-8.25	1	1	1	1
20230404161834	-14.66	0.68	-59.48	-11.9	-8.15	1	1	1	1
20230404161835	-14.63	0.68	-59.46	-11.77	-8.09	1	1	1	1
20230404161836	-14.63	0.7	-59.24	-11.62	-8.02	1	1	1	1
20230404161837	-14.59	0.7	-59.21	-11.62	-7.9	1	1	1	1
20230404161838	-14.59	0.64	-59.88	-11.5	-7.8	1	1	1	1
20230404161839	-14.55	0.7	-59.19	-11.4	-7.74	1	1	1	1
20230404161840	-14.5	0.74	-58.74	-11.25	-7.61	1	1	1	1
20230404161841	-14.49	0.65	-59.69	-11.22	-7.58	1	1	1	1
20230404161842	-14.48	0.68	-59.35	-11.13	-7.51	1	1	1	1
20230404161844	-14.45	0.74	-58.7	-11.01	-7.45	1	1	1	1
20230404161845	-14.44	0.72	-58.9	-10.91	-7.39	1	1	1	1
20230404161846	-14.41	0.68	-59.31	-10.85	-7.26	1	1	1	1
20230404161847	-14.39	0.72	-58.87	-10.73	-7.16	1	1	1	1
20230404161848	-14.39	0.61	-60.1	-10.64	-7.1	1	1	1	1
20230404161849	-14.36	0.72	-58.85	-10.55	-7.07	1	1	1	1
20230404161850	-14.34	0.72	-58.83	-10.46	-6.97	1	1	1	1
20230404161851	-14.31	0.74	-58.61	-10.37	-6.94	1	1	1	1
20230404161852	-14.29	0.63	-59.79	-10.31	-6.85	1	1	1	1
20230404161853	-14.26	0.76	-58.37	-10.16	-6.75	1	1	1	1
20230404161855	-14.25	0.67	-59.31	-10.1	-6.72	1	1	1	1
20230404161856	-14.22	0.71	-58.85	-10.04	-6.66	1	1	1	1
20230404161857	-14.22	0.69	-59.07	-9.95	-6.56	1	1	1	1
20230404161858	-14.22	0.71	-58.85	-9.8	-6.5	1	1	1	1
20230404161859	-14.17	0.69	-59.03	-9.77	-6.44	1	1	1	1
20230404161900	-14.17	0.72	-58.72	-9.71	-6.37	1	1	1	1
20230404161901	-14.14	0.71	-58.8	-9.63	-6.34	1	1	1	1
20230404161902	-14.1	0.66	-59.32	-9.48	-6.22	1	1	1	1
20230404161903	-14.11	0.69	-58.99	-9.48	-6.22	1	1	1	1
20230404161904	-14.07	0.69	-58.96	-9.36	-6.19	1	1	1	1
20230404161906	-14.04	0.67	-59.16	-9.3	-6.06	1	1	1	1
20230404161907	-14.04	0.71	-58.73	-9.24	-6.03	1	1	1	1
20230404161908	-14.03	0.71	-58.72	-9.16	-5.94	1	1	1	1
20230404161909	-14.0	0.69	-58.92	-9.04	-5.81	1	1	1	1
20230404161910	-13.97	0.7	-58.79	-9.01	-5.87	1	1	1	1
20230404161911	-13.97	0.71	-58.68	-8.95	-5.78	1	1	1	1
20230404161912	-13.95	0.7	-58.78	-8.89	-5.69	1	1	1	1
20230404161913	-13.93	0.73	-58.45	-8.75	-5.62	1	1	1	1
20230404161914	-13.89	0.68	-58.95	-8.72	-5.62	1	1	1	1
20230404161915	-13.9	0.7	-58.74	-8.6	-5.53	1	1	1	1
20230404161916	-13.87	0.68	-58.94	-8.6	-5.5	1	1	1	1
20230404161918	-13.86	0.72	-58.5	-8.52	-5.47	1	1	1	1
20230404161919	-13.83	0.66	-59.13	-8.49	-5.41	1	1	1	1
20230404161920	-13.81	0.75	-58.16	-8.4	-5.34	1	1	1	1
20230404161921	-13.8	0.66	-59.11	-8.32	-5.25	1	1	1	1
20230404161922	-13.73	0.72	-58.41	-8.26	-5.25	1	1	1	1
20230404161923	-13.73	0.7	-58.62	-8.2	-5.19	1	1	1	1
20230404161924	-13.73	0.67	-58.95	-8.14	-5.13	1	1	1	1
20230404161925	-13.7	0.68	-58.82	-8.03	-5.07	1	1	1	1
20230404161926	-13.69	0.7	-58.6	-8.0	-5.04	1	1	1	1
20230404161927	-13.67	0.7	-58.58	-7.94	-4.94	1	1	1	1
20230404161929	-13.67	0.7	-58.58	-7.89	-4.94	1	1	1	1
20230404161930	-13.64	0.67	-58.89	-7.8	-4.88	1	1	1	1
20230404161931	-13.63	0.67	-58.88	-7.77	-4.85	1	1	1	1
20230404161932	-13.62	0.69	-58.66	-7.69	-4.76	1	1	1	1
20230404161933	-13.59	0.61	-59.55	-7.66	-4.76	1	1	1	1
20230404161934	-13.58	0.72	-58.31	-7.57	-4.64	1	1	1	1
20230404161935	-13.55	0.7	-58.5	-7.52	-4.64	1	1	1	1
20230404161936	-13.52	0.72	-58.27	-7.43	-4.54	1	1	1	1
20230404161937	-13.52	0.67	-58.81	-7.35	-4.51	1	1	1	1
20230404161938	-13.5	0.78	-57.65	-7.35	-4.45	1	1	1	1
20230404161939	-13.49	0.67	-58.79	-7.21	-4.39	1	1	1	1
20230404161941	-13.45	0.72	-58.22	-7.12	-4.36	1	1	1	1
20230404161942	-13.45	0.6	-59.58	-7.09	-4.36	1	1	1	1
20230404161943	-13.42	0.71	-58.31	-7.01	-4.27	1	1	1	1
20230404161944	-13.42	0.69	-58.52	-6.98	-4.21	1	1	1	1
20230404161945	-13.38	0.62	-59.29	-6.87	-4.21	1	1	1	1
20230404161946	-13.36	0.76	-57.75	-6.81	-4.11	1	1	1	1
20230404161947	-13.35	0.73	-58.05	-6.73	-4.05	1	1	1	1
20230404161948	-13.35	0.69	-58.47	-6.62	-3.96	1	1	1	1
20230404161949	-13.32	0.71	-58.24	-6.59	-3.87	1	1	1	1
20230404161950	-13.31	0.69	-58.45	-6.51	-3.87	1	1	1	1
20230404161952	-13.28	0.69	-58.43	-6.45	-3.84	1	1	1	1
20230404161953	-13.26	0.66	-58.74	-6.4	-3.72	1	1	1	1
20230404161954	-13.25	0.7	-58.3	-6.28	-3.66	1	1	1	1
20230404161955	-13.25	0.7	-58.3	-6.23	-3.6	1	1	1	1
20230404161956	-13.2	0.66	-58.7	-6.17	-3.57	1	1	1	1
20230404161957	-13.19	0.7	-58.26	-6.15	-3.57	1	1	1	1
20230404161958	-13.16	0.66	-58.68	-6.04	-3.47	1	1	1	1
20230404161959	-13.16	0.66	-58.68	-5.93	-3.35	1	1	1	1
20230404162000	-13.15	0.68	-58.45	-5.93	-3.35	1	1	1	1
20230404162001	-13.12	0.72	-58.0	-5.87	-3.23	1	1	1	1
20230404162003	-13.11	0.77	-57.48	-5.82	-3.26	1	1	1	1
20230404162004	-13.08	0.65	-58.74	-5.73	-3.23	1	1	1	1
20230404162005	-13.07	0.7	-58.17	-5.65	-3.17	1	1	1	1
20230404162006	-13.04	0.74	-57.74	-5.6	-3.08	1	1	1	1
20230404162007	-13.04	0.66	-58.59	-5.57	-3.08	1	1	1	1
20230404162008	-13.02	0.7	-58.14	-5.49	-3.05	1	1	1	1
20230404162009	-12.98	0.7	-58.11	-5.43	-2.99	1	1	1	1
20230404162010	-12.98	0.68	-58.33	-5.32	-2.87	1	1	1	1
20230404162011	-12.94	0.7	-58.09	-5.27	-2.9	1	1	1	1
20230404162012	-12.94	0.67	-58.41	-5.27	-2.84	1	1	1	1
20230404162014	-12.92	0.7	-58.07	-5.21	-2.84	1	1	1	1
20230404162015	-12.91	0.65	-58.62	-5.13	-2.75	1	1	1	1
20230404162016	-12.88	0.69	-58.15	-5.11	-2.72	1	1	1	1
20230404162017	-12.85	0.72	-57.81	-5.02	-2.69	1	1	1	1
20230404162018	-12.84	0.69	-58.13	-4.94	-2.6	1	1	1	1
20230404162019	-12.81	0.67	-58.33	-4.92	-2.6	1	1	1	1
20230404162020	-12.81	0.69	-58.1	-4.89	-2.54	1	1	1	1
20230404162021	-12.8	0.72	-57.78	-4.83	-2.48	1	1	1	1
20230404162022	-12.78	0.65	-58.53	-4.78	-2.48	1	1	1	1
20230404162023	-12.75	0.67	-58.28	-4.73	-2.45	1	1	1	1
20230404162024	-12.75	0.71	-57.85	-4.67	-2.36	1	1	1	1
20230404162026	-12.75	0.69	-58.06	-4.59	-2.36	1	1	1	1
20230404162027	-12.73	0.69	-58.05	-4.56	-2.3	1	1	1	1
20230404162028	-12.68	0.67	-58.24	-4.54	-2.3	1	1	1	1
20230404162029	-12.67	0.71	-57.79	-4.43	-2.21	1	1	1	1
20230404162030	-12.64	0.69	-57.99	-4.43	-2.18	1	1	1	1
20230404162031	-12.64	0.67	-58.21	-4.35	-2.09	1	1	1	1
20230404162032	-12.63	0.66	-58.32	-4.27	-2.09	1	1	1	1
20230404162033	-12.63	0.67	-58.2	-4.29	-2.06	1	1	1	1
20230404162034	-12.61	0.69	-57.97	-4.21	-2.0	1	1	1	1
20230404162035	-12.58	0.69	-57.95	-4.24	-1.97	1	1	1	1
20230404162037	-12.57	0.67	-58.16	-4.24	-1.94	1	1	1	1
20230404162038	-12.54	0.66	-58.25	-4.27	-1.88	1	1	1	1
20230404162039	-12.53	0.66	-58.25	-4.32	-1.91	1	1	1	1
20230404162040	-12.53	0.64	-58.48	-4.4	-1.97	1	1	1	1
20230404162041	-12.49	0.62	-58.69	-4.51	-2.0	1	1	1	1
20230404162042	-12.47	0.71	-57.66	-4.59	-2.06	1	1	1	1
20230404162043	-12.49	0.75	-57.26	-4.67	-2.03	1	1	1	1
20230404162044	-12.46	0.7	-57.76	-4.73	-2.06	1	1	1	1
20230404162045	-12.43	0.73	-57.42	-4.83	-2.15	1	1	1	1
20230404162046	-12.42	0.64	-58.4	-4.94	-2.21	1	1	1	1
20230404162048	-12.43	0.7	-57.74	-5.0	-2.3	1	1	1	1
20230404162049	-12.4	0.6	-58.87	-5.02	-2.33	1	1	1	1
20230404162050	-12.37	0.66	-58.14	-5.16	-2.42	1	1	1	1
20230404162051	-12.37	0.7	-57.7	-5.24	-2.42	1	1	1	1
20230404162052	-12.36	0.7	-57.69	-5.3	-2.54	1	1	1	1
20230404162053	-12.37	0.66	-58.14	-5.35	-2.6	1	1	1	1
20230404162054	-12.34	0.65	-58.23	-5.46	-2.6	1	1	1	1
20230404162055	-12.33	0.65	-58.23	-5.49	-2.6	1	1	1	1
20230404162056	-12.3	0.68	-57.87	-5.6	-2.72	1	1	1	1
20230404162057	-12.32	0.65	-58.22	-5.65	-2.81	1	1	1	1
20230404162059	-12.3	0.66	-58.09	-5.68	-2.81	1	1	1	1
20230404162100	-12.29	0.7	-57.64	-5.79	-2.87	1	1	1	1
20230404162101	-12.28	0.72	-57.42	-5.84	-2.87	1	1	1	1
20230404162102	-12.28	0.7	-57.63	-5.93	-2.93	1	1	1	1
20230404162103	-12.28	0.65	-58.19	-5.98	-3.05	1	1	1	1
20230404162104	-12.25	0.65	-58.17	-6.04	-3.08	1	1	1	1
20230404162105	-12.25	0.62	-58.53	-6.09	-3.08	1	1	1	1
20230404162106	-12.23	0.67	-57.93	-6.17	-3.14	1	1	1	1
20230404162107	-12.25	0.65	-58.17	-6.17	-3.17	1	1	1	1
20230404162108	-12.23	0.65	-58.16	-6.26	-3.23	1	1	1	1
20230404162109	-12.22	0.63	-58.39	-6.31	-3.32	1	1	1	1
20230404162111	-12.2	0.61	-58.61	-6.4	-3.35	1	1	1	1
20230404162112	-12.2	0.67	-57.91	-6.45	-3.38	1	1	1	1
20230404162113	-12.2	0.7	-57.58	-6.51	-3.41	1	1	1	1
20230404162114	-12.19	0.7	-57.57	-6.59	-3.47	1	1	1	1
20230404162115	-12.19	0.65	-58.13	-6.62	-3.5	1	1	1	1
20230404162116	-12.18	0.67	-57.9	-6.7	-3.57	1	1	1	1
20230404162117	-12.18	0.65	-58.13	-6.73	-3.57	1	1	1	1
20230404162118	-12.13	0.7	-57.53	-6.76	-3.54	1	1	1	1
20230404162119	-12.16	0.67	-57.88	-6.81	-3.6	1	1	1	1
20230404162120	-12.16	0.67	-57.88	-6.9	-3.66	1	1	1	1
20230404162121	-12.15	0.7	-57.55	-6.98	-3.72	1	1	1	1
20230404162123	-12.16	0.7	-57.55	-7.01	-3.72	1	1	1	1
20230404162124	-12.13	0.63	-58.33	-7.07	-3.78	1	1	1	1
20230404162125	-12.13	0.65	-58.09	-7.09	-3.84	1	1	1	1
20230404162126	-12.12	0.65	-58.08	-7.15	-3.87	1	1	1	1
20230404162127	-12.12	0.65	-58.08	-7.21	-3.87	1	1	1	1
20230404162128	-12.1	0.69	-57.62	-7.29	-3.96	1	1	1	1
20230404162129	-12.09	0.67	-57.84	-7.38	-3.99	1	1	1	1
20230404162130	-12.1	0.65	-58.07	-7.4	-3.99	1	1	1	1
20230404162131	-12.1	0.63	-58.31	-7.49	-4.08	1	1	1	1
20230404162132	-12.1	0.67	-57.84	-7.54	-4.11	1	1	1	1
20230404162134	-12.09	0.67	-57.84	-7.6	-4.18	1	1	1	1
20230404162135	-12.09	0.63	-58.3	-7.69	-4.24	1	1	1	1
20230404162136	-12.1	0.63	-58.31	-7.74	-4.27	1	1	1	1
20230404162137	-12.06	0.67	-57.82	-7.8	-4.36	1	1	1	1
20230404162138	-12.06	0.63	-58.28	-7.86	-4.36	1	1	1	1
20230404162139	-12.08	0.67	-57.83	-7.91	-4.42	1	1	1	1
20230404162140	-12.05	0.63	-58.27	-7.97	-4.45	1	1	1	1
20230404162141	-12.05	0.7	-57.48	-8.06	-4.42	1	1	1	1
20230404162142	-12.08	0.65	-58.06	-8.09	-4.57	1	1	1	1
20230404162143	-12.08	0.65	-58.06	-8.17	-4.64	1	1	1	1
20230404162144	-12.06	0.61	-58.52	-8.23	-4.64	1	1	1	1
20230404162146	-12.06	0.63	-58.28	-8.29	-4.67	1	1	1	1
20230404162147	-12.05	0.67	-57.81	-8.34	-4.67	1	1	1	1
20230404162148	-12.03	0.69	-57.57	-8.4	-4.76	1	1	1	1
20230404162149	-12.03	0.63	-58.26	-8.46	-4.79	1	1	1	1
20230404162150	-12.03	0.65	-58.02	-8.52	-4.82	1	1	1	1
20230404162151	-12.02	0.61	-58.49	-8.55	-4.88	1	1	1	1
20230404162152	-12.02	0.67	-57.79	-8.63	-4.91	1	1	1	1
20230404162153	-12.02	0.65	-58.02	-8.63	-4.91	1	1	1	1
20230404162154	-12.05	0.65	-58.04	-8.72	-4.97	1	1	1	1
20230404162155	-12.02	0.72	-57.24	-8.72	-5.0	1	1	1	1
20230404162157	-12.02	0.63	-58.25	-8.78	-5.0	1	1	1	1
20230404162158	-12.02	0.65	-58.02	-8.86	-5.13	1	1	1	1
20230404162159	-12.02	0.71	-57.35	-8.92	-5.13	1	1	1	1
20230404162200	-12.03	0.63	-58.26	-8.98	-5.19	1	1	1	1
20230404162201	-12.02	0.61	-58.49	-9.04	-5.22	1	1	1	1
20230404162202	-12.02	0.65	-58.02	-9.07	-5.25	1	1	1	1
20230404162203	-12.02	0.69	-57.57	-9.13	-5.28	1	1	1	1
20230404162204	-12.0	0.67	-57.77	-9.13	-5.28	1	1	1	1
20230404162205	-12.02	0.61	-58.49	-9.24	-5.41	1	1	1	1
20230404162206	-12.02	0.65	-58.02	-9.24	-5.41	1	1	1	1
20230404162208	-11.99	0.58	-58.85	-9.27	-5.38	1	1	1	1
20230404162209	-11.99	0.67	-57.77	-9.33	-5.5	1	1	1	1
20230404162210	-11.99	0.63	-58.23	-9.39	-5.53	1	1	1	1
20230404162211	-12.0	0.63	-58.24	-9.42	-5.5	1	1	1	1
20230404162212	-11.99	0.67	-57.77	-9.48	-5.53	1	1	1	1
20230404162213	-12.0	0.61	-58.48	-9.54	-5.53	1	1	1	1
20230404162214	-12.0	0.63	-58.24	-9.57	-5.59	1	1	1	1
20230404162215	-11.99	0.61	-58.47	-9.63	-5.66	1	1	1	1
20230404162216	-12.0	0.63	-58.24	-9.66	-5.66	1	1	1	1
20230404162217	-11.98	0.6	-58.59	-9.69	-5.72	1	1	1	1
20230404162218	-11.99	0.65	-58.0	-9.74	-5.75	1	1	1	1
20230404162220	-11.98	0.63	-58.22	-9.74	-5.78	1	1	1	1
20230404162221	-11.98	0.61	-58.47	-9.8	-5.78	1	1	1	1
20230404162222	-11.96	0.6	-58.58	-9.86	-5.84	1	1	1	1
20230404162223	-12.0	0.58	-58.86	-9.86	-5.87	1	1	1	1
20230404162224	-11.98	0.63	-58.22	-9.92	-5.87	1	1	1	1
20230404162225	-11.98	0.56	-59.1	-9.98	-5.9	1	1	1	1
20230404162226	-11.98	0.61	-58.47	-10.01	-5.9	1	1	1	1
20230404162227	-12.0	0.67	-57.77	-10.04	-5.97	1	1	1	1
20230404162228	-11.99	0.61	-58.47	-10.07	-6.0	1	1	1	1
20230404162229	-12.0	0.63	-58.24	-10.1	-6.0	1	1	1	1
20230404162231	-11.98	0.65	-57.99	-10.13	-6.03	1	1	1	1
20230404162232	-11.99	0.63	-58.23	-10.19	-6.06	1	1	1	1
20230404162233	-12.02	0.67	-57.79	-10.22	-6.06	1	1	1	1
20230404162234	-11.99	0.61	-58.47	-10.25	-6.09	1	1	1	1
20230404162235	-12.0	0.65	-58.0	-10.31	-6.09	1	1	1	1
20230404162236	-11.99	0.6	-58.6	-10.34	-6.15	1	1	1	1
20230404162237	-11.96	0.63	-58.21	-10.37	-6.15	1	1	1	1
20230404162238	-11.98	0.58	-58.84	-10.34	-6.19	1	1	1	1
20230404162239	-12.0	0.61	-58.48	-10.43	-6.25	1	1	1	1
20230404162240	-11.98	0.65	-57.99	-10.46	-6.25	1	1	1	1
20230404162242	-11.99	0.58	-58.85	-10.49	-6.31	1	1	1	1
20230404162243	-11.96	0.63	-58.21	-10.52	-6.31	1	1	1	1
20230404162244	-11.99	0.63	-58.23	-10.55	-6.34	1	1	1	1
20230404162245	-11.99	0.61	-58.47	-10.58	-6.34	1	1	1	1
20230404162246	-11.98	0.61	-58.47	-10.61	-6.37	1	1	1	1
20230404162247	-11.98	0.67	-57.76	-10.64	-6.41	1	1	1	1
20230404162248	-11.99	0.6	-58.6	-10.7	-6.41	1	1	1	1
20230404162249	-11.99	0.65	-58.0	-10.67	-6.37	1	1	1	1
20230404162250	-12.0	0.6	-58.6	-10.67	-6.41	1	1	1	1
20230404162251	-12.0	0.63	-58.24	-10.76	-6.5	1	1	1	1
20230404162252	-11.98	0.63	-58.22	-10.82	-6.44	1	1	1	1
20230404162254	-12.0	0.61	-58.48	-10.79	-6.53	1	1	1	1
20230404162255	-11.96	0.65	-57.98	-10.85	-6.56	1	1	1	1
20230404162256	-11.99	0.61	-58.47	-10.85	-6.56	1	1	1	1
20230404162257	-11.99	0.56	-59.11	-10.88	-6.63	1	1	1	1
20230404162258	-11.98	0.61	-58.47	-10.85	-6.56	1	1	1	1
20230404162259	-11.98	0.58	-58.84	-10.94	-6.63	1	1	1	1
20230404162300	-12.0	0.63	-58.24	-10.97	-6.66	1	1	1	1
20230404162301	-12.0	0.63	-58.24	-10.97	-6.59	1	1	1	1
20230404162302	-11.98	0.63	-58.22	-11.13	-6.69	1	1	1	1
20230404162303	-12.02	0.65	-58.02	-11.25	-6.72	1	1	1	1
20230404162305	-11.99	0.61	-58.47	-11.37	-6.81	1	1	1	1
20230404162306	-11.99	0.63	-58.23	-11.5	-6.85	1	1	1	1
20230404162307	-12.0	0.71	-57.34	-11.59	-6.88	1	1	1	1
20230404162308	-12.0	0.56	-59.12	-11.77	-6.97	1	1	1	1
20230404162309	-11.99	0.6	-58.6	-11.87	-7.1	1	1	1	1
20230404162310	-12.0	0.63	-58.24	-12.02	-7.13	1	1	1	1
20230404162311	-12.0	0.56	-59.12	-12.15	-7.26	1	1	1	1
20230404162312	-12.03	0.63	-58.26	-12.18	-7.29	1	1	1	1
20230404162313	-12.02	0.58	-58.87	-12.37	-7.39	1	1	1	1
20230404162314	-12.02	0.6	-58.62	-12.43	-7.54	1	1	1	1
20230404162316	-12.02	0.52	-59.68	-12.59	-7.61	1	1	1	1
20230404162317	-12.03	0.58	-58.88	-12.68	-7.67	1	1	1	1
20230404162318	-12.05	0.58	-58.89	-12.72	-7.77	1	1	1	1
20230404162319	-12.03	0.63	-58.26	-12.75	-7.83	1	1	1	1
20230404162320	-12.03	0.61	-58.5	-12.78	-7.9	1	1	1	1
20230404162321	-12.05	0.67	-57.81	-12.78	-7.9	1	1	1	1
20230404162322	-12.06	0.6	-58.64	-12.75	-7.9	1	1	1	1
20230404162323	-12.05	0.61	-58.51	-12.78	-7.96	1	1	1	1
20230404162324	-12.05	0.58	-58.89	-12.87	-8.02	1	1	1	1
20230404162325	-12.06	0.63	-58.28	-12.91	-8.02	1	1	1	1
20230404162327	-12.06	0.65	-58.04	-12.91	-8.06	1	1	1	1
20230404162328	-12.09	0.59	-58.79	-12.94	-8.06	1	1	1	1
20230404162329	-12.09	0.59	-58.79	-12.94	-8.12	1	1	1	1
20230404162330	-12.12	0.57	-59.07	-12.97	-8.15	1	1	1	1
20230404162331	-12.1	0.57	-59.05	-12.94	-8.12	1	1	1	1
20230404162332	-12.06	0.69	-57.59	-13.0	-8.15	1	1	1	1
20230404162333	-12.09	0.61	-58.54	-13.0	-8.15	1	1	1	1
20230404162334	-12.08	0.63	-58.29	-13.03	-8.15	1	1	1	1
20230404162335	-12.12	0.63	-58.32	-13.0	-8.15	1	1	1	1
20230404162336	-12.09	0.61	-58.54	-13.07	-8.19	1	1	1	1
20230404162337	-12.1	0.56	-59.19	-13.1	-8.25	1	1	1	1
20230404162339	-12.1	0.59	-58.8	-13.1	-8.22	1	1	1	1
20230404162340	-12.12	0.61	-58.56	-13.1	-8.25	1	1	1	1
20230404162341	-12.1	0.57	-59.05	-13.16	-8.28	1	1	1	1
20230404162342	-12.13	0.59	-58.82	-13.16	-8.28	1	1	1	1
20230404162343	-12.12	0.57	-59.07	-13.19	-8.28	1	1	1	1
20230404162344	-12.13	0.59	-58.82	-13.19	-8.31	1	1	1	1
20230404162345	-12.15	0.57	-59.09	-13.19	-8.31	1	1	1	1
20230404162346	-12.13	0.65	-58.09	-13.26	-8.28	1	1	1	1
20230404162347	-12.15	0.57	-59.09	-13.26	-8.35	1	1	1	1
20230404162348	-12.13	0.59	-58.82	-13.29	-8.38	1	1	1	1
20230404162350	-12.13	0.63	-58.33	-13.29	-8.41	1	1	1	1
20230404162351	-12.15	0.56	-59.22	-13.36	-8.41	1	1	1	1
20230404162352	-12.15	0.52	-59.77	-13.36	-8.44	1	1	1	1
20230404162353	-12.15	0.54	-59.49	-13.36	-8.44	1	1	1	1
20230404162354	-12.16	0.57	-59.09	-13.36	-8.44	1	1	1	1
20230404162355	-12.15	0.59	-58.83	-13.36	-8.44	1	1	1	1
20230404162356	-12.15	0.56	-59.22	-13.42	-8.44	1	1	1	1
20230404162357	-12.15	0.54	-59.49	-13.36	-8.44	1	1	1	1
20230404162358	-12.18	0.61	-58.6	-13.39	-8.51	1	1	1	1
20230404162359	-12.16	0.54	-59.5	-13.49	-8.51	1	1	1	1
20230404162401	-12.18	0.59	-58.85	-13.49	-8.51	1	1	1	1
20230404162402	-12.19	0.59	-58.86	-13.49	-8.54	1	1	1	1
20230404162403	-12.18	0.61	-58.6	-13.49	-8.54	1	1	1	1
20230404162404	-12.19	0.54	-59.52	-13.45	-8.54	1	1	1	1
20230404162405	-12.19	0.55	-59.38	-13.58	-8.54	1	1	1	1
20230404162406	-12.18	0.57	-59.11	-13.58	-8.57	1	1	1	1
20230404162407	-12.18	0.61	-58.6	-13.58	-8.61	1	1	1	1
20230404162408	-12.19	0.59	-58.86	-13.61	-8.61	1	1	1	1
20230404162409	-12.19	0.61	-58.61	-13.61	-8.64	1	1	1	1
20230404162410	-12.2	0.59	-58.86	-13.61	-8.64	1	1	1	1
20230404162412	-12.18	0.57	-59.11	-13.65	-8.64	1	1	1	1
20230404162413	-12.2	0.55	-59.39	-13.68	-8.61	1	1	1	1
20230404162414	-12.2	0.65	-58.14	-13.65	-8.67	1	1	1	1
20230404162415	-12.2	0.61	-58.61	-13.61	-8.64	1	1	1	1
20230404162416	-12.2	0.59	-58.86	-13.65	-8.64	1	1	1	1
20230404162417	-12.19	0.61	-58.61	-13.71	-8.7	1	1	1	1
20230404162418	-12.2	0.57	-59.12	-13.75	-8.7	1	1	1	1
20230404162419	-12.2	0.55	-59.39	-13.75	-8.7	1	1	1	1
20230404162420	-12.22	0.57	-59.13	-13.75	-8.7	1	1	1	1
20230404162421	-12.25	0.57	-59.15	-13.75	-8.74	1	1	1	1
20230404162422	-12.25	0.59	-58.9	-13.78	-8.77	1	1	1	1
20230404162424	-12.22	0.54	-59.54	-13.78	-8.77	1	1	1	1
20230404162425	-12.22	0.59	-58.88	-13.81	-8.8	1	1	1	1
20230404162426	-12.23	0.61	-58.64	-13.84	-8.8	1	1	1	1
20230404162427	-12.22	0.59	-58.88	-13.84	-8.8	1	1	1	1
20230404162428	-12.23	0.57	-59.14	-13.84	-8.8	1	1	1	1
20230404162429	-12.22	0.59	-58.88	-13.88	-8.83	1	1	1	1
20230404162430	-12.26	0.55	-59.43	-13.88	-8.83	1	1	1	1
20230404162431	-12.26	0.52	-59.84	-13.88	-8.8	1	1	1	1
20230404162432	-12.25	0.55	-59.42	-13.91	-8.83	1	1	1	1
20230404162433	-12.23	0.65	-58.16	-13.91	-8.83	1	1	1	1
20230404162435	-12.28	0.61	-58.67	-13.91	-8.83	1	1	1	1
20230404162436	-12.26	0.57	-59.16	-13.94	-8.9	1	1	1	1
20230404162437	-12.26	0.55	-59.43	-13.97	-8.9	1	1	1	1
20230404162438	-12.28	0.59	-58.92	-13.97	-8.9	1	1	1	1
20230404162439	-12.26	0.54	-59.56	-13.97	-8.93	1	1	1	1
20230404162440	-12.3	0.55	-59.45	-13.97	-8.93	1	1	1	1
20230404162441	-12.26	0.61	-58.66	-14.01	-8.93	1	1	1	1
20230404162442	-12.28	0.57	-59.17	-14.01	-8.9	1	1	1	1
20230404162443	-12.26	0.59	-58.9	-13.97	-8.9	1	1	1	1
20230404162444	-12.29	0.57	-59.18	-14.01	-8.96	1	1	1	1
20230404162446	-12.29	0.55	-59.45	-14.04	-8.93	1	1	1	1
20230404162447	-12.26	0.5	-60.13	-14.07	-8.96	1	1	1	1
20230404162448	-12.3	0.53	-59.73	-14.07	-8.96	1	1	1	1
20230404162449	-12.3	0.51	-60.01	-14.07	-9.0	1	1	1	1
20230404162450	-12.3	0.59	-58.93	-14.11	-9.0	1	1	1	1
20230404162451	-12.3	0.51	-60.01	-14.07	-9.0	1	1	1	1
20230404162452	-12.32	0.57	-59.2	-14.11	-9.0	1	1	1	1
20230404162453	-12.3	0.57	-59.19	-14.14	-9.03	1	1	1	1
20230404162454	-12.29	0.59	-58.92	-14.07	-8.96	1	1	1	1
20230404162455	-12.3	0.62	-58.56	-14.17	-9.06	1	1	1	1
20230404162457	-12.3	0.57	-59.19	-14.17	-9.06	1	1	1	1
20230404162458	-12.3	0.53	-59.73	-14.17	-9.06	1	1	1	1
20230404162459	-12.32	0.61	-58.7	-14.17	-9.06	1	1	1	1
20230404162500	-12.33	0.5	-60.18	-14.17	-9.06	1	1	1	1
20230404162501	-12.34	0.55	-59.48	-14.17	-9.09	1	1	1	1
20230404162502	-12.33	0.57	-59.21	-14.24	-9.09	1	1	1	1
20230404162503	-12.34	0.6	-58.83	-14.2	-9.09	1	1	1	1
20230404162504	-12.34	0.53	-59.75	-14.27	-9.13	1	1	1	1
20230404162505	-12.36	0.64	-58.36	-14.14	-9.09	1	1	1	1
20230404162506	-12.34	0.53	-59.75	-14.2	-9.13	1	1	1	1
20230404162507	-12.33	0.59	-58.95	-14.3	-9.16	1	1	1	1
20230404162509	-12.33	0.59	-58.95	-14.24	-9.09	1	1	1	1
20230404162510	-12.32	0.62	-58.57	-14.27	-9.09	1	1	1	1
20230404162511	-12.36	0.57	-59.23	-14.34	-9.19	1	1	1	1
20230404162512	-12.36	0.53	-59.77	-14.4	-9.16	1	1	1	1
20230404162513	-12.34	0.62	-58.59	-14.44	-9.22	1	1	1	1
20230404162514	-12.36	0.5	-60.2	-14.44	-9.26	1	1	1	1
20230404162515	-12.37	0.55	-59.5	-14.47	-9.26	1	1	1	1
20230404162516	-12.39	0.57	-59.25	-14.5	-9.26	1	1	1	1
20230404162517	-12.39	0.57	-59.25	-14.47	-9.22	1	1	1	1
20230404162518	-12.36	0.55	-59.49	-14.57	-9.32	1	1	1	1
20230404162520	-12.37	0.51	-60.06	-14.57	-9.36	1	1	1	1
20230404162521	-12.4	0.59	-59.0	-14.57	-9.36	1	1	1	1
20230404162522	-12.37	0.62	-58.61	-14.6	-9.39	1	1	1	1
20230404162523	-12.39	0.6	-58.87	-14.6	-9.39	1	1	1	1
20230404162524	-12.4	0.59	-59.0	-14.7	-9.39	1	1	1	1
20230404162525	-12.42	0.53	-59.81	-14.84	-9.42	1	1	1	1
20230404162526	-12.43	0.57	-59.28	-14.91	-9.52	1	1	1	1
20230404162527	-12.42	0.55	-59.53	-15.01	-9.55	1	1	1	1
20230404162528	-12.43	0.55	-59.54	-15.11	-9.62	1	1	1	1
20230404162529	-12.4	0.6	-58.87	-15.28	-9.68	1	1	1	1
20230404162531	-12.42	0.59	-59.01	-15.45	-9.78	1	1	1	1
20230404162532	-12.44	0.6	-58.9	-15.55	-9.85	1	1	1	1
20230404162533	-12.44	0.6	-58.9	-15.69	-9.92	1	1	1	1
20230404162534	-12.44	0.6	-58.9	-15.76	-9.98	1	1	1	1
20230404162535	-12.46	0.56	-59.43	-15.93	-10.11	1	1	1	1
20230404162536	-12.46	0.58	-59.17	-16.0	-10.21	1	1	1	1
20230404162537	-12.47	0.66	-58.21	-16.14	-10.28	1	1	1	1
20230404162538	-12.49	0.58	-59.19	-16.28	-10.38	1	1	1	1
20230404162539	-12.47	0.56	-59.43	-16.39	-10.41	1	1	1	1
20230404162540	-12.49	0.6	-58.93	-16.42	-10.48	1	1	1	1
20230404162541	-12.5	0.6	-58.94	-16.6	-10.61	1	1	1	1
20230404162543	-12.52	0.64	-58.47	-16.74	-10.75	1	1	1	1
20230404162544	-12.53	0.49	-60.46	-16.81	-10.82	1	1	1	1
20230404162545	-12.53	0.55	-59.61	-16.92	-10.92	1	1	1	1
20230404162546	-12.53	0.53	-59.88	-17.03	-10.95	1	1	1	1
20230404162547	-12.57	0.56	-59.5	-17.17	-10.98	1	1	1	1
20230404162548	-12.54	0.56	-59.48	-17.24	-11.12	1	1	1	1
20230404162549	-12.56	0.56	-59.49	-17.31	-11.19	1	1	1	1
20230404162550	-12.57	0.6	-58.99	-17.35	-11.22	1	1	1	1
20230404162551	-12.56	0.64	-58.5	-17.46	-11.29	1	1	1	1
20230404162552	-12.58	0.56	-59.51	-17.64	-11.42	1	1	1	1
20230404162554	-12.58	0.54	-59.78	-17.75	-11.49	1	1	1	1
20230404162555	-12.58	0.54	-59.78	-17.82	-11.59	1	1	1	1
20230404162556	-12.61	0.58	-59.27	-17.82	-11.59	1	1	1	1
20230404162557	-12.63	0.51	-60.23	-17.97	-11.73	1	1	1	1
20230404162558	-12.63	0.53	-59.95	-18.08	-11.73	1	1	1	1
20230404162559	-12.63	0.56	-59.54	-18.19	-11.83	1	1	1	1
20230404162600	-12.64	0.51	-60.24	-18.23	-11.9	1	1	1	1
20230404162601	-12.64	0.58	-59.29	-18.34	-11.97	1	1	1	1
20230404162602	-12.64	0.54	-59.82	-18.38	-12.0	1	1	1	1
20230404162603	-12.67	0.56	-59.57	-18.49	-12.11	1	1	1	1
20230404162604	-12.67	0.51	-60.26	-18.61	-12.18	1	1	1	1
20230404162606	-12.68	0.52	-60.12	-18.72	-12.18	1	1	1	1
20230404162607	-12.71	0.56	-59.59	-18.72	-12.32	1	1	1	1
20230404162608	-12.71	0.58	-59.33	-18.87	-12.35	1	1	1	1
20230404162609	-12.73	0.6	-59.1	-18.91	-12.42	1	1	1	1
20230404162610	-12.73	0.58	-59.35	-19.03	-12.45	1	1	1	1
20230404162611	-12.74	0.56	-59.62	-19.03	-12.45	1	1	1	1
20230404162612	-12.74	0.52	-60.16	-19.18	-12.63	1	1	1	1
20230404162613	-12.75	0.56	-59.62	-19.22	-12.63	1	1	1	1
20230404162614	-12.75	0.56	-59.62	-19.33	-12.7	1	1	1	1
20230404162615	-12.77	0.5	-60.47	-19.37	-12.77	1	1	1	1
20230404162616	-12.77	0.63	-58.76	-19.49	-12.84	1	1	1	1
20230404162618	-12.8	0.56	-59.66	-19.53	-12.87	1	1	1	1
20230404162619	-12.81	0.5	-60.5	-19.61	-12.91	1	1	1	1
20230404162620	-12.84	0.5	-60.52	-19.68	-12.94	1	1	1	1
20230404162621	-12.78	0.54	-59.91	-19.76	-13.05	1	1	1	1
20230404162622	-12.85	0.56	-59.69	-19.8	-13.08	1	1	1	1
20230404162623	-12.87	0.59	-59.32	-19.88	-13.15	1	1	1	1
20230404162624	-12.85	0.54	-59.96	-19.96	-13.19	1	1	1	1
20230404162625	-12.88	0.57	-59.58	-19.96	-13.19	1	1	1	1
20230404162626	-12.88	0.54	-59.98	-20.08	-13.29	1	1	1	1
20230404162627	-12.88	0.52	-60.26	-20.08	-13.26	1	1	1	1
20230404162628	-12.89	0.54	-59.98	-20.2	-13.4	1	1	1	1
20230404162629	-12.92	0.55	-59.87	-20.28	-13.43	1	1	1	1
20230404162631	-12.91	0.54	-60.0	-20.28	-13.43	1	1	1	1
20230404162632	-12.92	0.54	-60.0	-20.36	-13.5	1	1	1	1
20230404162633	-12.92	0.54	-60.0	-20.48	-13.54	1	1	1	1
20230404162634	-12.94	0.5	-60.58	-20.52	-13.65	1	1	1	1
20230404162635	-12.94	0.52	-60.3	-20.56	-13.68	1	1	1	1
20230404162636	-12.97	0.48	-60.9	-20.6	-13.65	1	1	1	1
20230404162637	-12.98	0.55	-59.91	-20.72	-13.79	1	1	1	1
20230404162638	-12.98	0.55	-59.91	-20.72	-13.79	1	1	1	1
20230404162639	-12.97	0.57	-59.64	-20.76	-13.79	1	1	1	1
20230404162640	-13.01	0.54	-60.07	-20.8	-13.86	1	1	1	1
20230404162641	-13.02	0.54	-60.07	-20.97	-13.97	1	1	1	1
20230404162643	-13.02	0.55	-59.94	-20.97	-14.0	1	1	1	1
20230404162644	-13.04	0.55	-59.95	-21.05	-14.04	1	1	1	1
20230404162645	-13.02	0.48	-60.94	-21.13	-14.07	1	1	1	1
20230404162646	-13.05	0.53	-60.23	-21.17	-14.11	1	1	1	1
20230404162647	-13.09	0.55	-59.98	-21.21	-14.15	1	1	1	1
20230404162648	-13.07	0.55	-59.97	-21.3	-14.22	1	1	1	1
20230404162649	-13.08	0.59	-59.46	-21.34	-14.25	1	1	1	1
20230404162650	-13.11	0.55	-60.0	-21.38	-14.29	1	1	1	1
20230404162651	-13.09	0.51	-60.54	-21.34	-14.32	1	1	1	1
20230404162652	-13.09	0.55	-59.98	-21.5	-14.36	1	1	1	1
20230404162654	-13.11	0.55	-60.0	-21.55	-14.4	1	1	1	1
20230404162655	-13.13	0.5	-60.71	-21.59	-14.43	1	1	1	1
20230404162656	-13.16	0.48	-61.03	-21.63	-14.51	1	1	1	1
20230404162657	-13.13	0.57	-59.75	-21.67	-14.54	1	1	1	1
20230404162658	-13.16	0.55	-60.03	-21.71	-14.54	1	1	1	1
20230404162659	-13.16	0.53	-60.3	-21.76	-14.61	1	1	1	1
20230404162700	-13.16	0.51	-60.59	-21.84	-14.65	1	1	1	1
20230404162701	-13.19	0.57	-59.79	-21.88	-14.69	1	1	1	1
20230404162702	-13.19	0.53	-60.32	-21.92	-14.69	1	1	1	1
20230404162703	-13.23	0.56	-59.94	-21.92	-14.72	1	1	1	1
20230404162705	-13.19	0.58	-59.66	-22.01	-14.8	1	1	1	1
20230404162706	-13.23	0.51	-60.63	-22.05	-14.83	1	1	1	1
20230404162707	-13.23	0.58	-59.68	-22.09	-14.83	1	1	1	1
20230404162708	-13.23	0.53	-60.35	-22.14	-14.9	1	1	1	1
20230404162709	-13.28	0.53	-60.38	-22.09	-14.83	1	1	1	1
20230404162710	-13.28	0.51	-60.67	-22.27	-14.98	1	1	1	1
20230404162711	-13.25	0.55	-60.09	-22.27	-14.98	1	1	1	1
20230404162712	-13.29	0.53	-60.39	-22.31	-15.01	1	1	1	1
20230404162713	-13.28	0.56	-59.98	-22.35	-15.05	1	1	1	1
20230404162714	-13.31	0.56	-60.0	-22.35	-15.01	1	1	1	1
20230404162715	-13.31	0.56	-60.0	-22.44	-15.12	1	1	1	1
20230404162716	-13.34	0.51	-60.71	-22.44	-15.16	1	1	1	1
20230404162717	-13.34	0.53	-60.42	-22.48	-15.16	1	1	1	1
20230404162719	-13.35	0.54	-60.29	-22.57	-15.2	1	1	1	1
20230404162720	-13.34	0.58	-59.76	-22.61	-15.23	1	1	1	1
20230404162721	-13.38	0.58	-59.79	-22.61	-15.31	1	1	1	1
20230404162722	-13.39	0.54	-60.32	-22.66	-15.23	1	1	1	1
20230404162723	-13.39	0.54	-60.32	-22.66	-15.27	1	1	1	1
20230404162724	-13.4	0.54	-60.33	-22.74	-15.31	1	1	1	1
20230404162725	-13.4	0.51	-60.75	-22.79	-15.38	1	1	1	1
20230404162726	-13.38	0.51	-60.73	-22.79	-15.42	1	1	1	1
20230404162727	-13.42	0.45	-61.67	-22.83	-15.45	1	1	1	1
20230404162728	-13.45	0.52	-60.64	-22.92	-15.42	1	1	1	1
20230404162729	-13.45	0.56	-60.09	-22.96	-15.49	1	1	1	1
20230404162730	-13.45	0.54	-60.36	-22.96	-15.45	1	1	1	1
20230404162732	-13.46	0.54	-60.37	-22.96	-15.57	1	1	1	1
20230404162733	-13.48	0.56	-60.11	-23.05	-15.6	1	1	1	1
20230404162734	-13.48	0.51	-60.8	-23.05	-15.6	1	1	1	1
20230404162735	-13.48	0.52	-60.66	-23.1	-15.6	1	1	1	1
20230404162736	-13.49	0.52	-60.66	-23.14	-15.68	1	1	1	1
20230404162737	-13.49	0.54	-60.39	-23.14	-15.71	1	1	1	1
20230404162738	-13.52	0.5	-60.97	-23.14	-15.75	1	1	1	1
20230404162739	-13.53	0.52	-60.69	-23.1	-15.75	1	1	1	1
20230404162740	-13.56	0.5	-61.0	-23.23	-15.75	1	1	1	1
20230404162741	-13.55	0.6	-59.65	-23.23	-15.75	1	1	1	1
20230404162742	-13.55	0.5	-60.99	-23.36	-15.83	1	1	1	1
20230404162743	-13.58	0.56	-60.18	-23.27	-15.79	1	1	1	1
20230404162745	-13.59	0.49	-61.17	-23.36	-15.86	1	1	1	1
20230404162746	-13.59	0.56	-60.19	-23.36	-15.9	1	1	1	1
20230404162747	-13.59	0.52	-60.73	-23.45	-15.9	1	1	1	1
20230404162748	-13.6	0.56	-60.19	-23.5	-15.9	1	1	1	1
20230404162749	-13.62	0.61	-59.57	-23.54	-15.97	1	1	1	1
20230404162750	-13.62	0.5	-61.04	-23.54	-15.97	1	1	1	1
20230404162751	-13.62	0.56	-60.21	-23.54	-16.01	1	1	1	1
20230404162752	-13.63	0.52	-60.76	-23.59	-16.05	1	1	1	1
20230404162753	-13.63	0.54	-60.48	-23.59	-16.01	1	1	1	1
20230404162754	-13.64	0.54	-60.49	-23.63	-16.09	1	1	1	1
20230404162755	-13.67	0.59	-59.86	-23.59	-16.05	1	1	1	1
20230404162757	-13.67	0.5	-61.07	-23.68	-16.12	1	1	1	1
20230404162758	-13.7	0.46	-61.7	-23.72	-16.12	1	1	1	1
20230404162759	-13.7	0.59	-59.88	-23.72	-16.16	1	1	1	1
20230404162800	-13.7	0.54	-60.53	-23.77	-16.2	1	1	1	1
20230404162801	-13.72	0.5	-61.11	-23.82	-16.2	1	1	1	1
20230404162802	-13.73	0.55	-60.41	-23.82	-16.24	1	1	1	1
20230404162803	-13.73	0.54	-60.55	-23.86	-16.24	1	1	1	1
20230404162804	-13.74	0.54	-60.55	-23.91	-16.27	1	1	1	1
20230404162805	-13.74	0.52	-60.83	-23.91	-16.31	1	1	1	1
20230404162806	-13.76	0.54	-60.57	-23.91	-16.35	1	1	1	1
20230404162807	-13.77	0.59	-59.92	-23.95	-16.35	1	1	1	1
20230404162809	-13.76	0.57	-60.17	-24.0	-16.39	1	1	1	1
20230404162810	-13.79	0.48	-61.45	-24.0	-16.39	1	1	1	1
20230404162811	-13.79	0.59	-59.94	-24.04	-16.39	1	1	1	1
20230404162812	-13.77	0.52	-60.85	-23.95	-16.43	1	1	1	1
20230404162813	-13.81	0.51	-61.02	-24.09	-16.43	1	1	1	1
20230404162814	-13.81	0.53	-60.74	-24.09	-16.46	1	1	1	1
20230404162815	-13.81	0.55	-60.47	-24.14	-16.46	1	1	1	1
20230404162816	-13.84	0.53	-60.76	-24.09	-16.5	1	1	1	1
20230404162817	-13.84	0.5	-61.19	-24.14	-16.54	1	1	1	1
20230404162818	-13.84	0.51	-61.04	-24.18	-16.54	1	1	1	1
20230404162819	-13.86	0.5	-61.2	-24.18	-16.54	1	1	1	1
20230404162820	-13.87	0.55	-60.51	-24.23	-16.58	1	1	1	1
20230404162822	-13.87	0.59	-59.99	-24.28	-16.58	1	1	1	1
20230404162823	-13.89	0.57	-60.26	-24.28	-16.58	1	1	1	1
20230404162824	-13.9	0.55	-60.53	-24.28	-16.65	1	1	1	1
20230404162825	-13.9	0.57	-60.26	-24.32	-16.65	1	1	1	1
20230404162826	-13.9	0.57	-60.26	-24.32	-16.65	1	1	1	1
20230404162827	-13.9	0.55	-60.53	-24.37	-16.65	1	1	1	1
20230404162828	-13.93	0.59	-60.03	-24.37	-16.69	1	1	1	1
20230404162829	-13.94	0.49	-61.4	-24.37	-16.69	1	1	1	1
20230404162830	-13.94	0.53	-60.83	-24.46	-16.73	1	1	1	1
20230404162831	-13.95	0.53	-60.83	-24.37	-16.65	1	1	1	1
20230404162832	-13.97	0.55	-60.57	-24.46	-16.77	1	1	1	1
20230404162833	-13.95	0.55	-60.56	-24.51	-16.77	1	1	1	1
20230404162835	-13.98	0.48	-61.58	-24.51	-16.8	1	1	1	1
20230404162836	-14.0	0.53	-60.87	-24.46	-16.84	1	1	1	1
20230404162837	-14.0	0.56	-60.46	-24.46	-16.84	1	1	1	1
20230404162838	-14.0	0.58	-60.2	-24.56	-16.84	1	1	1	1
20230404162839	-14.0	0.55	-60.59	-24.6	-16.84	1	1	1	1
20230404162840	-14.04	0.53	-60.89	-24.6	-16.84	1	1	1	1
20230404162841	-14.04	0.58	-60.23	-24.6	-16.84	1	1	1	1
20230404162842	-14.03	0.49	-61.46	-24.65	-16.84	1	1	1	1
20230404162843	-14.04	0.51	-61.17	-24.7	-16.92	1	1	1	1
20230404162844	-14.05	0.53	-60.9	-24.6	-16.84	1	1	1	1
20230404162845	-14.07	0.53	-60.91	-24.7	-16.92	1	1	1	1
20230404162847	-14.07	0.51	-61.19	-24.75	-17.0	1	1	1	1
20230404162848	-14.05	0.54	-60.76	-24.7	-17.0	1	1	1	1
20230404162849	-14.05	0.56	-60.5	-24.75	-16.96	1	1	1	1
20230404162850	-14.08	0.56	-60.52	-24.79	-17.03	1	1	1	1
20230404162851	-14.11	0.58	-60.28	-24.75	-17.03	1	1	1	1
20230404162852	-14.1	0.49	-61.51	-24.79	-17.03	1	1	1	1
20230404162853	-14.1	0.49	-61.51	-24.84	-17.03	1	1	1	1
20230404162854	-14.13	0.53	-60.95	-24.84	-17.07	1	1	1	1
20230404162855	-14.14	0.58	-60.3	-24.89	-17.07	1	1	1	1
20230404162856	-14.15	0.51	-61.25	-24.75	-17.07	1	1	1	1
20230404162857	-14.14	0.53	-60.96	-24.89	-17.11	1	1	1	1
20230404162858	-14.15	0.52	-61.11	-24.89	-17.11	1	1	1	1
20230404162900	-14.14	0.56	-60.56	-24.89	-17.15	1	1	1	1
20230404162901	-14.14	0.53	-60.96	-24.89	-17.15	1	1	1	1
20230404162902	-14.18	0.54	-60.85	-24.94	-17.19	1	1	0	1
20230404162903	-14.17	0.58	-60.32	-24.98	-17.3	1	1	0	1
20230404162904	-14.08	0.56	-60.52	-24.98	-17.38	1	1	0	1
20230404162905	-14.03	0.55	-60.61	-25.03	-17.42	1	1	0	1
20230404162906	-14.0	0.58	-60.2	-25.03	-17.46	1	1	0	1
20230404162907	-13.91	0.57	-60.27	-25.08	-17.46	1	1	0	0
20230404162908	-13.86	0.51	-61.05	-25.03	-17.77	1	1	0	0
20230404162909	-13.81	0.55	-60.47	-24.94	-18.56	1	1	0	0
20230404162910	-13.76	0.57	-60.17	-24.89	-19.32	1	1	0	0
20230404162912	-13.73	0.54	-60.55	-24.79	-19.97	1	1	0	0
20230404162913	-13.67	0.54	-60.51	-24.84	-20.51	1	1	0	0
20230404162914	-13.59	0.56	-60.19	-24.7	-20.85	1	1	0	0
20230404162915	-13.56	0.58	-59.91	-24.65	-21.11	1	1	0	0
20230404162916	-13.48	0.56	-60.11	-24.51	-21.23	1	1	0	0
20230404162917	-13.46	0.65	-58.99	-24.51	-21.49	1	1	0	0
20230404162918	-13.38	0.67	-58.71	-24.51	-21.58	1	1	0	0
20230404162919	-13.39	0.75	-57.87	-24.37	-21.71	1	1	0	0
20230404162921	-13.34	0.75	-57.84	-24.37	-21.75	1	1	0	0
20230404162922	-13.28	0.77	-57.6	-24.32	-21.8	1	1	0	0
20230404162923	-13.22	0.88	-56.55	-24.28	-21.84	1	1	0	0
20230404162924	-13.12	1.11	-54.69	-24.23	-21.88	1	1	0	0
20230404162925	-13.11	1.19	-54.14	-24.18	-21.88	1	1	0	0
20230404162926	-13.07	1.41	-52.78	-24.09	-21.84	1	1	0	0
20230404162927	-13.02	1.59	-51.79	-24.14	-21.84	1	1	0	0
20230404162928	-12.98	1.88	-50.42	-24.09	-21.84	1	1	0	0
20230404162929	-12.97	2.1	-49.52	-24.04	-21.84	1	1	0	0
20230404162931	-12.91	2.46	-48.18	-24.04	-21.8	1	1	0	0
20230404162932	-12.88	2.7	-47.39	-23.95	-21.8	1	1	0	0
20230404162933	-12.84	3.08	-46.26	-23.91	-21.8	1	1	0	0
20230404162934	-12.77	3.94	-44.13	-23.91	-21.75	1	1	0	0
20230404162935	-12.71	4.43	-43.08	-23.91	-21.75	1	1	0	0
20230404162936	-12.68	4.87	-42.24	-23.82	-21.75	1	1	0	0
20230404162937	-12.63	5.34	-41.4	-23.72	-21.71	1	1	0	0
20230404162938	-12.61	5.81	-40.64	-23.72	-21.67	1	1	0	0
20230404162939	-12.57	6.38	-39.78	-23.72	-21.62	1	1	0	0
20230404162941	-12.52	6.87	-39.09	-23.68	-21.62	1	1	0	0
20230404162942	-12.49	7.42	-38.37	-23.68	-21.58	1	1	0	0
20230404162943	-12.42	8.62	-36.97	-23.63	-21.58	1	1	0	0
20230404162944	-12.37	9.2	-36.33	-23.59	-21.54	1	1	0	0
20230404162945	-12.33	9.78	-35.74	-23.54	-21.49	1	1	0	0
20230404162946	-12.3	10.39	-35.16	-23.54	-21.49	1	1	0	0
20230404162947	-12.25	11.02	-34.57	-23.54	-21.23	1	1	1	0
20230404162948	-12.16	11.54	-34.07	-23.5	-20.81	1	1	1	0
20230404162949	-12.12	12.07	-33.62	-23.45	-20.6	1	1	1	0
20230404162951	-12.15	12.68	-33.18	-23.41	-20.51	1	1	1	0
20230404162952	-12.19	13.17	-32.86	-23.36	-20.43	1	1	1	0
20230404162953	-12.3	14.18	-32.26	-23.36	-20.35	1	1	1	0
20230404162954	-12.37	14.56	-32.07	-23.36	-20.26	1	1	1	0
20230404162955	-12.46	14.8	-31.99	-23.32	-20.26	1	1	1	0
20230404162956	-12.52	15.01	-31.91	-23.18	-20.22	1	1	1	0
20230404162957	-12.61	15.1	-31.93	-23.27	-20.18	1	1	1	0
20230404162958	-12.68	15.07	-32.01	-23.1	-20.14	1	1	1	0
20230404162959	-12.75	15.04	-32.09	-23.14	-20.14	1	1	1	0
20230404163001	-12.84	14.98	-32.2	-23.14	-20.18	1	1	1	0
20230404163002	-12.89	14.91	-32.29	-23.1	-20.14	1	1	1	0
20230404163003	-13.04	14.58	-32.63	-23.05	-20.1	1	1	1	0
20230404163004	-13.11	14.43	-32.79	-23.05	-20.14	1	1	1	0
20230404163005	-13.19	14.28	-32.95	-23.01	-20.14	1	1	1	0
20230404163006	-13.23	14.12	-33.09	-22.96	-20.1	1	1	1	0
20230404163007	-13.34	13.87	-33.35	-22.96	-20.06	1	1	1	0
20230404163008	-13.4	13.69	-33.53	-22.87	-19.97	1	1	1	0
20230404163009	-13.43	13.53	-33.66	-22.92	-20.02	1	1	1	0
20230404163011	-13.5	13.3	-33.88	-22.87	-20.02	1	1	1	0
20230404163012	-13.6	12.96	-34.21	-22.79	-20.02	1	1	1	0
20230404163013	-13.66	12.73	-34.42	-22.79	-20.02	1	1	1	0
20230404163014	-13.7	12.52	-34.61	-22.79	-19.97	1	1	1	0
20230404163015	-13.76	12.32	-34.81	-22.74	-19.97	1	1	1	0
20230404163016	-13.81	12.14	-34.99	-22.74	-19.93	1	1	1	0
20230404163017	-13.86	11.97	-35.16	-22.74	-19.93	1	1	1	0
20230404163018	-13.9	11.73	-35.38	-22.7	-19.93	1	1	1	0
20230404163019	-13.94	11.6	-35.52	-22.53	-19.89	1	1	1	0
20230404163021	-14.0	11.44	-35.7	-22.61	-19.89	1	1	1	0
20230404163022	-14.07	11.08	-36.05	-22.61	-19.85	1	1	1	0
20230404163023	-14.11	10.95	-36.19	-22.61	-19.85	1	1	1	0
20230404163024	-14.15	10.67	-36.46	-22.53	-19.85	1	1	1	0
20230404163025	-14.2	10.55	-36.6	-22.53	-19.81	1	1	1	0
20230404163026	-14.24	10.36	-36.8	-22.48	-19.85	1	1	1	0
20230404163027	-14.24	10.24	-36.91	-22.44	-19.81	1	1	1	0
20230404163028	-14.29	10.06	-37.11	-22.44	-19.81	1	1	1	0
20230404163029	-14.32	9.83	-37.34	-22.44	-19.77	1	1	1	0
20230404163031	-14.38	9.55	-37.65	-22.44	-19.73	1	1	1	0
20230404163032	-14.38	9.42	-37.78	-22.44	-19.73	1	1	1	0
20230404163033	-14.45	9.26	-37.99	-22.4	-19.69	1	1	1	0
20230404163034	-14.46	9.17	-38.09	-22.35	-19.73	1	1	1	0
20230404163035	-14.48	9.01	-38.26	-22.31	-19.73	1	1	1	0
20230404163036	-14.5	8.84	-38.45	-22.27	-19.69	1	1	1	0
20230404163037	-14.53	8.71	-38.6	-22.27	-19.64	1	1	1	0
20230404163038	-14.55	8.55	-38.79	-22.27	-19.64	1	1	1	0
20230404163039	-14.59	8.42	-38.96	-22.18	-19.64	1	1	1	0
20230404163041	-14.62	8.28	-39.13	-22.14	-19.64	1	1	1	0
20230404163042	-14.68	8.11	-39.36	-22.18	-19.64	1	1	1	0
20230404163043	-14.69	7.91	-39.59	-22.18	-19.6	1	1	1	0
20230404163044	-14.72	7.82	-39.72	-22.14	-19.6	1	1	1	0
20230404163045	-14.75	7.65	-39.94	-22.14	-19.6	1	1	1	0
20230404163046	-14.78	7.62	-40.0	-22.14	-19.56	1	1	1	0
20230404163047	-14.76	7.46	-40.17	-22.05	-19.56	1	1	1	0
20230404163048	-14.8	7.38	-40.3	-22.05	-19.52	1	1	1	0
20230404163049	-14.8	7.27	-40.43	-21.97	-19.44	1	1	1	0
20230404163051	-14.86	7.03	-40.77	-22.01	-19.52	1	1	1	0
20230404163052	-14.88	6.94	-40.9	-21.97	-19.48	1	1	1	0
20230404163053	-14.89	6.85	-41.02	-21.97	-19.48	1	1	1	0
20230404163054	-14.9	6.74	-41.17	-21.92	-19.48	1	1	1	0
20230404163055	-14.92	6.65	-41.31	-21.92	-19.48	1	1	1	0
20230404163056	-14.95	6.6	-41.4	-21.92	-19.48	1	1	1	0
20230404163057	-14.95	6.45	-41.6	-21.88	-19.44	1	1	1	0
20230404163058	-14.97	6.4	-41.68	-21.88	-19.44	1	1	1	0
20230404163059	-14.96	6.29	-41.83	-21.88	-19.44	1	1	1	0
20230404163101	-14.99	6.16	-42.03	-21.8	-19.44	1	1	1	0
20230404163102	-15.03	6.05	-42.22	-21.88	-19.4	1	1	1	0
20230404163103	-15.03	5.93	-42.39	-21.8	-19.4	1	1	1	0
20230404163104	-15.03	5.89	-42.45	-21.8	-19.4	1	1	1	0
20230404163105	-15.06	5.8	-42.61	-21.71	-19.36	1	1	1	0
20230404163106	-15.09	5.67	-42.83	-21.76	-19.36	1	1	1	0
20230404163107	-15.07	5.69	-42.78	-21.71	-19.36	1	1	1	0
20230404163108	-15.11	5.49	-43.12	-21.71	-19.32	1	1	1	0
20230404163109	-15.11	5.49	-43.12	-21.63	-19.28	1	1	1	0
20230404163111	-15.14	5.32	-43.42	-21.71	-19.32	1	1	1	0
20230404163112	-15.14	5.27	-43.5	-21.71	-19.32	1	1	1	0
20230404163113	-15.16	5.21	-43.61	-21.63	-19.28	1	1	1	0
20230404163114	-15.17	5.09	-43.82	-21.63	-19.28	1	1	1	0
20230404163115	-15.2	5.03	-43.94	-21.63	-19.32	1	1	1	0
20230404163116	-15.2	4.98	-44.03	-21.63	-19.28	1	1	1	0
20230404163117	-15.2	4.99	-44.01	-21.59	-19.24	1	1	1	0
20230404163118	-15.19	4.87	-44.21	-21.59	-19.28	1	1	1	0
20230404163119	-15.24	4.72	-44.52	-21.46	-19.24	1	1	1	0
20230404163121	-15.26	4.63	-44.7	-21.55	-19.24	1	1	1	0
20230404163122	-15.26	4.63	-44.7	-21.55	-19.2	1	1	1	0
20230404163123	-15.26	4.61	-44.73	-21.55	-19.2	1	1	1	0
20230404163124	-15.28	4.47	-45.01	-21.55	-19.2	1	1	1	0
20230404163125	-15.28	4.49	-44.97	-21.5	-19.24	1	1	1	0
20230404163126	-15.28	4.4	-45.14	-21.5	-19.2	1	1	1	0
20230404163127	-15.3	4.38	-45.2	-21.5	-19.16	1	1	1	0
20230404163128	-15.33	4.27	-45.43	-21.46	-19.16	1	1	1	0
20230404163129	-15.33	4.19	-45.59	-21.38	-19.12	1	1	1	0
20230404163130	-15.31	4.17	-45.62	-21.42	-19.16	1	1	1	0
20230404163132	-15.35	4.08	-45.83	-21.38	-19.16	1	1	1	0
20230404163133	-15.35	4.07	-45.85	-21.42	-19.16	1	1	1	0
20230404163134	-15.38	3.96	-46.11	-21.42	-19.16	1	1	1	0
20230404163135	-15.35	3.97	-46.06	-21.38	-19.16	1	1	1	0
20230404163136	-15.37	3.94	-46.14	-21.38	-19.12	1	1	1	0
20230404163137	-15.4	3.85	-46.36	-21.38	-19.12	1	1	1	0
20230404163138	-15.38	3.81	-46.43	-21.38	-19.12	1	1	1	0
20230404163139	-15.41	3.76	-46.56	-21.25	-19.04	1	1	1	0
20230404163140	-15.4	3.79	-46.49	-21.38	-19.12	1	1	1	0
20230404163142	-15.43	3.63	-46.87	-21.34	-19.08	1	1	1	0
20230404163143	-15.43	3.61	-46.92	-21.34	-19.08	1	1	1	0
20230404163144	-15.44	3.61	-46.93	-21.3	-19.08	1	1	1	0
20230404163145	-15.43	3.52	-47.13	-21.3	-19.08	1	1	1	0
20230404163146	-15.45	3.47	-47.26	-21.17	-18.96	1	1	1	0
20230404163147	-15.48	3.43	-47.38	-21.3	-19.08	1	1	1	0
20230404163148	-15.48	3.36	-47.55	-21.13	-19.04	1	1	1	0
20230404163149	-15.47	3.36	-47.54	-21.13	-18.96	1	1	1	0
20230404163150	-15.5	3.34	-47.62	-21.13	-18.96	1	1	1	0
20230404163152	-15.48	3.23	-47.88	-21.13	-19.0	1	1	1	0
20230404163153	-15.5	3.23	-47.89	-21.17	-19.0	1	1	1	0
20230404163154	-15.51	3.28	-47.77	-21.13	-18.96	1	1	1	0
20230404163155	-15.5	3.16	-48.07	-21.17	-19.0	1	1	1	0
20230404163156	-15.51	3.14	-48.13	-21.17	-19.0	1	1	1	0
20230404163157	-15.52	3.12	-48.19	-21.17	-19.0	1	1	1	0
20230404163158	-15.52	3.12	-48.19	-21.17	-19.0	1	1	1	0
20230404163159	-15.55	2.99	-48.57	-21.05	-18.96	1	1	1	0
20230404163200	-15.56	2.96	-48.66	-21.13	-19.0	1	1	1	0
20230404163202	-15.55	2.92	-48.76	-21.17	-19.0	1	1	1	0
