EventTime	aTemp	RH	DP	cTemp	mTemp	sLid	sVacuu	sPressure	IsOkay
20230405114650	22.18	0.92	-37.52	27.73	26.31	1	1	1	1
20230405114651	22.17	0.94	-37.31	27.63	26.25	1	1	1	1
20230405114652	22.17	1.02	-36.5	27.54	26.14	1	1	1	1
20230405114653	22.18	1.02	-36.5	27.44	26.08	1	1	1	1
20230405114654	22.17	1.0	-36.7	27.35	25.94	1	1	1	1
20230405114656	22.14	1.02	-36.52	27.29	25.91	1	1	1	1
20230405114657	22.13	0.98	-36.92	27.19	25.84	1	1	1	1
20230405114658	22.11	1.0	-36.74	27.1	25.81	1	1	1	1
20230405114659	22.1	1.05	-36.26	26.98	25.67	1	1	1	1
20230405114700	22.07	0.99	-36.86	26.91	25.61	1	1	1	1
20230405114701	22.08	0.92	-37.58	26.85	25.57	1	1	1	1
20230405114702	22.05	1.03	-36.48	26.76	25.47	1	1	1	1
20230405114703	22.04	0.94	-37.39	26.7	25.44	1	1	1	1
20230405114704	22.03	1.01	-36.69	26.6	25.37	1	1	1	1
20230405114705	22.01	0.99	-36.9	26.48	25.31	1	1	1	1
20230405114707	22.0	0.98	-37.0	26.45	25.24	1	1	1	1
20230405114708	21.97	0.95	-37.33	26.36	25.17	1	1	1	1
20230405114709	21.98	0.99	-36.91	26.29	25.14	1	1	1	1
20230405114710	21.97	1.03	-36.53	26.2	25.07	1	1	1	1
20230405114711	21.94	0.94	-37.45	26.11	24.97	1	1	1	1
20230405114712	21.93	1.05	-36.36	26.05	24.94	1	1	1	1
20230405114713	21.9	0.95	-37.37	25.96	24.91	1	1	1	1
20230405114714	21.88	0.93	-37.59	25.9	24.84	1	1	1	1
20230405114715	21.87	1.01	-36.78	25.81	24.74	1	1	1	1
20230405114716	21.87	0.97	-37.18	25.75	24.74	1	1	1	1
20230405114718	21.86	0.97	-37.19	25.65	24.68	1	1	1	1
20230405114719	21.83	0.95	-37.41	25.59	24.61	1	1	1	1
20230405114720	21.84	0.99	-37.0	25.47	24.51	1	1	1	1
20230405114721	21.81	0.89	-38.07	25.44	24.44	1	1	1	1
20230405114722	21.8	0.97	-37.23	25.38	24.41	1	1	1	1
20230405114723	21.77	1.0	-36.94	25.32	24.38	1	1	1	1
20230405114724	21.74	0.99	-37.06	25.23	24.28	1	1	1	1
20230405114725	21.73	0.93	-37.68	25.17	24.25	1	1	1	1
20230405114726	21.73	1.0	-36.97	25.11	24.21	1	1	1	1
20230405114727	21.7	0.97	-37.29	25.02	24.15	1	1	1	1
20230405114728	21.69	1.0	-36.99	24.96	24.12	1	1	1	1
20230405114730	21.69	1.02	-36.79	24.81	24.05	1	1	1	1
20230405114731	21.67	1.0	-37.0	24.63	23.99	1	1	1	1
20230405114732	21.64	1.0	-37.02	24.37	23.89	1	1	1	1
20230405114733	21.63	0.94	-37.64	24.07	23.72	1	1	1	1
20230405114734	21.62	0.96	-37.44	23.84	23.59	1	1	1	1
20230405114735	21.59	0.98	-37.25	23.57	23.4	1	1	1	1
20230405114736	21.62	1.02	-36.84	23.28	23.2	1	1	1	1
20230405114737	21.57	0.98	-37.26	23.05	23.04	1	1	1	1
20230405114738	21.56	1.0	-37.07	22.73	22.85	1	1	1	1
20230405114739	21.53	0.94	-37.7	22.5	22.69	1	1	1	1
20230405114741	21.49	0.98	-37.31	22.25	22.5	1	1	1	1
20230405114742	21.52	0.94	-37.7	21.96	22.27	1	1	1	1
20230405114743	21.49	0.96	-37.52	21.71	22.11	1	1	1	1
20230405114744	21.45	0.98	-37.34	21.42	21.89	1	1	1	1
20230405114745	21.42	0.94	-37.77	21.2	21.73	1	1	1	1
20230405114746	21.42	0.96	-37.56	20.92	21.51	1	1	1	1
20230405114747	21.39	0.99	-37.27	20.67	21.32	1	1	1	1
20230405114748	21.37	0.96	-37.59	20.45	21.13	1	1	1	1
20230405114749	21.35	0.94	-37.81	20.2	20.94	1	1	1	1
20230405114750	21.32	0.97	-37.52	19.95	20.78	1	1	1	1
20230405114752	21.3	0.92	-38.05	19.7	20.56	1	1	1	1
20230405114753	21.29	0.88	-38.49	19.48	20.41	1	1	1	1
20230405114754	21.23	0.93	-37.98	19.24	20.22	1	1	1	1
20230405114755	21.22	0.95	-37.78	19.02	20.03	1	1	1	1
20230405114756	21.18	0.97	-37.6	18.75	19.88	1	1	1	1
20230405114757	21.15	0.89	-38.46	18.56	19.69	1	1	1	1
20230405114758	21.11	1.0	-37.34	18.34	19.5	1	1	1	1
20230405114759	21.11	0.97	-37.64	18.1	19.32	1	1	1	1
20230405114800	21.08	0.95	-37.87	17.89	19.13	1	1	1	1
20230405114801	21.05	0.95	-37.88	17.65	18.95	1	1	1	1
20230405114803	21.02	0.97	-37.7	17.46	18.79	1	1	1	1
20230405114804	21.01	0.98	-37.6	17.22	18.64	1	1	1	1
20230405114805	20.98	0.89	-38.57	17.03	18.49	1	1	1	1
20230405114806	20.95	0.92	-38.26	16.85	18.36	1	1	1	1
20230405114807	20.93	0.96	-37.85	16.64	18.18	1	1	1	1
20230405114808	20.86	0.89	-38.64	16.43	18.06	1	1	1	1
20230405114809	20.88	0.92	-38.3	16.24	17.88	1	1	1	1
20230405114810	20.82	0.92	-38.34	16.03	17.72	1	1	1	1
20230405114811	20.79	0.98	-37.74	15.82	17.57	1	1	1	1
20230405114812	20.76	0.92	-38.37	15.64	17.42	1	1	1	1
20230405114814	20.76	0.9	-38.59	15.46	17.3	1	1	1	1
20230405114815	20.75	0.92	-38.38	15.25	17.15	1	1	1	1
20230405114816	20.67	0.92	-38.43	15.1	16.97	1	1	1	1
20230405114817	20.67	0.97	-37.91	14.89	16.84	1	1	1	1
20230405114818	20.6	0.95	-38.16	14.71	16.69	1	1	1	1
20230405114819	20.58	0.93	-38.38	14.5	16.57	1	1	1	1
20230405114820	20.54	0.91	-38.61	14.35	16.42	1	1	1	1
20230405114821	20.52	0.93	-38.41	14.17	16.3	1	1	1	1
20230405114822	20.51	0.87	-39.07	13.99	16.15	1	1	1	1
20230405114823	20.47	0.89	-38.87	13.83	16.03	1	1	1	1
20230405114825	20.44	0.95	-38.25	13.6	15.82	1	1	1	1
20230405114826	20.42	0.91	-38.69	13.47	15.7	1	1	1	1
20230405114827	20.37	0.91	-38.72	13.32	15.58	1	1	1	1
20230405114828	20.35	0.96	-38.2	13.12	15.43	1	1	1	1
20230405114829	20.3	0.92	-38.65	12.99	15.31	1	1	1	1
20230405114830	20.28	0.89	-38.99	12.81	15.2	1	1	1	1
20230405114831	20.24	0.85	-39.46	12.66	15.08	1	1	1	1
20230405114832	20.23	0.94	-38.48	12.48	14.96	1	1	1	1
20230405114833	20.2	0.87	-39.25	12.33	14.84	1	1	1	1
20230405114834	20.16	0.92	-38.74	12.17	14.72	1	1	1	1
20230405114835	20.14	0.88	-39.18	12.02	14.75	1	1	1	1
20230405114837	20.09	0.96	-38.36	11.92	15.2	1	1	1	1
20230405114838	20.07	0.9	-39.0	11.82	15.73	1	1	1	1
20230405114839	20.03	0.9	-39.03	11.77	16.12	1	1	1	1
20230405114840	20.03	0.92	-38.81	11.74	16.48	1	1	1	1
20230405114841	20.01	0.9	-39.04	11.72	16.72	1	1	1	1
20230405114842	19.99	0.9	-39.05	11.72	16.9	1	1	1	1
20230405114843	19.99	0.9	-39.05	11.72	17.09	1	1	1	1
20230405114844	19.97	0.89	-39.17	11.69	17.12	1	1	1	1
20230405114845	19.97	0.93	-38.74	11.69	17.24	1	1	1	1
20230405114846	19.96	0.88	-39.29	11.69	17.3	1	1	1	1
20230405114848	19.94	0.89	-39.19	11.67	17.33	1	1	1	1
20230405114849	19.94	0.89	-39.19	11.67	17.39	1	1	1	1
20230405114850	19.94	0.88	-39.3	11.67	17.45	1	1	1	1
20230405114851	19.89	0.84	-39.78	11.67	17.45	1	1	1	1
20230405114852	19.91	0.91	-38.99	11.67	17.48	1	1	1	1
20230405114853	19.89	0.87	-39.44	11.64	17.48	1	1	1	1
20230405114854	19.9	0.89	-39.21	11.67	17.51	1	1	1	1
20230405114855	19.87	0.87	-39.45	11.67	17.51	1	1	1	1
20230405114856	19.87	0.95	-38.6	11.67	17.51	1	1	1	1
20230405114857	19.86	0.86	-39.57	11.67	17.54	1	1	1	1
20230405114858	19.84	0.93	-38.82	11.64	17.54	1	1	1	1
20230405114900	19.83	0.91	-39.04	11.67	17.54	1	1	1	1
20230405114901	19.84	0.93	-38.82	11.64	17.54	1	1	1	1
20230405114902	19.83	0.89	-39.26	11.62	17.54	1	1	1	1
20230405114903	19.8	0.87	-39.49	11.64	17.54	1	1	1	1
20230405114904	19.77	0.93	-38.86	11.64	17.54	1	1	1	1
20230405114905	19.79	0.85	-39.73	11.62	17.54	1	1	1	1
20230405114906	19.74	0.94	-38.78	11.64	17.54	1	1	1	1
20230405114907	19.76	0.94	-38.77	11.64	17.54	1	1	1	1
20230405114908	19.73	0.94	-38.78	11.64	17.54	1	1	1	1
20230405114909	19.76	0.87	-39.52	11.64	17.54	1	1	1	1
20230405114911	19.73	0.89	-39.32	11.64	17.57	1	1	1	1
20230405114912	19.73	0.93	-38.89	11.67	17.54	1	1	1	1
20230405114913	19.7	0.89	-39.33	11.64	17.54	1	1	1	1
20230405114914	19.7	0.85	-39.78	11.67	17.54	1	1	1	1
20230405114915	19.69	0.89	-39.34	11.64	17.54	1	1	1	1
20230405114916	19.67	0.81	-40.26	11.67	17.54	1	1	1	1
20230405114917	19.67	0.92	-39.03	11.67	17.54	1	1	1	1
20230405114918	19.63	0.94	-38.85	11.64	17.54	1	1	1	1
20230405114919	19.63	0.87	-39.6	11.64	17.54	1	1	1	1
20230405114920	19.65	0.85	-39.81	11.62	17.51	1	1	1	1
20230405114921	19.65	0.89	-39.36	11.64	17.51	1	1	1	1
20230405114923	19.65	0.94	-38.83	11.67	17.51	1	1	1	1
20230405114924	19.62	0.85	-39.83	11.64	17.48	1	1	1	1
20230405114925	19.6	0.87	-39.61	11.67	17.51	1	1	1	1
20230405114926	19.57	0.88	-39.52	11.64	17.51	1	1	1	1
20230405114927	19.6	0.89	-39.39	11.62	17.48	1	1	1	1
20230405114928	19.56	0.9	-39.31	11.62	17.48	1	1	1	1
20230405114929	19.57	0.9	-39.3	11.64	17.51	1	1	1	1
20230405114930	19.55	0.87	-39.64	11.62	17.48	1	1	1	1
20230405114931	19.56	0.87	-39.64	11.62	17.48	1	1	1	1
20230405114932	19.55	0.88	-39.53	11.64	17.45	1	1	1	1
20230405114934	19.53	0.84	-39.99	11.62	17.45	1	1	1	1
20230405114935	19.5	0.9	-39.35	11.64	17.48	1	1	1	1
20230405114936	19.52	0.92	-39.12	11.62	17.48	1	1	1	1
20230405114937	19.49	0.84	-40.02	11.59	17.45	1	1	1	1
20230405114938	19.5	0.9	-39.35	11.62	17.45	1	1	1	1
20230405114939	19.49	0.86	-39.79	11.62	17.48	1	1	1	1
20230405114940	19.49	0.86	-39.79	11.62	17.45	1	1	1	1
20230405114941	19.46	0.88	-39.59	11.62	17.42	1	1	1	1
20230405114942	19.46	0.88	-39.59	11.62	17.45	1	1	1	1
20230405114943	19.44	0.9	-39.38	11.62	17.45	1	1	1	1
20230405114945	19.45	0.88	-39.59	11.57	17.45	1	1	1	1
20230405114946	19.42	0.86	-39.83	11.62	17.42	1	1	1	1
20230405114947	19.42	0.84	-40.06	11.59	17.42	1	1	1	1
20230405114948	19.41	0.9	-39.4	11.59	17.45	1	1	1	1
20230405114949	19.38	0.92	-39.21	11.59	17.42	1	1	1	1
20230405114950	19.38	0.84	-40.08	11.59	17.42	1	1	1	1
20230405114951	19.36	0.88	-39.65	11.59	17.42	1	1	1	1
20230405114952	19.38	0.88	-39.64	11.57	17.39	1	1	1	1
20230405114953	19.35	0.91	-39.33	11.59	17.42	1	1	1	1
20230405114954	19.36	0.89	-39.54	11.59	17.39	1	1	1	1
20230405114955	19.35	0.89	-39.54	11.59	17.39	1	1	1	1
20230405114957	19.31	0.87	-39.79	11.54	17.36	1	1	1	1
20230405114958	19.32	0.82	-40.35	11.57	17.39	1	1	1	1
20230405114959	19.32	0.88	-39.67	11.54	17.36	1	1	1	1
20230405115000	19.31	0.82	-40.36	11.57	17.36	1	1	1	1
20230405115001	19.31	0.84	-40.13	11.54	17.36	1	1	1	1
20230405115002	19.29	0.84	-40.14	11.54	17.33	1	1	1	1
20230405115003	19.31	0.89	-39.57	11.54	17.36	1	1	1	1
20230405115004	19.28	0.82	-40.38	11.54	17.33	1	1	1	1
20230405115005	19.26	0.87	-39.82	11.52	17.33	1	1	1	1
20230405115006	19.26	0.93	-39.17	11.54	17.33	1	1	1	1
20230405115008	19.25	0.85	-40.05	11.52	17.36	1	1	1	1
20230405115009	19.22	0.87	-39.84	11.57	17.33	1	1	1	1
20230405115010	19.22	0.85	-40.07	11.54	17.33	1	1	1	1
20230405115011	19.22	0.93	-39.2	11.54	17.33	1	1	1	1
20230405115012	19.21	0.91	-39.41	11.54	17.33	1	1	1	1
20230405115013	19.21	0.82	-40.42	11.54	17.33	1	1	1	1
20230405115014	19.18	0.87	-39.87	11.54	17.33	1	1	1	1
20230405115015	19.19	0.85	-40.08	11.57	17.33	1	1	1	1
20230405115016	19.18	0.85	-40.09	11.54	17.33	1	1	1	1
20230405115017	19.16	0.85	-40.1	11.57	17.33	1	1	1	1
20230405115019	19.16	0.85	-40.1	11.54	17.33	1	1	1	1
20230405115020	19.16	0.93	-39.23	11.52	17.3	1	1	1	1
20230405115021	19.12	0.85	-40.13	11.54	17.3	1	1	1	1
20230405115022	19.15	0.89	-39.67	11.54	17.33	1	1	1	1
20230405115023	19.12	0.81	-40.59	11.54	17.33	1	1	1	1
20230405115024	19.12	0.92	-39.36	11.52	17.33	1	1	1	1
20230405115025	19.09	0.89	-39.7	11.54	17.33	1	1	1	1
20230405115026	19.11	0.85	-40.13	11.54	17.33	1	1	1	1
20230405115027	19.12	0.89	-39.68	11.49	17.33	1	1	1	1
20230405115028	19.11	0.83	-40.36	11.52	17.3	1	1	1	1
20230405115029	19.08	0.85	-40.15	11.57	17.3	1	1	1	1
20230405115031	19.06	0.89	-39.72	11.8	17.33	1	1	1	1
20230405115032	19.05	0.89	-39.73	12.15	17.42	1	1	1	1
20230405115033	19.05	0.89	-39.73	12.5	17.57	1	1	1	1
20230405115034	19.05	0.89	-39.73	12.91	17.72	1	1	1	1
20230405115035	19.05	0.9	-39.62	13.32	17.94	1	1	1	1
20230405115036	19.05	0.87	-39.94	13.73	18.18	1	1	1	1
20230405115037	19.04	0.87	-39.95	14.17	18.43	1	1	1	1
20230405115038	19.05	0.83	-40.4	14.6	18.73	1	1	1	1
20230405115039	19.04	0.87	-39.95	14.99	18.98	1	1	1	1
20230405115040	19.04	0.85	-40.17	15.38	19.26	1	1	1	1
20230405115042	19.04	0.9	-39.62	15.8	19.53	1	1	1	1
20230405115043	19.05	0.92	-39.4	16.22	19.81	1	1	1	1
20230405115044	19.04	0.89	-39.73	16.59	20.09	1	1	1	1
20230405115045	19.05	0.81	-40.63	16.98	20.37	1	1	1	1
20230405115046	19.06	0.92	-39.4	17.41	20.66	1	1	1	1
20230405115047	19.04	0.87	-39.95	17.75	20.94	1	1	1	1
20230405115048	19.06	0.87	-39.94	18.18	21.25	1	1	1	1
20230405115049	19.06	0.85	-40.16	18.56	21.51	1	1	1	1
20230405115050	19.09	0.83	-40.37	18.91	21.79	1	1	1	1
20230405115051	19.11	0.91	-39.47	19.24	22.11	1	1	1	1
20230405115052	19.12	0.83	-40.36	19.65	22.37	1	1	1	1
20230405115054	19.15	0.89	-39.67	20.03	22.62	1	1	1	1
20230405115055	19.15	0.85	-40.11	20.36	22.91	1	1	1	1
20230405115056	19.16	0.85	-40.1	20.72	23.2	1	1	1	1
20230405115057	19.16	0.87	-39.88	21.09	23.46	1	1	1	1
20230405115058	19.21	0.82	-40.42	21.42	23.69	1	1	1	1
20230405115059	19.18	0.93	-39.22	21.76	23.99	1	1	1	1
20230405115100	19.22	0.85	-40.07	22.1	24.21	1	1	1	1
20230405115101	19.23	0.85	-40.06	22.42	24.48	1	1	1	1
20230405115102	19.26	0.89	-39.6	22.73	24.71	1	1	1	1
20230405115103	19.28	0.84	-40.14	23.11	24.97	1	1	1	1
20230405115105	19.31	0.89	-39.57	23.37	25.24	1	1	1	1
20230405115106	19.32	0.91	-39.35	23.72	25.47	1	1	1	1
20230405115107	19.35	0.89	-39.54	24.04	25.71	1	1	1	1
20230405115108	19.36	0.82	-40.33	24.31	25.94	1	1	1	1
20230405115109	19.39	0.92	-39.2	24.63	26.14	1	1	1	1
20230405115110	19.39	0.88	-39.63	24.96	26.38	1	1	1	1
20230405115111	19.42	0.88	-39.61	25.26	26.62	1	1	1	1
20230405115112	19.45	0.82	-40.27	25.56	26.86	1	1	1	1
20230405115113	19.48	0.9	-39.36	25.84	27.1	1	1	1	1
20230405115114	19.5	0.9	-39.35	26.14	27.3	1	1	1	1
20230405115115	19.52	0.83	-40.12	26.42	27.54	1	1	1	1
20230405115117	19.55	0.88	-39.53	26.7	27.68	1	1	1	1
20230405115118	19.57	0.92	-39.09	26.98	27.85	1	1	1	1
20230405115119	19.59	0.87	-39.62	27.26	28.13	1	1	1	1
20230405115120	19.59	0.92	-39.08	27.51	28.38	1	1	1	1
20230405115121	19.63	0.92	-39.05	27.79	28.55	1	1	1	1
20230405115122	19.66	0.89	-39.36	28.08	28.73	1	1	1	1
20230405115123	19.67	0.92	-39.03	28.33	28.97	1	1	1	1
20230405115124	19.7	0.87	-39.55	28.62	29.15	1	1	1	1
20230405115125	19.77	0.89	-39.29	28.85	29.4	1	1	1	1
20230405115126	19.79	0.93	-38.85	29.11	29.54	1	1	1	1
20230405115127	19.83	0.93	-38.83	29.37	29.75	1	1	1	1
20230405115129	19.83	0.87	-39.48	29.6	29.97	1	1	1	1
20230405115130	19.87	0.91	-39.02	29.86	30.11	1	1	1	1
20230405115131	19.9	0.91	-39.0	30.1	30.26	1	1	1	1
20230405115132	19.91	0.93	-38.78	30.33	30.47	1	1	1	1
20230405115133	19.94	0.89	-39.19	30.56	30.73	1	1	1	1
20230405115134	19.94	0.93	-38.76	30.8	30.87	1	1	1	1
20230405115135	20.01	0.9	-39.04	31.04	31.02	1	1	1	1
20230405115136	20.07	0.88	-39.22	31.31	31.24	1	1	1	1
20230405115137	20.07	0.88	-39.22	31.52	31.35	1	1	1	1
20230405115138	20.13	0.88	-39.19	31.76	31.53	1	1	1	1
20230405115140	20.13	0.9	-38.97	31.96	31.72	1	1	1	1
20230405115141	20.14	0.86	-39.4	32.21	31.9	1	1	1	1
20230405115142	20.2	0.92	-38.71	32.38	32.13	1	1	1	1
20230405115143	20.2	0.88	-39.14	32.59	32.24	1	1	1	1
20230405115144	20.24	0.96	-38.27	32.81	32.46	1	1	1	1
20230405115145	20.27	0.87	-39.21	33.02	32.65	1	1	1	1
20230405115146	20.28	0.89	-38.99	33.23	32.69	1	1	1	1
20230405115147	20.38	0.91	-38.71	33.41	32.88	1	1	1	1
20230405115148	20.4	0.93	-38.48	33.59	32.95	1	1	1	1
20230405115149	20.4	0.95	-38.28	33.81	33.18	1	1	1	1
20230405115151	20.42	0.91	-38.69	33.99	33.33	1	1	1	1
20230405115152	20.47	0.93	-38.44	34.21	33.45	1	1	1	1
20230405115153	20.52	0.89	-38.84	34.43	33.68	1	1	1	1
20230405115154	20.54	0.93	-38.4	34.58	33.79	1	1	1	1
20230405115155	20.54	0.99	-37.79	34.77	34.06	1	1	1	1
20230405115156	20.58	0.97	-37.96	34.95	34.1	1	1	1	1
20230405115157	20.58	0.92	-38.48	35.14	34.22	1	1	1	1
20230405115158	20.65	0.95	-38.13	35.33	34.37	1	1	1	1
20230405115159	20.67	0.94	-38.22	35.52	34.49	1	1	1	1
20230405115200	20.7	0.94	-38.2	35.71	34.68	1	1	1	1
20230405115202	20.72	0.92	-38.4	35.9	34.84	1	1	1	1
20230405115203	20.78	0.9	-38.58	36.05	34.92	1	1	1	1
20230405115204	20.79	0.96	-37.94	36.25	35.04	1	1	1	1
20230405115205	20.82	0.96	-37.92	36.4	35.16	1	1	1	1
20230405115206	20.86	0.98	-37.69	36.56	35.31	1	1	1	1
20230405115207	20.88	0.89	-38.63	36.75	35.43	1	1	1	1
20230405115208	20.91	0.96	-37.87	36.87	35.51	1	1	1	1
20230405115209	20.96	0.92	-38.25	37.07	35.71	1	1	1	1
20230405115210	20.98	0.91	-38.35	37.22	35.87	1	1	1	1
20230405115211	21.03	0.97	-37.69	37.38	36.03	1	1	1	1
20230405115212	21.03	0.94	-38.0	37.54	36.19	1	1	1	1
20230405115214	21.11	0.99	-37.44	37.66	36.27	1	1	1	1
20230405115215	21.11	0.93	-38.06	37.9	36.39	1	1	1	1
20230405115216	21.15	0.95	-37.82	38.03	36.52	1	1	1	1
20230405115217	21.16	0.97	-37.61	38.19	36.6	1	1	1	1
20230405115218	21.19	0.99	-37.39	38.31	36.68	1	1	1	1
20230405115219	21.23	0.95	-37.78	38.47	36.84	1	1	1	1
20230405115220	21.29	1.03	-36.94	38.6	36.88	1	1	1	1
20230405115221	21.32	0.97	-37.52	38.76	37.09	1	1	1	1
20230405115222	21.35	0.92	-38.02	38.93	37.13	1	1	1	1
20230405115223	21.39	0.98	-37.37	39.09	37.38	1	1	1	1
20230405115224	21.39	0.94	-37.78	39.18	37.5	1	1	1	1
20230405115226	21.42	0.96	-37.56	39.34	37.54	1	1	1	1
20230405115227	21.46	0.98	-37.33	39.51	37.71	1	1	1	1
20230405115228	21.47	0.98	-37.32	39.6	37.75	1	1	1	1
20230405115229	21.52	0.98	-37.29	39.72	37.83	1	1	1	1
20230405115230	21.56	0.94	-37.68	39.89	38.12	1	1	1	1
20230405115231	21.6	1.0	-37.05	40.07	38.0	1	1	1	1
20230405115232	21.62	0.94	-37.64	40.15	38.17	1	1	1	1
20230405115233	21.66	0.98	-37.21	40.28	38.33	1	1	1	1
20230405115234	21.69	0.98	-37.19	40.41	38.33	1	1	1	1
20230405115235	21.7	0.97	-37.29	40.54	38.55	1	1	1	1
20230405115237	21.74	0.97	-37.26	40.63	38.59	1	1	1	1
20230405115238	21.76	0.97	-37.25	40.8	38.72	1	1	1	1
20230405115239	21.77	0.97	-37.24	40.84	38.72	1	1	1	1
20230405115240	21.81	1.01	-36.82	41.02	38.89	1	1	1	1
20230405115241	21.84	1.03	-36.61	41.15	39.06	1	1	1	1
20230405115242	21.9	0.92	-37.69	41.28	39.18	1	1	1	1
20230405115243	21.93	1.03	-36.55	41.37	39.18	1	1	1	1
20230405115244	21.94	0.95	-37.35	41.51	39.23	1	1	1	1
20230405115245	21.98	0.99	-36.91	41.6	39.36	1	1	1	1
20230405115246	22.03	0.96	-37.19	41.68	39.36	1	1	1	1
20230405115248	22.05	0.99	-36.87	41.82	39.49	1	1	1	1
20230405115249	22.07	0.96	-37.17	41.91	39.66	1	1	1	1
20230405115250	22.08	0.99	-36.85	42.05	39.62	1	1	1	1
20230405115251	22.13	0.94	-37.34	42.14	39.79	1	1	1	1
20230405115252	22.16	1.02	-36.51	42.23	39.88	1	1	1	1
20230405115253	22.2	0.98	-36.88	42.36	40.14	1	1	1	1
20230405115254	22.23	1.0	-36.66	42.45	40.05	1	1	1	1
20230405115255	22.25	1.0	-36.65	42.55	40.05	1	1	1	1
20230405115256	22.27	1.02	-36.44	42.64	40.18	1	1	1	1
20230405115257	22.31	1.0	-36.62	42.78	40.4	1	1	1	1
20230405115258	22.32	1.06	-36.03	42.87	40.27	1	1	1	1
20230405115300	22.37	1.0	-36.58	42.92	40.31	1	1	1	1
20230405115301	22.38	1.0	-36.57	43.05	40.49	1	1	1	1
20230405115302	22.42	1.04	-36.16	43.15	40.58	1	1	1	1
20230405115303	22.44	0.99	-36.64	43.24	40.53	1	1	1	1
20230405115304	22.48	1.01	-36.41	43.34	40.76	1	1	1	1
20230405115305	22.52	1.01	-36.39	43.43	40.76	1	1	1	1
20230405115306	22.54	1.01	-36.38	43.52	40.76	1	1	1	1
20230405115307	22.55	1.05	-35.98	43.62	41.02	1	1	1	1
20230405115308	22.58	0.95	-36.96	43.71	41.02	1	1	1	1
20230405115309	22.61	1.03	-36.14	43.76	41.07	1	1	1	1
20230405115311	22.68	1.03	-36.1	43.9	41.16	1	1	1	1
20230405115312	22.67	1.01	-36.3	44.0	41.29	1	1	1	1
20230405115313	22.69	1.01	-36.29	44.09	41.38	1	1	1	1
20230405115314	22.71	1.03	-36.08	44.14	41.43	1	1	1	1
20230405115315	22.79	1.02	-36.13	44.24	41.56	1	1	1	1
20230405115316	22.81	1.02	-36.11	44.34	41.7	1	1	1	1
20230405115317	22.83	1.02	-36.1	44.43	41.65	1	1	1	1
20230405115318	22.86	1.02	-36.08	44.53	41.79	1	1	1	1
20230405115319	22.89	1.0	-36.26	44.63	41.7	1	1	1	1
20230405115320	22.92	1.02	-36.05	44.68	41.88	1	1	1	1
20230405115322	22.96	1.04	-35.83	44.77	42.01	1	1	1	1
20230405115323	22.98	1.06	-35.63	44.82	42.01	1	1	1	1
20230405115324	23.0	1.08	-35.43	44.92	42.06	1	1	1	1
20230405115325	23.02	1.06	-35.6	45.02	42.11	1	1	1	1
20230405115326	23.09	1.04	-35.75	45.07	42.01	1	1	1	1
20230405115327	23.1	1.03	-35.84	45.17	42.11	1	1	1	1
20230405115328	23.13	1.03	-35.82	45.27	42.34	1	1	1	1
20230405115329	23.15	1.05	-35.62	45.37	42.2	1	1	1	1
20230405115330	23.19	1.07	-35.4	45.42	42.38	1	1	1	1
20230405115331	23.2	0.95	-36.59	45.42	42.34	1	1	1	1
20230405115332	23.23	1.01	-35.96	45.52	42.47	1	1	1	1
20230405115334	23.27	1.1	-35.08	45.62	42.7	1	1	1	1
20230405115335	23.29	1.03	-35.73	45.67	42.66	1	1	1	1
20230405115336	23.32	1.03	-35.71	45.77	42.75	1	1	1	1
20230405115337	23.37	1.07	-35.29	45.87	42.89	1	1	1	1
20230405115338	23.4	1.07	-35.28	45.87	42.7	1	1	1	1
20230405115339	23.4	1.02	-35.76	45.97	42.89	1	1	1	1
20230405115340	23.44	1.04	-35.54	45.97	42.94	1	1	1	1
20230405115341	23.47	1.04	-35.52	46.07	43.03	1	1	1	1
20230405115342	23.49	1.02	-35.7	46.17	43.12	1	1	1	1
20230405115343	23.52	1.04	-35.49	46.17	43.08	1	1	1	1
20230405115345	23.53	1.06	-35.29	46.27	43.17	1	1	1	1
20230405115346	23.57	1.06	-35.27	46.27	43.22	1	1	1	1
20230405115347	23.59	1.04	-35.45	46.38	43.36	1	1	1	1
20230405115348	23.62	1.06	-35.24	46.48	43.36	1	1	1	1
20230405115349	23.64	1.08	-35.04	46.53	43.45	1	1	1	1
20230405115350	23.66	1.02	-35.6	46.58	43.55	1	1	1	1
20230405115351	23.72	1.08	-34.99	46.63	43.45	1	1	1	1
20230405115352	23.73	1.04	-35.36	46.69	43.45	1	1	1	1
20230405115353	23.76	1.12	-34.59	46.74	43.5	1	1	1	1
20230405115354	23.77	1.08	-34.96	46.84	43.59	1	1	1	1
20230405115356	23.77	1.08	-34.96	46.84	43.64	1	1	1	1
20230405115357	23.83	1.07	-35.01	46.95	43.64	1	1	1	1
20230405115358	23.84	1.07	-35.01	46.95	43.74	1	1	1	1
20230405115359	23.87	1.07	-34.99	47.0	43.64	1	1	1	1
20230405115400	23.91	1.1	-34.69	47.1	43.88	1	1	1	1
20230405115401	23.95	1.09	-34.75	47.16	43.83	1	1	1	1
20230405115402	23.93	1.05	-35.14	47.16	43.97	1	1	1	1
20230405115403	23.97	1.11	-34.56	47.21	44.02	1	1	1	1
20230405115404	24.0	1.07	-34.91	47.26	44.02	1	1	1	1
20230405115405	24.01	1.09	-34.72	47.37	44.02	1	1	1	1
20230405115406	24.04	1.09	-34.7	47.37	44.07	1	1	1	1
20230405115408	24.08	1.05	-35.05	47.47	44.26	1	1	1	1
20230405115409	24.08	1.13	-34.31	47.53	44.07	1	1	1	1
20230405115410	24.13	1.08	-34.74	47.58	44.26	1	1	1	1
20230405115411	24.15	1.04	-35.11	47.58	44.36	1	1	1	1
20230405115412	24.15	1.11	-34.45	47.63	44.31	1	1	1	1
20230405115413	24.2	1.11	-34.42	47.74	44.4	1	1	1	1
20230405115414	24.23	1.08	-34.68	47.79	44.31	1	1	1	1
20230405115415	24.25	1.08	-34.66	47.85	44.4	1	1	1	1
20230405115416	24.27	1.04	-35.03	47.85	44.55	1	1	1	1
20230405115417	24.28	1.08	-34.65	47.9	44.65	1	1	1	1
20230405115419	24.31	1.02	-35.21	47.95	44.65	1	1	1	1
20230405115420	24.34	1.08	-34.61	48.01	44.65	1	1	1	1
20230405115421	24.38	1.1	-34.4	48.06	44.69	1	1	1	1
20230405115422	24.39	1.08	-34.58	48.12	44.84	1	1	1	1
20230405115423	24.41	1.08	-34.57	48.12	44.79	1	1	1	1
20230405115424	24.44	1.05	-34.84	48.22	44.74	1	1	1	1
20230405115425	24.48	1.08	-34.53	48.22	44.94	1	1	1	1
20230405115426	24.49	1.12	-34.15	48.28	44.89	1	1	1	1
20230405115427	24.52	1.03	-34.98	48.28	45.04	1	1	1	1
20230405115428	24.55	1.09	-34.39	48.39	45.08	1	1	1	1
20230405115430	24.56	1.16	-33.75	48.44	45.04	1	1	1	1
20230405115431	24.56	1.09	-34.38	48.5	45.04	1	1	1	1
20230405115432	24.61	1.11	-34.17	48.5	45.13	1	1	1	1
20230405115433	24.65	1.05	-34.71	48.55	45.13	1	1	1	0
20230405115434	24.68	1.07	-34.5	48.61	44.89	1	1	1	0
20230405115435	24.68	1.11	-34.12	48.5	44.4	1	1	1	0
20230405115436	24.69	1.09	-34.3	48.39	43.83	1	1	1	0
20230405115437	24.71	1.11	-34.11	48.22	43.36	1	1	1	0
20230405115438	24.72	1.13	-33.92	48.01	42.94	1	1	1	0
20230405115440	24.74	1.09	-34.27	47.74	42.66	1	1	1	0
20230405115441	24.74	1.04	-34.75	47.53	42.11	1	1	1	0
20230405115442	24.75	1.15	-33.72	47.26	41.83	1	1	1	0
20230405115443	24.75	1.07	-34.46	47.05	41.65	1	1	1	0
20230405115444	24.76	1.05	-34.64	46.79	41.34	1	1	1	0
20230405115445	24.75	1.07	-34.46	46.53	41.2	1	1	1	0
20230405115446	24.74	1.17	-33.55	46.27	40.76	1	1	1	0
20230405115447	24.75	1.11	-34.08	46.07	40.62	1	1	1	0
20230405115449	24.72	1.03	-34.86	45.87	40.45	1	1	1	0
20230405115450	24.72	1.13	-33.92	45.52	40.4	1	1	1	0
20230405115451	24.72	1.0	-35.16	45.32	40.09	1	1	1	0
20230405115452	24.71	1.11	-34.11	45.07	39.96	1	1	1	0
20230405115453	24.72	1.05	-34.67	44.82	39.66	1	1	1	0
20230405115454	24.72	1.05	-34.67	44.63	39.4	1	1	1	0
20230405115455	24.69	1.09	-34.3	44.38	39.31	1	1	1	0
20230405115456	24.69	1.05	-34.68	44.14	39.1	1	1	1	0
20230405115458	24.69	1.17	-33.58	43.9	38.89	1	1	1	0
20230405115459	24.68	1.03	-34.88	43.67	38.76	1	1	1	0
20230405115500	24.68	1.03	-34.88	43.43	38.63	1	1	1	0
20230405115501	24.65	1.11	-34.14	43.24	38.42	1	1	1	0
20230405115502	24.65	1.11	-34.14	43.01	38.25	1	1	1	0
20230405115503	24.66	1.09	-34.32	42.78	38.0	1	1	1	0
20230405115504	24.62	1.11	-34.16	42.59	37.87	1	1	1	0
20230405115505	24.61	1.13	-33.99	42.36	37.67	1	1	1	0
20230405115506	24.64	1.07	-34.52	42.14	37.46	1	1	1	0
20230405115508	24.61	1.15	-33.81	41.91	37.38	1	1	1	0
20230405115509	24.59	1.11	-34.18	41.68	37.21	1	1	1	0
20230405115510	24.59	1.13	-34.0	41.51	37.09	1	1	1	0
20230405115511	24.59	1.14	-33.91	41.28	36.92	1	1	1	0
20230405115512	24.58	1.09	-34.37	41.15	36.76	1	1	1	0
20230405115513	24.56	1.03	-34.96	40.93	36.52	1	1	1	0
20230405115514	24.55	1.13	-34.02	40.71	36.52	1	1	1	0
20230405115515	24.54	1.09	-34.39	40.54	36.27	1	1	1	0
20230405115516	24.55	1.03	-34.96	40.32	36.15	1	1	1	0
20230405115518	24.54	1.07	-34.58	40.15	35.99	1	1	1	0
20230405115519	24.51	1.1	-34.32	39.94	35.87	1	1	1	0
20230405115520	24.49	1.1	-34.33	39.72	35.71	1	1	1	0
20230405115521	24.46	1.05	-34.82	39.51	35.59	1	1	1	0
20230405115522	24.48	1.05	-34.81	39.34	35.51	1	1	1	0
20230405115523	24.46	1.03	-35.02	39.18	35.16	1	1	1	0
20230405115524	24.44	1.1	-34.36	38.97	35.12	1	1	1	0
20230405115525	24.44	1.06	-34.74	38.8	35.04	1	1	1	0
20230405115527	24.42	1.08	-34.56	38.64	34.84	1	1	1	0
20230405115528	24.41	1.1	-34.38	38.43	34.68	1	1	1	0
20230405115529	24.39	1.12	-34.21	38.27	34.57	1	1	1	0
20230405115530	24.41	1.1	-34.38	38.07	34.45	1	1	1	0
20230405115531	24.38	1.06	-34.78	37.9	34.29	1	1	1	0
20230405115532	24.38	1.06	-34.78	37.66	34.14	1	1	1	0
20230405115533	24.35	1.06	-34.79	37.5	34.02	1	1	1	0
20230405115534	24.34	1.08	-34.61	37.34	33.95	1	1	1	0
20230405115536	24.3	1.08	-34.63	37.18	33.75	1	1	1	0
20230405115537	24.32	1.12	-34.25	36.99	33.6	1	1	1	0
20230405115538	24.31	1.06	-34.82	36.83	33.48	1	1	1	0
20230405115539	24.28	1.1	-34.46	36.71	33.33	1	1	1	0
20230405115540	24.27	1.08	-34.65	36.52	33.22	1	1	1	0
20230405115541	24.25	1.06	-34.85	36.32	33.1	1	1	1	0
20230405115542	24.24	1.1	-34.48	36.17	33.07	1	1	1	0
20230405115543	24.23	1.06	-34.87	36.02	32.8	1	1	1	0
20230405115544	24.23	1.06	-34.87	35.86	32.61	1	1	1	0
20230405115546	24.18	1.02	-35.29	35.67	32.61	1	1	1	0
20230405115547	24.2	1.04	-35.08	35.52	32.46	1	1	1	0
20230405115548	24.15	1.11	-34.45	35.37	32.35	1	1	1	0
20230405115549	24.14	1.09	-34.64	35.22	32.27	1	1	1	0
20230405115550	24.11	1.11	-34.47	35.07	32.13	1	1	1	0
20230405115551	24.1	1.19	-33.77	34.92	32.05	1	1	1	0
20230405115552	24.08	1.07	-34.86	34.73	31.9	1	1	1	0
20230405115553	24.07	1.07	-34.87	34.62	31.79	1	1	1	0
20230405115555	24.07	1.09	-34.68	34.47	31.72	1	1	1	0
20230405115556	24.07	1.13	-34.31	34.29	31.61	1	1	1	0
20230405115557	24.03	1.09	-34.71	34.14	31.42	1	1	1	0
20230405115558	24.01	0.98	-35.79	33.99	31.35	1	1	1	0
20230405115559	24.0	1.09	-34.72	33.88	31.2	1	1	1	0
20230405115600	23.97	1.09	-34.74	33.7	31.09	1	1	1	0
20230405115601	23.95	1.05	-35.13	33.59	31.05	1	1	1	0
20230405115602	23.94	1.09	-34.76	33.45	30.87	1	1	1	0
20230405115603	23.94	1.03	-35.33	33.31	30.8	1	1	1	0
20230405115605	23.9	0.99	-35.75	33.2	30.69	1	1	1	0
20230405115606	23.88	1.03	-35.37	33.09	30.58	1	1	1	0
20230405115607	23.85	1.1	-34.72	32.91	30.51	1	1	1	0
20230405115608	23.85	1.1	-34.72	32.77	30.36	1	1	1	0
20230405115609	23.83	1.05	-35.2	32.63	30.29	1	1	1	0
20230405115610	23.83	1.03	-35.4	32.52	30.22	1	1	1	0
20230405115611	23.81	1.08	-34.93	32.38	30.11	1	1	1	0
20230405115612	23.79	1.06	-35.13	32.24	30.0	1	1	1	0
20230405115614	23.77	1.08	-34.96	32.14	29.9	1	1	1	0
20230405115615	23.74	1.04	-35.36	32.0	29.79	1	1	1	0
20230405115616	23.74	1.04	-35.36	31.9	29.72	1	1	1	0
20230405115617	23.73	1.1	-34.8	31.76	29.57	1	1	1	0
20230405115618	23.72	1.04	-35.37	31.62	29.54	1	1	1	0
20230405115619	23.7	1.08	-35.0	31.48	29.4	1	1	1	0
20230405115620	23.66	1.02	-35.6	31.38	29.36	1	1	1	0
20230405115621	23.62	1.1	-34.86	31.28	29.22	1	1	1	0
20230405115622	23.63	1.04	-35.42	31.14	29.11	1	1	1	0
20230405115624	23.62	1.12	-34.68	31.04	29.04	1	1	1	0
20230405115625	23.57	1.08	-35.08	30.9	28.97	1	1	1	0
20230405115626	23.57	1.04	-35.46	30.8	28.83	1	1	1	0
20230405115627	23.54	1.06	-35.29	30.7	28.73	1	1	1	0
20230405115628	23.54	1.06	-35.29	30.56	28.69	1	1	1	0
20230405115629	23.54	1.06	-35.29	30.46	28.59	1	1	1	0
20230405115630	23.52	1.0	-35.88	30.36	28.48	1	1	1	0
20230405115631	23.47	1.02	-35.71	30.26	28.38	1	1	1	0
20230405115633	23.46	1.04	-35.53	30.13	28.34	1	1	1	0
20230405115634	23.44	0.98	-36.13	30.03	28.24	1	1	1	0
20230405115635	23.42	1.05	-35.45	29.93	28.13	1	1	1	0
20230405115636	23.4	1.02	-35.76	29.8	28.06	1	1	1	0
20230405115637	23.4	1.03	-35.66	29.7	27.99	1	1	1	0
20230405115638	23.39	0.99	-36.06	29.63	27.89	1	1	1	0
20230405115639	23.33	1.01	-35.9	29.5	27.82	1	1	1	0
20230405115640	23.32	0.99	-36.1	29.37	27.78	1	1	1	0
20230405115641	23.33	1.09	-35.13	29.27	27.65	1	1	1	0
20230405115643	23.27	1.07	-35.35	29.17	27.58	1	1	1	0
20230405115644	23.27	1.09	-35.17	29.07	27.51	1	1	1	0
20230405115645	23.27	1.05	-35.54	28.98	27.51	1	1	1	0
20230405115646	23.23	1.05	-35.57	28.85	27.37	1	1	1	0
20230405115647	23.2	1.07	-35.4	28.78	27.23	1	1	1	0
20230405115648	23.18	1.07	-35.41	28.69	27.2	1	1	1	0
20230405115649	23.18	1.07	-35.41	28.56	27.13	1	1	1	0
20230405115650	23.13	0.95	-36.63	28.43	27.06	1	1	1	0
20230405115652	23.15	1.03	-35.81	28.36	26.96	1	1	1	0
20230405115653	23.12	1.05	-35.64	28.27	26.89	1	1	1	0
20230405115654	23.09	1.03	-35.85	28.17	26.82	1	1	1	0
20230405115655	23.09	1.01	-36.04	28.08	26.72	1	1	1	0
20230405115656	23.05	1.04	-35.77	28.01	26.65	1	1	1	0
20230405115657	23.03	1.0	-36.18	27.89	26.62	1	1	1	0
20230405115658	23.0	1.02	-36.0	27.79	26.52	1	1	1	0
20230405115659	23.0	1.06	-35.61	27.7	26.41	1	1	1	0
20230405115701	22.98	1.02	-36.01	27.63	26.38	1	1	1	0
20230405115702	22.98	1.0	-36.21	27.51	26.28	1	1	1	0
20230405115703	22.93	0.98	-36.44	27.44	26.25	1	1	1	0
20230405115704	22.93	1.04	-35.85	27.38	26.21	1	1	1	0
20230405115705	22.91	0.98	-36.45	27.26	26.08	1	1	1	0
20230405115706	22.89	1.0	-36.26	27.16	25.98	1	1	1	0
20230405115707	22.85	1.04	-35.9	27.1	25.94	1	1	1	0
20230405115708	22.86	0.96	-36.69	26.98	25.91	1	1	1	0
20230405115709	22.83	1.04	-35.91	26.91	25.81	1	1	1	0
20230405115711	22.81	0.98	-36.51	26.85	25.77	1	1	1	0
20230405115712	22.81	1.02	-36.11	26.79	25.71	1	1	1	0
20230405115713	22.78	1.0	-36.33	26.7	25.64	1	1	1	0
20230405115714	22.74	1.02	-36.16	26.57	25.54	1	1	1	0
20230405115715	22.75	1.03	-36.05	26.51	25.51	1	1	1	0
20230405115716	22.72	1.01	-36.27	26.45	25.41	1	1	1	0
20230405115717	22.69	0.99	-36.49	26.39	25.41	1	1	1	0
20230405115718	22.68	0.99	-36.49	26.33	25.34	1	1	1	0
20230405115720	22.67	0.98	-36.6	26.2	25.24	1	1	1	0
20230405115721	22.64	1.01	-36.32	26.14	25.21	1	1	1	0
20230405115722	22.61	1.01	-36.33	26.08	25.14	1	1	1	0
20230405115723	22.59	0.99	-36.55	25.96	25.07	1	1	1	0
20230405115724	22.58	0.99	-36.55	25.93	24.97	1	1	1	0
20230405115725	22.57	1.05	-35.97	25.81	24.97	1	1	1	0
20230405115726	22.52	1.01	-36.39	25.78	24.94	1	1	1	0
20230405115727	22.52	0.95	-37.0	25.68	24.84	1	1	1	0
20230405115728	22.49	0.97	-36.81	25.62	24.77	1	1	1	0
20230405115730	22.48	0.99	-36.61	25.56	24.71	1	1	1	0
20230405115731	22.48	0.95	-37.02	25.47	24.68	1	1	1	0
20230405115732	22.45	1.04	-36.14	25.38	24.61	1	1	1	0
20230405115733	22.44	1.01	-36.44	25.32	24.58	1	1	1	0
20230405115734	22.42	0.93	-37.27	25.23	24.48	1	1	1	0
20230405115735	22.39	0.99	-36.67	25.2	24.41	1	1	1	0
20230405115736	22.37	1.02	-36.38	25.11	24.35	1	1	1	0
20230405115737	22.37	1.02	-36.38	25.05	24.31	1	1	1	0
20230405115739	22.34	0.97	-36.9	24.99	24.28	1	1	1	0
20230405115740	22.32	1.0	-36.61	24.93	24.21	1	1	1	0
20230405115741	22.29	1.02	-36.43	24.84	24.15	1	1	1	0
20230405115742	22.29	0.94	-37.24	24.78	24.15	1	1	1	0
20230405115743	22.25	1.0	-36.65	24.72	24.05	1	1	1	0
20230405115744	22.24	0.98	-36.86	24.66	24.02	1	1	1	0
20230405115745	22.21	1.0	-36.68	24.57	23.99	1	1	1	0
20230405115746	22.2	0.98	-36.88	24.54	23.92	1	1	1	0
20230405115747	22.21	1.08	-35.91	24.45	23.89	1	1	1	0
20230405115749	22.16	1.04	-36.31	24.37	23.79	1	1	1	0
20230405115750	22.14	1.0	-36.72	24.31	23.76	1	1	1	0
20230405115751	22.16	1.0	-36.71	24.28	23.72	1	1	1	0
20230405115752	22.13	0.98	-36.92	24.19	23.69	1	1	1	0
20230405115753	22.11	0.96	-37.14	24.13	23.59	1	1	1	0
20230405115754	22.07	0.94	-37.37	24.07	23.56	1	1	1	0
20230405115755	22.05	1.01	-36.67	24.01	23.5	1	1	1	0
20230405115756	22.03	1.03	-36.49	23.95	23.46	1	1	1	0
20230405115758	22.01	0.96	-37.2	23.89	23.4	1	1	1	0
20230405115759	22.01	0.98	-37.0	23.84	23.33	1	1	1	0
20230405115800	21.97	0.97	-37.12	23.78	23.3	1	1	1	0
20230405115801	21.94	0.97	-37.14	23.72	23.3	1	1	1	0
20230405115802	21.96	1.01	-36.73	23.69	23.2	1	1	1	0
20230405115803	21.9	0.93	-37.58	23.6	23.2	1	1	1	0
20230405115804	21.93	0.95	-37.35	23.54	23.14	1	1	1	0
20230405115805	21.87	0.97	-37.18	23.48	23.08	1	1	1	0
20230405115806	21.87	1.01	-36.78	23.46	23.04	1	1	1	0
20230405115808	21.83	0.99	-37.01	23.4	23.01	1	1	1	0
20230405115809	21.83	0.97	-37.21	23.34	22.95	1	1	1	0
20230405115810	21.81	0.97	-37.22	23.28	22.91	1	1	1	0
20230405115811	21.78	0.93	-37.65	23.22	22.85	1	1	1	0
20230405115812	21.74	0.97	-37.26	23.19	22.82	1	1	1	0
20230405115813	21.74	0.91	-37.89	23.11	22.78	1	1	1	0
20230405115814	21.76	0.95	-37.46	23.11	22.75	1	1	1	0
20230405115815	21.72	1.02	-36.78	23.05	22.69	1	1	1	0
20230405115816	21.72	1.0	-36.97	22.96	22.66	1	1	1	0
20230405115818	21.69	0.93	-37.71	22.96	22.59	1	1	1	0
20230405115819	21.66	1.0	-37.01	22.85	22.53	1	1	1	0
20230405115820	21.64	0.98	-37.22	22.85	22.53	1	1	1	0
20230405115821	21.63	0.91	-37.96	22.76	22.5	1	1	1	0
20230405115822	21.63	0.96	-37.43	22.73	22.43	1	1	1	0
20230405115823	21.62	1.0	-37.03	22.67	22.4	1	1	1	0
20230405115824	21.6	0.96	-37.45	22.65	22.37	1	1	1	0
20230405115825	21.56	1.0	-37.07	22.59	22.34	1	1	1	0
20230405115827	21.56	0.98	-37.27	22.53	22.3	1	1	1	0
20230405115828	21.56	0.98	-37.27	22.5	22.27	1	1	1	0
20230405115829	21.53	0.9	-38.13	22.45	22.21	1	1	1	0
20230405115830	21.49	0.96	-37.52	22.42	22.18	1	1	1	0
20230405115831	21.49	0.96	-37.52	22.36	22.14	1	1	1	0
20230405115832	21.49	0.96	-37.52	22.3	22.11	1	1	1	0
20230405115833	21.45	0.98	-37.34	22.25	22.08	1	1	1	0
20230405115834	21.42	0.98	-37.35	22.19	22.02	1	1	1	0
20230405115835	21.4	0.96	-37.57	22.13	21.98	1	1	1	0
20230405115837	21.42	0.99	-37.25	22.13	21.95	1	1	1	0
20230405115838	21.37	0.9	-38.22	22.05	21.92	1	1	1	0
20230405115839	21.37	0.98	-37.38	22.02	21.86	1	1	1	0
20230405115840	21.35	0.98	-37.4	22.02	21.86	1	1	1	0
20230405115841	21.33	0.94	-37.82	21.93	21.83	1	1	1	0
20230405115842	21.33	0.99	-37.31	21.9	21.76	1	1	1	0
20230405115843	21.32	1.05	-36.73	21.85	21.73	1	1	1	0
20230405115844	21.29	1.01	-37.13	21.79	21.7	1	1	1	0
20230405115846	21.26	0.92	-38.07	21.79	21.67	1	1	1	0
20230405115847	21.23	0.89	-38.42	21.73	21.6	1	1	1	0
20230405115848	21.25	1.01	-37.16	21.68	21.57	1	1	1	0
20230405115849	21.19	0.99	-37.39	21.65	21.54	1	1	1	0
20230405115850	21.18	0.95	-37.81	21.59	21.51	1	1	1	0
20230405115851	21.19	0.97	-37.59	21.54	21.48	1	1	1	0
20230405115852	21.18	0.93	-38.01	21.51	21.48	1	1	1	0
20230405115853	21.13	0.93	-38.04	21.45	21.41	1	1	1	0
20230405115855	21.13	1.03	-37.04	21.42	21.35	1	1	1	0
20230405115856	21.09	0.95	-37.86	21.4	21.32	1	1	1	0
20230405115857	21.11	0.95	-37.85	21.37	21.32	1	1	1	0
20230405115858	21.08	0.91	-38.29	21.31	21.29	1	1	1	0
20230405115859	21.08	0.93	-38.08	21.26	21.25	1	1	1	0
20230405115900	21.05	0.89	-38.52	21.2	21.22	1	1	1	0
20230405115901	21.01	0.93	-38.12	21.2	21.19	1	1	1	0
20230405115902	21.01	0.94	-38.01	21.2	21.16	1	1	1	0
20230405115903	20.99	0.91	-38.34	21.11	21.13	1	1	1	0
20230405115905	21.02	0.91	-38.32	21.09	21.1	1	1	1	0
20230405115906	20.96	0.87	-38.8	21.06	21.07	1	1	1	0
20230405115907	20.96	0.98	-37.63	21.03	21.07	1	1	1	0
20230405115908	20.93	0.94	-38.06	20.97	21.0	1	1	1	0
20230405115909	20.89	0.89	-38.62	20.95	20.97	1	1	1	0
20230405115910	20.89	0.94	-38.08	20.92	20.94	1	1	1	0
20230405115911	20.91	0.92	-38.28	20.86	20.94	1	1	1	0
20230405115912	20.86	0.94	-38.1	20.86	20.88	1	1	1	0
20230405115913	20.86	0.92	-38.31	20.81	20.84	1	1	1	0
20230405115915	20.83	0.92	-38.33	20.75	20.81	1	1	1	0
20230405115916	20.82	0.87	-38.88	20.72	20.78	1	1	1	0
20230405115917	20.79	0.9	-38.57	20.72	20.78	1	1	1	0
20230405115918	20.78	0.9	-38.58	20.67	20.75	1	1	1	0
20230405115919	20.76	0.96	-37.96	20.64	20.72	1	1	1	0
20230405115920	20.75	0.96	-37.96	20.61	20.69	1	1	1	0
20230405115921	20.74	0.96	-37.97	20.61	20.69	1	1	1	0
20230405115922	20.74	0.9	-38.6	20.56	20.66	1	1	1	0
20230405115924	20.71	0.88	-38.84	20.5	20.59	1	1	1	0
20230405115925	20.71	0.94	-38.19	20.5	20.56	1	1	1	0
20230405115926	20.7	0.98	-37.79	20.47	20.53	1	1	1	0
20230405115927	20.67	0.92	-38.43	20.42	20.53	1	1	1	0
20230405115928	20.65	0.92	-38.44	20.39	20.53	1	1	1	0
20230405115929	20.65	0.92	-38.44	20.39	20.47	1	1	1	0
20230405115930	20.62	0.95	-38.14	20.34	20.47	1	1	1	0
20230405115931	20.61	0.92	-38.46	20.31	20.44	1	1	1	0
20230405115932	20.58	0.89	-38.81	20.28	20.41	1	1	1	0
20230405115934	20.6	0.95	-38.16	20.25	20.37	1	1	1	0
20230405115935	20.55	0.89	-38.82	20.22	20.34	1	1	1	0
20230405115936	20.55	0.95	-38.19	20.2	20.34	1	1	1	0
20230405115937	20.55	0.89	-38.82	20.14	20.31	1	1	1	0
20230405115938	20.52	0.89	-38.84	20.14	20.28	1	1	1	0
20230405115939	20.52	0.91	-38.62	20.11	20.25	1	1	1	0
20230405115940	20.51	0.95	-38.21	20.11	20.25	1	1	1	0
20230405115941	20.5	0.87	-39.07	20.03	20.19	1	1	1	0
20230405115943	20.45	0.91	-38.67	20.03	20.16	1	1	1	0
20230405115944	20.48	0.93	-38.44	19.98	20.16	1	1	1	0
20230405115945	20.41	0.93	-38.48	19.95	20.12	1	1	1	0
20230405115946	20.44	0.95	-38.25	19.92	20.09	1	1	1	0
20230405115947	20.41	0.91	-38.69	19.89	20.06	1	1	1	0
20230405115948	20.4	0.93	-38.48	19.87	20.03	1	1	1	0
20230405115949	20.37	0.93	-38.5	19.81	20.03	1	1	1	0
20230405115950	20.37	0.93	-38.5	19.81	20.0	1	1	1	0
20230405115951	20.34	0.98	-38.01	19.78	19.97	1	1	1	0
20230405115953	20.32	0.92	-38.64	19.76	19.94	1	1	1	0
20230405115954	20.32	0.87	-39.18	19.73	19.91	1	1	1	0
20230405115955	20.28	0.87	-39.21	19.7	19.91	1	1	1	0
20230405115956	20.28	0.89	-38.99	19.67	19.88	1	1	1	0
20230405115957	20.25	0.87	-39.22	19.67	19.84	1	1	1	0
20230405115958	20.25	0.9	-38.9	19.62	19.84	1	1	1	0
20230405115959	20.24	0.94	-38.48	19.59	19.84	1	1	1	0
20230405120000	20.23	0.89	-39.02	19.56	19.78	1	1	1	0
20230405120002	20.23	0.94	-38.48	19.56	19.75	1	1	1	0
20230405120003	20.19	0.9	-38.93	19.54	19.75	1	1	1	0
20230405120004	20.19	0.87	-39.26	19.51	19.72	1	1	1	0
20230405120005	20.17	0.9	-38.94	19.46	19.69	1	1	1	0
20230405120006	20.14	0.92	-38.75	19.43	19.69	1	1	1	0
20230405120007	20.16	0.94	-38.53	19.43	19.66	1	1	1	0
20230405120008	20.13	0.92	-38.75	19.4	19.63	1	1	1	0
20230405120009	20.11	0.9	-38.98	19.37	19.63	1	1	1	0
20230405120011	20.09	0.9	-38.99	19.35	19.6	1	1	1	0
20230405120012	20.07	0.95	-38.48	19.29	19.57	1	1	1	0
20230405120013	20.06	0.92	-38.8	19.32	19.53	1	1	1	0
20230405120014	20.06	0.95	-38.48	19.29	19.53	1	1	1	0
20230405120015	20.04	0.92	-38.81	19.24	19.5	1	1	1	0
20230405120016	20.03	0.86	-39.47	19.24	19.5	1	1	1	0
20230405120017	20.03	0.88	-39.25	19.21	19.47	1	1	1	0
20230405120018	20.01	0.88	-39.26	19.21	19.5	1	1	1	0
20230405120019	19.96	0.82	-39.97	19.16	19.41	1	1	1	0
20230405120021	19.99	0.88	-39.27	19.13	19.44	1	1	1	0
20230405120022	19.96	0.91	-38.96	19.13	19.38	1	1	1	0
20230405120023	19.91	0.91	-38.99	19.13	19.38	1	1	1	0
20230405120024	19.94	0.89	-39.19	19.1	19.35	1	1	1	0
20230405120025	19.94	0.93	-38.76	19.07	19.35	1	1	1	0
20230405120026	19.91	0.91	-38.99	19.02	19.32	1	1	1	0
20230405120027	19.9	0.84	-39.77	19.05	19.32	1	1	1	0
20230405120028	19.89	0.84	-39.78	19.02	19.29	1	1	1	0
20230405120030	19.89	0.87	-39.44	18.99	19.26	1	1	1	0
20230405120031	19.87	0.84	-39.79	18.96	19.26	1	1	1	0
20230405120032	19.83	0.91	-39.04	18.91	19.26	1	1	1	0
20230405120033	19.81	0.91	-39.05	18.91	19.19	1	1	1	0
20230405120034	19.8	0.89	-39.27	18.91	19.19	1	1	1	0
20230405120035	19.81	0.89	-39.27	18.91	19.16	1	1	1	0
20230405120036	19.8	0.89	-39.27	18.86	19.13	1	1	1	0
20230405120037	19.79	0.93	-38.85	18.86	19.13	1	1	1	0
20230405120038	19.79	0.83	-39.95	18.83	19.13	1	1	1	0
20230405120040	19.77	0.85	-39.74	18.77	19.13	1	1	1	0
20230405120041	19.74	0.94	-38.78	18.77	19.1	1	1	1	0
20230405120042	19.73	0.87	-39.54	18.77	19.1	1	1	1	0
20230405120043	19.72	0.91	-39.11	18.72	19.07	1	1	1	0
20230405120044	19.73	0.85	-39.76	18.72	19.04	1	1	1	0
20230405120045	19.7	0.85	-39.78	18.69	19.01	1	1	1	0
20230405120046	19.69	0.91	-39.12	18.69	19.01	1	1	1	0
20230405120047	19.69	0.87	-39.56	18.67	18.98	1	1	1	0
20230405120049	19.67	0.87	-39.57	18.64	18.98	1	1	1	0
20230405120050	19.65	0.87	-39.58	18.61	18.95	1	1	1	0
20230405120051	19.65	0.87	-39.58	18.59	18.92	1	1	1	0
20230405120052	19.62	0.89	-39.38	18.56	18.89	1	1	1	0
20230405120053	19.62	0.9	-39.27	18.56	18.89	1	1	1	0
20230405120054	19.6	0.9	-39.29	18.56	18.86	1	1	1	0
20230405120055	19.57	0.85	-39.86	18.5	18.86	1	1	1	0
20230405120056	19.6	0.9	-39.29	18.5	18.86	1	1	1	0
20230405120058	19.55	0.84	-39.98	18.48	18.82	1	1	1	0
20230405120059	19.55	0.9	-39.32	18.48	18.79	1	1	1	0
20230405120100	19.55	0.92	-39.1	18.45	18.79	1	1	1	0
20230405120101	19.53	0.86	-39.77	18.45	18.76	1	1	1	0
20230405120102	19.5	0.9	-39.35	18.45	18.73	1	1	1	0
20230405120103	19.53	0.84	-39.99	18.4	18.73	1	1	1	0
20230405120104	19.5	0.92	-39.13	18.37	18.73	1	1	1	0
20230405120105	19.48	0.86	-39.8	18.37	18.73	1	1	1	0
20230405120106	19.48	0.86	-39.8	18.34	18.7	1	1	1	0
20230405120108	19.45	0.82	-40.27	18.34	18.7	1	1	1	0
20230405120109	19.45	0.8	-40.51	18.34	18.67	1	1	1	0
20230405120110	19.45	0.9	-39.38	18.32	18.64	1	1	1	0
20230405120111	19.45	0.8	-40.51	18.29	18.64	1	1	1	0
20230405120112	19.42	0.84	-40.06	18.26	18.64	1	1	1	0
20230405120113	19.41	0.88	-39.62	18.24	18.61	1	1	1	0
20230405120114	19.41	0.84	-40.07	18.24	18.61	1	1	1	0
20230405120115	19.38	0.86	-39.86	18.21	18.58	1	1	1	0
20230405120117	19.36	0.86	-39.87	18.21	18.58	1	1	1	0
20230405120118	19.35	0.91	-39.33	18.21	18.55	1	1	1	0
20230405120119	19.38	0.88	-39.64	18.21	18.55	1	1	1	0
20230405120120	19.34	0.93	-39.12	18.18	18.52	1	1	1	0
20230405120121	19.34	0.89	-39.55	18.18	18.49	1	1	1	0
20230405120122	19.34	0.88	-39.66	18.13	18.49	1	1	1	0
20230405120123	19.31	0.84	-40.13	18.13	18.49	1	1	1	0
20230405120124	19.31	0.87	-39.79	18.13	18.52	1	1	1	0
20230405120125	19.28	0.8	-40.61	18.1	18.49	1	1	1	0
20230405120127	19.26	0.76	-41.11	18.1	18.49	1	1	1	0
20230405120128	19.26	0.84	-40.16	18.07	18.46	1	1	1	0
20230405120129	19.26	0.84	-40.16	18.05	18.43	1	1	1	0
20230405120130	19.23	0.83	-40.29	18.05	18.43	1	1	1	0
20230405120131	19.25	0.87	-39.82	18.05	18.39	1	1	1	0
20230405120132	19.22	0.82	-40.41	18.02	18.39	1	1	1	0
20230405120133	19.21	0.85	-40.07	18.02	18.39	1	1	1	0
20230405120134	19.19	0.87	-39.86	17.99	18.36	1	1	1	0
20230405120136	19.21	0.85	-40.07	17.99	18.36	1	1	1	0
20230405120137	19.18	0.91	-39.43	17.97	18.33	1	1	1	0
20230405120138	19.18	0.89	-39.65	17.97	18.33	1	1	1	0
20230405120139	19.14	0.87	-39.89	17.94	18.33	1	1	1	0
20230405120140	19.16	0.85	-40.1	17.91	18.3	1	1	1	0
20230405120141	19.15	0.83	-40.34	17.89	18.3	1	1	1	0
20230405120142	19.15	0.89	-39.67	17.89	18.27	1	1	1	0
20230405120143	19.11	0.81	-40.6	17.91	18.3	1	1	1	0
20230405120144	19.12	0.89	-39.68	17.86	18.24	1	1	1	0
20230405120146	19.11	0.85	-40.13	17.83	18.24	1	1	1	0
20230405120147	19.09	0.89	-39.7	17.86	18.21	1	1	1	0
20230405120148	19.08	0.85	-40.15	17.81	18.21	1	1	1	0
20230405120149	19.08	0.85	-40.15	17.78	18.21	1	1	1	0
20230405120150	19.06	0.83	-40.39	17.78	18.18	1	1	1	0
20230405120151	19.05	0.92	-39.4	17.78	18.18	1	1	1	0
20230405120152	19.02	0.85	-40.19	17.78	18.18	1	1	1	0
20230405120153	19.04	0.89	-39.73	17.78	18.15	1	1	1	0
20230405120155	19.04	0.83	-40.4	17.75	18.12	1	1	1	0
20230405120156	19.01	0.87	-39.97	17.7	18.12	1	1	1	0
20230405120157	19.01	0.89	-39.75	17.73	18.09	1	1	1	0
20230405120158	18.98	0.87	-39.99	17.67	18.09	1	1	1	0
20230405120159	18.97	0.9	-39.67	17.67	18.09	1	1	1	0
20230405120200	18.97	0.85	-40.22	17.67	18.09	1	1	1	0
20230405120201	18.97	0.88	-39.88	17.67	18.06	1	1	1	0
20230405120202	18.94	0.87	-40.01	17.67	18.09	1	1	1	0
20230405120203	18.92	0.86	-40.13	17.67	18.03	1	1	1	0
20230405120205	18.95	0.92	-39.47	17.65	18.03	1	1	1	0
20230405120206	18.92	0.83	-40.47	17.62	18.0	1	1	1	0
20230405120207	18.92	0.86	-40.13	17.59	18.0	1	1	1	0
20230405120208	18.91	0.86	-40.14	17.59	17.97	1	1	1	0
20230405120209	18.9	0.77	-41.2	17.57	17.97	1	1	1	0
20230405120210	18.88	0.84	-40.38	17.57	17.97	1	1	1	0
20230405120211	18.87	0.84	-40.39	17.57	17.97	1	1	1	0
20230405120212	18.85	0.84	-40.4	17.54	17.97	1	1	1	0
20230405120213	18.85	0.86	-40.18	17.54	17.97	1	1	1	0
20230405120215	18.85	0.9	-39.74	17.54	17.94	1	1	1	0
20230405120216	18.84	0.81	-40.76	17.54	17.94	1	1	1	0
20230405120217	18.8	0.88	-39.98	17.51	17.91	1	1	1	0
20230405120218	18.84	0.82	-40.64	17.49	17.91	1	1	1	0
20230405120219	18.81	0.86	-40.2	17.49	17.88	1	1	1	0
20230405120220	18.81	0.84	-40.43	17.51	17.88	1	1	1	0
20230405120221	18.8	0.84	-40.43	17.46	17.88	1	1	1	0
20230405120222	18.78	0.8	-40.91	17.46	17.88	1	1	1	0
20230405120224	18.77	0.93	-39.47	17.46	17.88	1	1	1	0
20230405120225	18.77	0.84	-40.45	17.43	17.85	1	1	1	0
20230405120226	18.74	0.82	-40.7	17.43	17.85	1	1	1	0
20230405120227	18.77	0.8	-40.92	17.43	17.85	1	1	1	0
20230405120228	18.74	0.86	-40.24	17.41	17.85	1	1	1	0
20230405120229	18.73	0.82	-40.7	17.38	17.85	1	1	1	0
20230405120230	18.71	0.88	-40.04	17.41	17.85	1	1	1	0
20230405120231	18.7	0.8	-40.96	17.43	17.85	1	1	1	0
20230405120232	18.71	0.86	-40.26	17.35	17.78	1	1	1	0
20230405120234	18.7	0.86	-40.27	17.35	17.78	1	1	1	0
20230405120235	18.68	0.86	-40.28	17.35	17.75	1	1	1	0
20230405120236	18.7	0.8	-40.96	17.35	17.75	1	1	1	0
20230405120237	18.64	0.83	-40.64	17.33	17.75	1	1	1	0
20230405120238	18.64	0.91	-39.76	17.33	17.72	1	1	1	0
20230405120239	18.67	0.86	-40.28	17.33	17.72	1	1	1	0
20230405120240	18.64	0.87	-40.19	17.33	17.75	1	1	1	0
20230405120241	18.61	0.82	-40.78	17.33	17.75	1	1	1	0
20230405120243	18.64	0.83	-40.64	17.3	17.72	1	1	1	0
20230405120244	18.6	0.83	-40.67	17.3	17.72	1	1	1	0
20230405120245	18.6	0.82	-40.78	17.25	17.69	1	1	1	0
20230405120246	18.58	0.87	-40.23	17.25	17.66	1	1	1	0
20230405120247	18.58	0.83	-40.68	17.22	17.66	1	1	1	0
20230405120248	18.55	0.81	-40.93	17.22	17.66	1	1	1	0
20230405120249	18.55	0.87	-40.24	17.22	17.63	1	1	1	0
20230405120250	18.55	0.8	-41.05	17.22	17.63	1	1	1	0
20230405120252	18.54	0.89	-40.03	17.22	17.6	1	1	1	0
20230405120253	18.53	0.79	-41.18	17.19	17.6	1	1	1	0
20230405120254	18.53	0.87	-40.26	17.17	17.6	1	1	1	0
20230405120255	18.51	0.81	-40.95	17.17	17.6	1	1	1	0
20230405120256	18.48	0.89	-40.07	17.17	17.6	1	1	1	0
20230405120257	18.5	0.79	-41.2	17.14	17.6	1	1	1	0
20230405120258	18.48	0.83	-40.74	17.11	17.57	1	1	1	0
20230405120259	18.46	0.83	-40.75	17.14	17.57	1	1	1	0
20230405120300	18.44	0.75	-41.73	17.11	17.57	1	1	1	0
20230405120302	18.46	0.87	-40.3	17.11	17.54	1	1	1	0
20230405120303	18.44	0.85	-40.53	17.11	17.51	1	1	1	0
20230405120304	18.44	0.81	-40.99	17.09	17.51	1	1	1	0
20230405120305	18.44	0.87	-40.31	17.09	17.51	1	1	1	0
20230405120306	18.43	0.89	-40.1	17.09	17.51	1	1	1	0
20230405120307	18.41	0.81	-41.01	17.09	17.48	1	1	1	0
20230405120308	18.41	0.85	-40.55	17.09	17.54	1	1	1	0
20230405120309	18.4	0.81	-41.02	17.03	17.51	1	1	1	0
20230405120311	18.39	0.83	-40.79	17.03	17.48	1	1	1	0
20230405120312	18.37	0.79	-41.27	17.03	17.48	1	1	1	0
20230405120313	18.37	0.87	-40.35	17.06	17.45	1	1	1	0
20230405120314	18.36	0.81	-41.04	17.01	17.51	1	1	1	0
20230405120315	18.37	0.83	-40.8	17.03	17.51	1	1	1	0
20230405120316	18.34	0.75	-41.79	17.01	17.45	1	1	1	0
20230405120317	18.36	0.87	-40.36	17.01	17.45	1	1	1	0
20230405120318	18.34	0.83	-40.82	17.03	17.45	1	1	1	0
20230405120319	18.31	0.84	-40.73	17.01	17.45	1	1	1	0
20230405120321	18.31	0.79	-41.31	16.98	17.42	1	1	1	0
20230405120322	18.33	0.84	-40.71	17.01	17.42	1	1	1	0
20230405120323	18.33	0.83	-40.83	16.98	17.39	1	1	1	0
20230405120324	18.3	0.83	-40.85	16.98	17.39	1	1	1	0
20230405120325	18.29	0.82	-40.97	16.98	17.39	1	1	1	0
20230405120326	18.29	0.84	-40.74	16.96	17.39	1	1	1	0
20230405120327	18.29	0.88	-40.29	16.96	17.36	1	1	1	0
20230405120328	18.29	0.84	-40.74	16.96	17.39	1	1	1	0
20230405120330	18.27	0.84	-40.75	16.96	17.39	1	1	1	0
20230405120331	18.27	0.79	-41.33	16.93	17.36	1	1	1	0
20230405120332	18.24	0.82	-41.0	16.9	17.33	1	1	1	0
20230405120333	18.23	0.82	-41.0	16.9	17.33	1	1	1	0
20230405120334	18.23	0.82	-41.0	16.88	17.33	1	1	1	0
20230405120335	18.23	0.84	-40.77	16.9	17.33	1	1	1	0
20230405120336	18.21	0.84	-40.79	16.88	17.36	1	1	1	0
20230405120337	18.21	0.82	-41.02	16.88	17.36	1	1	1	0
20230405120338	18.21	0.84	-40.79	16.9	17.36	1	1	1	0
20230405120340	18.19	0.8	-41.26	16.88	17.3	1	1	1	0
20230405120341	18.19	0.82	-41.03	16.88	17.3	1	1	1	0
20230405120342	18.2	0.84	-40.79	16.88	17.3	1	1	1	0
20230405120343	18.16	0.84	-40.82	16.85	17.3	1	1	1	0
20230405120344	18.2	0.86	-40.57	16.85	17.27	1	1	1	0
20230405120345	18.17	0.76	-41.76	16.82	17.27	1	1	1	0
20230405120346	18.15	0.82	-41.05	16.82	17.27	1	1	1	0
20230405120347	18.16	0.82	-41.05	16.82	17.27	1	1	1	0
20230405120349	18.16	0.82	-41.05	16.8	17.24	1	1	1	0
20230405120350	18.15	0.8	-41.29	16.8	17.24	1	1	1	0
20230405120351	18.13	0.8	-41.3	16.77	17.24	1	1	1	0
20230405120352	18.13	0.8	-41.3	16.77	17.21	1	1	1	0
20230405120353	18.09	0.82	-41.09	16.77	17.21	1	1	1	0
20230405120354	18.09	0.82	-41.09	16.77	17.21	1	1	1	0
20230405120355	18.09	0.84	-40.86	16.77	17.21	1	1	1	0
20230405120356	18.09	0.76	-41.81	16.77	17.21	1	1	1	0
20230405120357	18.1	0.84	-40.85	16.74	17.18	1	1	1	0
20230405120359	18.08	0.84	-40.86	16.74	17.21	1	1	1	0
20230405120400	18.08	0.84	-40.86	16.72	17.18	1	1	1	0
20230405120401	18.09	0.8	-41.32	16.72	17.18	1	1	1	0
20230405120402	18.08	0.78	-41.57	16.72	17.15	1	1	1	0
20230405120403	18.05	0.8	-41.35	16.74	17.18	1	1	1	0
20230405120404	18.03	0.8	-41.36	16.74	17.18	1	1	1	0
20230405120405	18.05	0.8	-41.35	16.72	17.15	1	1	1	0
20230405120406	18.02	0.82	-41.13	16.69	17.15	1	1	1	0
20230405120408	18.03	0.8	-41.36	16.69	17.15	1	1	1	0
20230405120409	18.02	0.78	-41.6	16.69	17.12	1	1	1	0
20230405120410	18.0	0.85	-40.8	16.69	17.15	1	1	1	0
20230405120411	18.0	0.87	-40.58	16.66	17.12	1	1	1	0
20230405120412	17.99	0.8	-41.38	16.66	17.09	1	1	1	0
20230405120413	18.0	0.85	-40.8	16.66	17.09	1	1	1	0
20230405120414	17.99	0.78	-41.62	16.69	17.12	1	1	1	0
20230405120415	17.98	0.78	-41.63	16.69	17.09	1	1	1	0
20230405120416	17.98	0.78	-41.63	16.64	17.09	1	1	1	0
20230405120418	17.95	0.85	-40.83	16.66	17.09	1	1	1	0
20230405120419	17.96	0.83	-41.05	16.66	17.09	1	1	1	0
20230405120420	17.95	0.8	-41.41	16.64	17.09	1	1	1	0
20230405120421	17.95	0.76	-41.89	16.64	17.09	1	1	1	0
20230405120422	17.95	0.78	-41.65	16.64	17.12	1	1	1	0
20230405120423	17.96	0.8	-41.4	16.64	17.09	1	1	1	0
20230405120424	17.92	0.79	-41.54	16.61	17.09	1	1	1	0
20230405120425	17.92	0.76	-41.91	16.61	17.03	1	1	1	0
20230405120427	17.95	0.8	-41.41	16.59	17.09	1	1	1	0
20230405120428	17.92	0.81	-41.31	16.64	17.06	1	1	1	0
20230405120429	17.9	0.83	-41.09	16.61	17.03	1	1	1	0
20230405120430	17.92	0.85	-40.85	16.59	17.03	1	1	1	0
20230405120431	17.9	0.75	-42.05	16.59	17.03	1	1	1	0
20230405120432	17.9	0.83	-41.09	16.56	17.0	1	1	1	0
20230405120433	17.9	0.87	-40.64	16.56	17.0	1	1	1	0
20230405120434	17.89	0.78	-41.68	16.59	17.0	1	1	1	0
20230405120435	17.89	0.78	-41.68	16.56	16.97	1	1	1	0
20230405120437	17.88	0.85	-40.87	16.56	17.0	1	1	1	0
20230405120438	17.86	0.77	-41.82	16.53	16.97	1	1	1	0
20230405120439	17.85	0.81	-41.35	16.53	16.97	1	1	1	0
20230405120440	17.86	0.83	-41.11	16.53	16.97	1	1	1	0
20230405120441	17.85	0.87	-40.67	16.53	16.97	1	1	1	0
20230405120442	17.85	0.85	-40.89	16.51	17.0	1	1	1	0
20230405120443	17.86	0.77	-41.82	16.51	16.97	1	1	1	0
20230405120444	17.85	0.77	-41.83	16.53	17.0	1	1	1	0
20230405120446	17.82	0.81	-41.37	16.48	16.97	1	1	1	0
20230405120447	17.83	0.81	-41.36	16.48	16.93	1	1	1	0
20230405120448	17.79	0.83	-41.15	16.48	16.93	1	1	1	0
20230405120449	17.79	0.79	-41.62	16.48	16.93	1	1	1	0
20230405120450	17.8	0.81	-41.38	16.45	16.9	1	1	1	0
20230405120451	17.79	0.75	-42.11	16.48	16.93	1	1	1	0
20230405120452	17.78	0.77	-41.87	16.45	16.9	1	1	1	0
20230405120453	17.79	0.83	-41.15	16.48	16.93	1	1	1	0
20230405120455	17.76	0.75	-42.13	16.45	16.9	1	1	1	0
20230405120456	17.79	0.79	-41.62	16.45	16.9	1	1	1	0
20230405120457	17.76	0.85	-40.94	16.48	16.9	1	1	1	0
20230405120458	17.78	0.75	-42.12	16.45	16.9	1	1	1	0
20230405120459	17.76	0.81	-41.4	16.45	16.87	1	1	1	0
20230405120500	17.76	0.81	-41.4	16.43	16.87	1	1	1	0
20230405120501	17.72	0.79	-41.66	16.43	16.87	1	1	1	0
20230405120502	17.75	0.77	-41.89	16.43	16.87	1	1	1	0
20230405120503	17.75	0.77	-41.89	16.4	16.84	1	1	1	0
20230405120505	17.72	0.86	-40.85	16.43	16.84	1	1	1	0
20230405120506	17.75	0.81	-41.41	16.43	16.87	1	1	1	0
20230405120507	17.69	0.77	-41.92	16.4	16.81	1	1	1	0
20230405120508	17.69	0.84	-41.1	16.4	16.81	1	1	1	0
20230405120509	17.7	0.83	-41.21	16.37	16.84	1	1	1	0
20230405120510	17.7	0.81	-41.44	16.37	16.81	1	1	1	0
20230405120511	17.72	0.79	-41.66	16.37	16.81	1	1	1	0
20230405120512	17.7	0.81	-41.44	16.4	16.87	1	1	1	0
20230405120514	17.7	0.77	-41.92	16.4	16.81	1	1	1	0
20230405120515	17.68	0.79	-41.69	16.4	16.84	1	1	1	0
20230405120516	17.69	0.79	-41.68	16.35	16.84	1	1	1	0
20230405120517	17.69	0.81	-41.44	16.37	16.81	1	1	1	0
20230405120518	17.66	0.82	-41.34	16.35	16.81	1	1	1	0
20230405120519	17.66	0.79	-41.7	16.35	16.78	1	1	1	0
20230405120520	17.68	0.81	-41.45	16.35	16.81	1	1	1	0
20230405120521	17.65	0.81	-41.47	16.4	16.84	1	1	1	0
20230405120522	17.66	0.84	-41.12	16.35	16.78	1	1	1	0
20230405120524	17.65	0.79	-41.7	16.35	16.78	1	1	1	0
20230405120525	17.66	0.79	-41.7	16.35	16.81	1	1	1	0
20230405120526	17.65	0.75	-42.19	16.35	16.78	1	1	1	0
20230405120527	17.65	0.82	-41.35	16.37	16.81	1	1	1	0
20230405120528	17.64	0.77	-41.95	16.35	16.78	1	1	1	0
20230405120529	17.64	0.82	-41.36	16.35	16.78	1	1	1	0
20230405120530	17.62	0.84	-41.14	16.35	16.78	1	1	1	0
20230405120531	17.62	0.78	-41.84	16.35	16.75	1	1	1	0
20230405120533	17.62	0.82	-41.37	16.32	16.75	1	1	1	0
20230405120534	17.64	0.81	-41.47	16.32	16.75	1	1	1	0
20230405120535	17.62	0.84	-41.14	16.32	16.78	1	1	1	0
20230405120536	17.59	0.8	-41.62	16.32	16.75	1	1	1	0
20230405120537	17.59	0.8	-41.62	16.3	16.75	1	1	1	0
20230405120538	17.58	0.82	-41.39	16.32	16.75	1	1	1	0
20230405120539	17.59	0.74	-42.36	16.3	16.72	1	1	1	0
20230405120540	17.59	0.78	-41.86	16.32	16.75	1	1	1	0
20230405120542	17.58	0.84	-41.16	16.27	16.72	1	1	1	0
20230405120543	17.58	0.78	-41.87	16.3	16.72	1	1	1	0
20230405120544	17.58	0.78	-41.87	16.32	16.75	1	1	1	0
20230405120545	17.56	0.8	-41.64	16.27	16.69	1	1	1	0
20230405120546	17.56	0.84	-41.18	16.3	16.75	1	1	1	0
20230405120547	17.56	0.76	-42.12	16.24	16.69	1	1	1	0
20230405120548	17.56	0.8	-41.64	16.24	16.69	1	1	1	0
20230405120549	17.55	0.7	-42.9	16.27	16.72	1	1	1	0
20230405120550	17.55	0.8	-41.64	16.24	16.69	1	1	1	0
20230405120552	17.54	0.78	-41.89	16.24	16.69	1	1	1	0
20230405120553	17.55	0.78	-41.88	16.22	16.66	1	1	1	0
20230405120554	17.52	0.78	-41.9	16.24	16.72	1	1	1	0
20230405120555	17.54	0.76	-42.14	16.22	16.66	1	1	1	0
20230405120556	17.54	0.8	-41.65	16.22	16.66	1	1	1	0
20230405120557	17.52	0.74	-42.4	16.24	16.69	1	1	1	0
20230405120558	17.51	0.76	-42.15	16.22	16.66	1	1	1	0
20230405120559	17.51	0.84	-41.21	16.24	16.66	1	1	1	0
20230405120601	17.49	0.78	-41.92	16.24	16.66	1	1	1	0
20230405120602	17.49	0.74	-42.42	16.22	16.66	1	1	1	0
20230405120603	17.48	0.82	-41.45	16.19	16.63	1	1	1	0
20230405120604	17.49	0.8	-41.68	16.22	16.66	1	1	1	0
20230405120605	17.49	0.82	-41.45	16.19	16.63	1	1	1	0
20230405120606	17.48	0.82	-41.45	16.19	16.66	1	1	1	0
20230405120607	17.47	0.78	-41.93	16.16	16.6	1	1	1	0
20230405120608	17.47	0.76	-42.18	16.22	16.63	1	1	1	0
20230405120610	17.47	0.78	-41.93	16.19	16.6	1	1	1	0
20230405120611	17.44	0.87	-40.91	16.16	16.6	1	1	1	0
20230405120612	17.45	0.82	-41.47	16.19	16.63	1	1	1	0
20230405120613	17.47	0.82	-41.46	16.16	16.6	1	1	1	0
20230405120614	17.47	0.7	-42.95	16.16	16.6	1	1	1	0
20230405120615	17.44	0.78	-41.95	16.16	16.6	1	1	1	0
20230405120616	17.47	0.78	-41.93	16.16	16.57	1	1	1	0
20230405120617	17.44	0.82	-41.48	16.16	16.6	1	1	1	0
20230405120618	17.42	0.78	-41.96	16.19	16.6	1	1	1	0
20230405120620	17.41	0.83	-41.38	16.16	16.57	1	1	1	0
20230405120621	17.44	0.82	-41.48	16.16	16.6	1	1	1	0
20230405120622	17.42	0.76	-42.21	16.14	16.6	1	1	1	0
20230405120623	17.41	0.76	-42.21	16.14	16.57	1	1	1	0
20230405120624	17.45	0.76	-42.19	16.14	16.57	1	1	1	0
20230405120625	17.39	0.78	-41.98	16.16	16.57	1	1	1	0
20230405120626	17.39	0.83	-41.39	16.14	16.57	1	1	1	0
20230405120627	17.38	0.76	-42.23	16.16	16.6	1	1	1	0
20230405120629	17.41	0.78	-41.97	16.14	16.57	1	1	1	0
20230405120630	17.39	0.76	-42.22	16.14	16.6	1	1	1	0
20230405120631	17.39	0.78	-41.98	16.11	16.57	1	1	1	0
20230405120632	17.38	0.8	-41.75	16.14	16.6	1	1	1	0
20230405120633	17.39	0.78	-41.98	16.14	16.6	1	1	1	0
20230405120634	17.41	0.82	-41.49	16.14	16.57	1	1	1	0
20230405120635	17.37	0.78	-41.99	16.11	16.57	1	1	1	0
20230405120636	17.35	0.8	-41.76	16.11	16.6	1	1	1	0
20230405120637	17.38	0.81	-41.63	16.11	16.57	1	1	1	0
20230405120639	17.38	0.8	-41.75	16.11	16.57	1	1	1	0
20230405120640	17.37	0.81	-41.63	16.14	16.54	1	1	1	0
20230405120641	17.38	0.78	-41.99	16.11	16.57	1	1	1	0
20230405120642	17.35	0.74	-42.5	16.11	16.54	1	1	1	0
20230405120643	17.35	0.78	-42.0	16.14	16.57	1	1	1	0
20230405120644	17.35	0.76	-42.25	16.11	16.57	1	1	1	0
20230405120645	17.33	0.81	-41.66	16.11	16.54	1	1	1	0
20230405120646	17.33	0.79	-41.9	16.11	16.54	1	1	1	0
20230405120648	17.37	0.8	-41.75	16.11	16.57	1	1	1	0
20230405120649	17.33	0.83	-41.43	16.09	16.54	1	1	1	0
20230405120650	17.34	0.78	-42.01	16.06	16.51	1	1	1	0
20230405120651	17.33	0.79	-41.9	16.09	16.54	1	1	1	0
20230405120652	17.34	0.78	-42.01	16.09	16.51	1	1	1	0
20230405120653	17.33	0.85	-41.2	16.09	16.48	1	1	1	0
20230405120654	17.34	0.74	-42.51	16.06	16.48	1	1	1	0
20230405120655	17.33	0.78	-42.02	16.09	16.51	1	1	1	0
20230405120657	17.31	0.79	-41.91	16.06	16.51	1	1	1	0
20230405120658	17.3	0.79	-41.91	16.06	16.51	1	1	1	0
20230405120659	17.31	0.78	-42.03	16.03	16.48	1	1	1	0
20230405120700	17.31	0.81	-41.67	16.03	16.45	1	1	1	0
20230405120701	17.31	0.76	-42.27	16.06	16.51	1	1	1	0
20230405120702	17.28	0.79	-41.92	16.01	16.48	1	1	1	0
20230405120703	17.3	0.81	-41.68	16.01	16.45	1	1	1	0
20230405120704	17.28	0.78	-42.05	16.01	16.48	1	1	1	0
20230405120705	17.27	0.83	-41.46	16.06	16.45	1	1	1	0
20230405120707	17.28	0.76	-42.29	16.03	16.45	1	1	1	0
20230405120708	17.28	0.78	-42.05	16.03	16.48	1	1	1	0
20230405120709	17.3	0.81	-41.68	16.03	16.48	1	1	1	0
20230405120710	17.24	0.71	-42.95	16.01	16.48	1	1	1	0
20230405120711	17.27	0.81	-41.69	16.03	16.48	1	1	1	0
20230405120712	17.27	0.78	-42.05	16.01	16.45	1	1	1	0
20230405120713	17.24	0.73	-42.69	16.03	16.48	1	1	1	0
20230405120714	17.25	0.76	-42.31	16.03	16.48	1	1	1	0
20230405120716	17.23	0.81	-41.72	16.01	16.45	1	1	1	0
20230405120717	17.24	0.81	-41.71	16.01	16.45	1	1	1	0
20230405120718	17.23	0.76	-42.32	16.03	16.48	1	1	1	0
20230405120719	17.25	0.73	-42.69	16.03	16.45	1	1	1	0
20230405120720	17.25	0.73	-42.69	16.03	16.48	1	1	1	0
20230405120721	17.23	0.77	-42.2	16.01	16.45	1	1	1	0
20230405120722	17.24	0.83	-41.48	16.03	16.48	1	1	1	0
20230405120723	17.25	0.7	-43.08	16.03	16.48	1	1	1	0
20230405120724	17.24	0.76	-42.31	16.03	16.45	1	1	1	0
20230405120726	17.21	0.81	-41.73	16.01	16.45	1	1	1	0
20230405120727	17.24	0.83	-41.48	16.03	16.42	1	1	1	0
20230405120728	17.24	0.85	-41.25	16.01	16.42	1	1	1	0
20230405120729	17.19	0.75	-42.47	16.03	16.45	1	1	1	0
20230405120730	17.19	0.75	-42.47	16.03	16.45	1	1	1	0
20230405120731	17.19	0.79	-41.98	16.01	16.48	1	1	1	0
20230405120732	17.19	0.81	-41.74	16.01	16.42	1	1	1	0
20230405120733	17.21	0.81	-41.73	16.03	16.45	1	1	1	0
20230405120734	17.19	0.77	-42.22	16.03	16.45	1	1	1	0
20230405120736	17.19	0.75	-42.47	15.98	16.42	1	1	1	0
20230405120737	17.23	0.85	-41.26	16.01	16.45	1	1	1	0
20230405120738	17.18	0.75	-42.47	16.01	16.42	1	1	1	0
20230405120739	17.18	0.79	-41.98	16.01	16.45	1	1	1	0
20230405120740	17.18	0.77	-42.23	16.01	16.39	1	1	1	0
20230405120741	17.19	0.73	-42.72	15.98	16.42	1	1	1	0
20230405120742	17.18	0.83	-41.52	15.96	16.39	1	1	1	0
20230405120743	17.17	0.75	-42.48	16.01	16.42	1	1	1	0
20230405120745	17.17	0.77	-42.23	15.98	16.39	1	1	1	0
20230405120746	17.18	0.71	-42.99	15.98	16.39	1	1	1	0
20230405120747	17.17	0.77	-42.23	15.96	16.39	1	1	1	0
20230405120748	17.17	0.79	-41.99	15.98	16.39	1	1	1	0
20230405120749	17.17	0.83	-41.52	15.98	16.42	1	1	1	0
20230405120750	17.15	0.79	-42.0	15.98	16.42	1	1	1	0
20230405120751	17.15	0.79	-42.0	15.93	16.36	1	1	1	0
20230405120752	17.17	0.77	-42.23	15.96	16.39	1	1	1	0
20230405120753	17.14	0.71	-43.01	15.96	16.36	1	1	1	0
20230405120755	17.15	0.81	-41.77	15.96	16.39	1	1	1	0
20230405120756	17.15	0.77	-42.24	15.96	16.36	1	1	1	0
20230405120757	17.13	0.79	-42.01	15.9	16.39	1	1	1	0
20230405120758	17.14	0.83	-41.54	15.96	16.36	1	1	1	0
20230405120759	17.13	0.81	-41.78	15.93	16.33	1	1	1	0
20230405120800	17.13	0.77	-42.26	15.96	16.36	1	1	1	0
20230405120801	17.13	0.79	-42.01	15.93	16.33	1	1	1	0
20230405120802	17.13	0.77	-42.26	15.93	16.36	1	1	1	0
20230405120804	17.11	0.75	-42.52	15.93	16.36	1	1	1	0
20230405120805	17.11	0.73	-42.77	15.9	16.36	1	1	1	0
20230405120806	17.1	0.79	-42.03	15.93	16.36	1	1	1	0
20230405120807	17.11	0.79	-42.03	15.9	16.33	1	1	1	0
20230405120808	17.13	0.84	-41.43	15.9	16.33	1	1	1	0
20230405120809	17.11	0.84	-41.45	15.9	16.33	1	1	1	0
20230405120810	17.1	0.77	-42.27	15.9	16.33	1	1	1	0
20230405120811	17.11	0.75	-42.52	15.93	16.36	1	1	1	0
20230405120813	17.1	0.73	-42.78	15.93	16.36	1	1	1	0
20230405120814	17.1	0.83	-41.57	15.93	16.36	1	1	1	0
20230405120815	17.08	0.77	-42.29	15.93	16.36	1	1	1	0
20230405120816	17.1	0.73	-42.78	15.9	16.36	1	1	1	0
20230405120817	17.07	0.71	-43.05	15.9	16.33	1	1	1	0
20230405120818	17.07	0.75	-42.54	15.9	16.33	1	1	1	0
20230405120819	17.08	0.83	-41.58	15.9	16.33	1	1	1	0
20230405120820	17.07	0.82	-41.7	15.93	16.36	1	1	1	0
20230405120821	17.07	0.77	-42.29	15.93	16.36	1	1	1	0
20230405120823	17.08	0.81	-41.81	15.9	16.33	1	1	1	0
20230405120824	17.07	0.79	-42.05	15.9	16.33	1	1	1	0
20230405120825	17.08	0.77	-42.29	15.9	16.33	1	1	1	0
20230405120826	17.07	0.79	-42.05	15.93	16.36	1	1	1	0
20230405120827	17.05	0.79	-42.06	15.93	16.36	1	1	1	0
20230405120828	17.08	0.73	-42.79	15.93	16.33	1	1	1	0
20230405120829	17.07	0.75	-42.54	15.9	16.33	1	1	1	0
20230405120830	17.05	0.81	-41.83	15.93	16.36	1	1	1	0
20230405120832	17.04	0.75	-42.56	15.93	16.33	1	1	1	0
20230405120833	17.05	0.79	-42.06	15.9	16.3	1	1	1	0
20230405120834	17.03	0.77	-42.32	15.9	16.33	1	1	1	0
20230405120835	17.04	0.79	-42.07	15.9	16.33	1	1	1	0
20230405120836	17.04	0.81	-41.83	15.9	16.3	1	1	1	0
20230405120837	17.04	0.79	-42.07	15.93	16.33	1	1	1	0
20230405120838	17.03	0.77	-42.32	15.9	16.3	1	1	1	0
20230405120839	17.07	0.77	-42.29	15.9	16.33	1	1	1	0
20230405120841	17.03	0.78	-42.19	15.9	16.33	1	1	1	0
20230405120842	17.03	0.81	-41.84	15.9	16.33	1	1	1	0
20230405120843	17.04	0.71	-43.07	15.88	16.33	1	1	1	0
20230405120844	17.04	0.81	-41.83	15.88	16.3	1	1	1	0
20230405120845	17.03	0.77	-42.32	15.85	16.27	1	1	1	0
20230405120846	17.01	0.75	-42.58	15.85	16.3	1	1	1	0
20230405120847	17.03	0.81	-41.84	15.85	16.27	1	1	1	0
20230405120848	17.03	0.77	-42.32	15.88	16.27	1	1	1	0
20230405120849	17.01	0.8	-41.97	15.85	16.3	1	1	1	0
20230405120851	17.03	0.77	-42.32	15.85	16.3	1	1	1	0
20230405120852	17.01	0.75	-42.58	15.85	16.3	1	1	1	0
20230405120853	17.01	0.8	-41.97	15.85	16.27	1	1	1	0
20230405120854	17.03	0.81	-41.84	15.85	16.27	1	1	1	0
20230405120855	17.03	0.81	-41.84	15.82	16.24	1	1	1	0
20230405120856	17.01	0.78	-42.21	15.82	16.21	1	1	1	0
20230405120857	17.0	0.75	-42.58	15.85	16.27	1	1	1	0
20230405120858	16.98	0.75	-42.59	15.82	16.24	1	1	1	0
20230405120900	17.01	0.82	-41.73	15.82	16.27	1	1	1	0
20230405120901	17.01	0.75	-42.58	15.82	16.24	1	1	1	0
20230405120902	16.98	0.77	-42.35	15.82	16.24	1	1	1	0
20230405120903	17.0	0.8	-41.97	15.82	16.24	1	1	1	0
20230405120904	16.98	0.77	-42.35	15.8	16.21	1	1	1	0
20230405120905	17.01	0.75	-42.58	15.8	16.21	1	1	1	0
20230405120906	16.97	0.77	-42.35	15.85	16.24	1	1	1	0
20230405120907	16.98	0.71	-43.11	15.82	16.24	1	1	1	0
20230405120908	16.98	0.8	-41.99	15.82	16.24	1	1	1	0
20230405120910	16.98	0.8	-41.99	15.8	16.21	1	1	1	0
20230405120911	16.97	0.77	-42.35	15.82	16.24	1	1	1	0
20230405120912	16.94	0.69	-43.4	15.8	16.24	1	1	1	0
20230405120913	16.94	0.76	-42.49	15.82	16.21	1	1	1	0
20230405120914	16.97	0.78	-42.23	15.82	16.24	1	1	1	0
20230405120915	16.95	0.75	-42.61	15.8	16.21	1	1	1	0
20230405120916	16.95	0.8	-42.0	15.82	16.21	1	1	1	0
20230405120917	16.98	0.72	-42.98	15.82	16.24	1	1	1	0
20230405120919	16.98	0.72	-42.98	15.82	16.24	1	1	1	0
20230405120920	16.94	0.76	-42.49	15.82	16.24	1	1	1	0
20230405120921	16.95	0.75	-42.61	15.8	16.21	1	1	1	0
20230405120922	16.94	0.75	-42.62	15.8	16.24	1	1	1	0
20230405120923	16.95	0.75	-42.61	15.82	16.24	1	1	1	0
20230405120924	16.95	0.75	-42.61	15.82	16.21	1	1	1	0
20230405120925	16.97	0.82	-41.76	15.8	16.21	1	1	1	0
20230405120926	16.94	0.78	-42.25	15.82	16.24	1	1	1	0
20230405120927	16.97	0.77	-42.35	15.82	16.24	1	1	1	0
20230405120929	16.94	0.76	-42.49	15.8	16.24	1	1	1	0
20230405120930	16.94	0.82	-41.78	15.82	16.24	1	1	1	0
20230405120931	16.94	0.76	-42.49	15.8	16.21	1	1	1	0
20230405120932	16.94	0.84	-41.55	15.82	16.24	1	1	1	0
20230405120933	16.95	0.76	-42.49	15.82	16.21	1	1	1	0
20230405120934	16.94	0.75	-42.62	15.82	16.24	1	1	1	0
20230405120935	16.95	0.76	-42.49	15.82	16.24	1	1	1	0
20230405120936	16.93	0.78	-42.25	15.82	16.27	1	1	1	0
20230405120938	16.93	0.78	-42.25	15.82	16.24	1	1	1	0
20230405120939	16.93	0.78	-42.25	15.82	16.24	1	1	1	0
20230405120940	16.93	0.76	-42.5	15.82	16.21	1	1	1	0
20230405120941	16.93	0.76	-42.5	15.8	16.21	1	1	1	0
20230405120942	16.93	0.75	-42.62	15.82	16.24	1	1	1	0
20230405120943	16.91	0.8	-42.03	15.8	16.21	1	1	1	0
20230405120944	16.93	0.78	-42.25	15.8	16.21	1	1	1	0
20230405120945	16.93	0.82	-41.78	15.82	16.21	1	1	1	0
20230405120947	16.93	0.78	-42.25	15.8	16.21	1	1	1	0
20230405120948	16.91	0.8	-42.03	15.8	16.21	1	1	1	0
20230405120949	16.91	0.7	-43.28	15.77	16.18	1	1	1	0
20230405120950	16.91	0.76	-42.51	15.8	16.21	1	1	1	0
20230405120951	16.91	0.78	-42.27	15.75	16.18	1	1	1	0
20230405120952	16.9	0.76	-42.52	15.77	16.21	1	1	1	0
20230405120953	16.9	0.74	-42.77	15.77	16.18	1	1	1	0
20230405120954	16.9	0.76	-42.52	15.8	16.18	1	1	1	0
20230405120955	16.9	0.74	-42.77	15.8	16.18	1	1	1	0
20230405120957	16.88	0.76	-42.53	15.77	16.18	1	1	1	0
20230405120958	16.9	0.74	-42.77	15.77	16.18	1	1	1	0
20230405120959	16.87	0.68	-43.57	15.77	16.18	1	1	1	0
20230405121000	16.88	0.76	-42.53	15.75	16.15	1	1	1	0
20230405121001	16.88	0.74	-42.78	15.77	16.15	1	1	1	0
20230405121002	16.87	0.82	-41.82	15.75	16.18	1	1	1	0
20230405121003	16.87	0.74	-42.78	15.77	16.18	1	1	1	0
20230405121004	16.87	0.74	-42.78	15.77	16.18	1	1	1	0
20230405121006	16.88	0.74	-42.78	15.75	16.18	1	1	1	0
20230405121007	16.87	0.8	-42.05	15.77	16.15	1	1	1	0
20230405121008	16.86	0.74	-42.79	15.77	16.15	1	1	1	0
20230405121009	16.86	0.74	-42.79	15.75	16.15	1	1	1	0
20230405121010	16.86	0.72	-43.05	15.75	16.18	1	1	1	0
20230405121011	16.87	0.78	-42.29	15.75	16.18	1	1	1	0
20230405121012	16.86	0.74	-42.79	15.75	16.18	1	1	1	0
20230405121013	16.86	0.78	-42.3	15.75	16.12	1	1	1	0
20230405121014	16.84	0.78	-42.31	15.77	16.15	1	1	1	0
20230405121016	16.84	0.78	-42.31	15.72	16.15	1	1	1	0
20230405121017	16.87	0.78	-42.29	15.77	16.15	1	1	1	0
20230405121018	16.86	0.74	-42.79	15.77	16.15	1	1	1	0
20230405121019	16.87	0.82	-41.82	15.75	16.15	1	1	1	0
20230405121020	16.86	0.72	-43.05	15.75	16.15	1	1	1	0
20230405121021	16.86	0.72	-43.05	15.75	16.15	1	1	1	0
20230405121022	16.86	0.78	-42.3	15.75	16.18	1	1	1	0
20230405121023	16.86	0.78	-42.3	15.77	16.15	1	1	1	0
20230405121025	16.83	0.72	-43.06	15.77	16.15	1	1	1	0
20230405121026	16.84	0.76	-42.55	15.75	16.18	1	1	1	0
20230405121027	16.86	0.74	-42.79	15.75	16.18	1	1	1	0
20230405121028	16.86	0.76	-42.54	15.77	16.15	1	1	1	0
20230405121029	16.84	0.72	-43.06	15.75	16.18	1	1	1	0
20230405121030	16.86	0.76	-42.54	15.75	16.15	1	1	1	0
20230405121031	16.84	0.78	-42.31	15.77	16.15	1	1	1	0
20230405121032	16.84	0.7	-43.32	15.72	16.15	1	1	1	0
20230405121034	16.84	0.78	-42.31	15.75	16.15	1	1	1	0
20230405121035	16.83	0.78	-42.31	15.75	16.12	1	1	1	0
20230405121036	16.84	0.76	-42.55	15.72	16.12	1	1	1	0
20230405121037	16.84	0.83	-41.72	15.75	16.15	1	1	1	0
20230405121038	16.84	0.76	-42.55	15.75	16.15	1	1	1	0
20230405121039	16.84	0.76	-42.55	15.75	16.12	1	1	1	0
20230405121040	16.82	0.76	-42.56	15.72	16.12	1	1	1	0
20230405121041	16.83	0.7	-43.33	15.75	16.12	1	1	1	0
20230405121042	16.83	0.76	-42.56	15.72	16.12	1	1	1	0
