EventTime	aTemp	RH	DP	cTemp	mTemp	sLid	sVacuu	sPressure	IsOkay
20230404154125	-3.5	0.73	-51.35	-24.76	10.06	1	1	1	1
20230404154126	-3.57	0.73	-51.39	-24.63	10.03	1	1	1	1
20230404154128	-3.58	0.73	-51.4	-24.38	10.12	1	1	1	1
20230404154129	-3.62	0.69	-51.88	-24.07	10.23	1	1	1	1
20230404154130	-3.59	0.76	-51.09	-23.74	10.5	1	1	1	1
20230404154131	-3.59	0.75	-51.19	-23.39	10.7	1	1	1	1
20230404154132	-3.61	0.76	-51.1	-23.01	10.99	1	1	1	1
20230404154133	-3.62	0.71	-51.65	-22.66	11.25	1	1	1	1
20230404154134	-3.61	0.82	-50.49	-22.3	11.57	1	1	1	1
20230404154135	-3.59	0.73	-51.41	-21.92	11.89	1	1	1	1
20230404154136	-3.64	0.78	-50.91	-21.56	12.27	1	1	1	1
20230404154137	-3.61	0.74	-51.31	-21.18	12.63	1	1	1	1
20230404154139	-3.61	0.76	-51.1	-20.79	12.92	1	1	1	1
20230404154140	-3.59	0.78	-50.88	-20.42	13.33	1	1	1	1
20230404154141	-3.58	0.69	-51.85	-20.05	13.68	1	1	1	1
20230404154142	-3.59	0.73	-51.41	-19.72	14.13	1	1	1	1
20230404154143	-3.57	0.8	-50.66	-19.37	14.42	1	1	1	1
20230404154144	-3.57	0.76	-51.07	-18.99	14.84	1	1	1	1
20230404154145	-3.55	0.82	-50.45	-18.65	15.23	1	1	1	1
20230404154146	-3.54	0.8	-50.64	-18.31	15.58	1	1	1	1
20230404154147	-3.52	0.78	-50.83	-17.94	16.0	1	1	1	1
20230404154149	-3.52	0.78	-50.83	-17.59	16.3	1	1	1	1
20230404154150	-3.5	0.75	-51.13	-17.29	16.6	1	1	1	1
20230404154151	-3.45	0.77	-50.89	-16.96	17.0	1	1	1	1
20230404154152	-3.45	0.73	-51.31	-16.62	17.33	1	1	1	1
20230404154153	-3.47	0.73	-51.33	-16.31	17.66	1	1	1	1
20230404154154	-3.43	0.77	-50.87	-15.99	18.03	1	1	1	1
20230404154155	-3.43	0.75	-51.08	-15.68	18.33	1	1	1	1
20230404154156	-3.38	0.77	-50.84	-15.35	18.76	1	1	1	1
20230404154157	-3.34	0.77	-50.81	-15.08	19.01	1	1	1	1
20230404154159	-3.33	0.75	-51.02	-14.77	19.38	1	1	1	1
20230404154200	-3.3	0.77	-50.78	-14.47	19.69	1	1	1	1
20230404154201	-3.25	0.79	-50.54	-14.14	20.03	1	1	1	1
20230404154202	-3.21	0.76	-50.83	-13.85	20.31	1	1	1	1
20230404154203	-3.23	0.74	-51.06	-13.58	20.59	1	1	1	1
20230404154204	-3.18	0.81	-50.3	-13.29	20.94	1	1	1	1
20230404154205	-3.15	0.77	-50.68	-13.0	21.19	1	1	1	1
20230404154206	-3.13	0.76	-50.77	-12.73	21.54	1	1	1	1
20230404154207	-3.08	0.81	-50.23	-12.43	21.86	1	1	1	1
20230404154208	-3.05	0.76	-50.72	-12.15	22.11	1	1	1	1
20230404154210	-3.04	0.78	-50.5	-11.9	22.4	1	1	1	1
20230404154211	-2.99	0.76	-50.68	-11.59	22.72	1	1	1	1
20230404154212	-2.94	0.72	-51.08	-11.33	23.04	1	1	1	1
20230404154213	-2.96	0.72	-51.09	-11.07	23.3	1	1	1	1
20230404154214	-2.93	0.78	-50.43	-10.78	23.5	1	1	1	1
20230404154215	-2.9	0.78	-50.41	-10.52	24.02	1	1	1	1
20230404154216	-2.84	0.78	-50.37	-10.28	24.18	1	1	1	1
20230404154217	-2.8	0.8	-50.14	-10.01	24.54	1	1	1	1
20230404154218	-2.79	0.78	-50.33	-9.74	24.74	1	1	1	1
20230404154220	-2.74	0.82	-49.9	-9.52	24.97	1	1	1	1
20230404154221	-2.72	0.82	-49.88	-9.24	25.31	1	1	1	1
20230404154222	-2.68	0.78	-50.26	-9.02	25.64	1	1	1	1
20230404154223	-2.66	0.82	-49.84	-8.74	25.84	1	1	1	1
20230404154224	-2.63	0.86	-49.43	-8.51	26.21	1	1	1	1
20230404154225	-2.59	0.84	-49.6	-8.28	26.45	1	1	1	1
20230404154226	-2.58	0.88	-49.21	-8.08	26.65	1	1	1	1
20230404154227	-2.49	0.81	-49.83	-7.82	26.96	1	1	1	1
20230404154228	-2.49	0.83	-49.63	-7.62	27.06	1	1	1	1
20230404154229	-2.45	0.85	-49.41	-7.38	27.37	1	1	1	1
20230404154231	-2.41	0.74	-50.5	-7.14	27.54	1	1	1	1
20230404154232	-2.38	0.81	-49.75	-6.9	27.92	1	1	1	1
20230404154233	-2.35	0.83	-49.53	-6.69	28.24	1	1	1	1
20230404154234	-2.31	0.81	-49.7	-6.48	28.41	1	1	1	1
20230404154235	-2.29	0.87	-49.11	-6.26	28.69	1	1	1	1
20230404154236	-2.22	0.8	-49.74	-6.05	28.94	1	1	1	1
20230404154237	-2.19	0.81	-49.62	-5.86	28.94	1	1	1	1
20230404154238	-2.14	0.85	-49.2	-5.64	29.33	1	1	1	1
20230404154239	-2.14	0.76	-50.1	-5.45	29.5	1	1	1	1
20230404154241	-2.11	0.83	-49.37	-5.23	29.72	1	1	1	1
20230404154242	-2.05	0.78	-49.83	-5.07	30.0	1	1	1	1
20230404154243	-2.02	0.78	-49.81	-4.84	30.33	1	1	1	1
20230404154244	-1.98	0.75	-50.1	-4.68	30.44	1	1	1	1
20230404154245	-1.94	0.8	-49.55	-4.48	30.58	1	1	1	1
20230404154246	-1.92	0.8	-49.54	-4.28	30.91	1	1	1	1
20230404154247	-1.87	0.82	-49.3	-4.12	31.05	1	1	1	1
20230404154248	-1.84	0.9	-48.52	-3.92	31.24	1	1	1	1
20230404154249	-1.81	0.79	-49.57	-3.75	31.46	1	1	1	1
20230404154250	-1.77	0.86	-48.85	-3.58	31.68	1	1	1	1
20230404154252	-1.74	0.86	-48.83	-3.41	31.79	1	1	1	1
20230404154253	-1.7	0.9	-48.43	-3.2	32.09	1	1	1	1
20230404154254	-1.68	0.77	-49.69	-3.06	32.31	1	1	1	1
20230404154255	-1.63	0.85	-48.85	-2.89	32.46	1	1	1	1
20230404154256	-1.59	0.91	-48.26	-2.71	32.65	1	1	1	1
20230404154257	-1.52	0.85	-48.77	-2.57	32.8	1	1	1	1
20230404154258	-1.5	0.83	-48.95	-2.39	33.07	1	1	1	1
20230404154259	-1.46	0.87	-48.54	-2.21	33.22	1	1	1	1
20230404154300	-1.44	0.8	-49.21	-2.03	33.29	1	1	1	1
20230404154301	-1.42	0.85	-48.7	-1.89	33.56	1	1	1	1
20230404154303	-1.4	0.89	-48.31	-1.74	33.75	1	1	1	1
20230404154304	-1.33	0.84	-48.74	-1.56	34.02	1	1	1	1
20230404154305	-1.29	0.86	-48.52	-1.45	34.1	1	1	1	1
20230404154306	-1.26	0.88	-48.31	-1.26	34.29	1	1	1	1
20230404154307	-1.22	0.84	-48.66	-1.11	34.45	1	1	1	1
20230404154308	-1.19	0.84	-48.64	-1.0	34.53	1	1	1	1
20230404154309	-1.13	0.88	-48.22	-0.85	34.84	1	1	1	1
20230404154310	-1.11	0.83	-48.69	-0.7	35.04	1	1	1	1
20230404154311	-1.09	0.85	-48.48	-0.54	35.16	1	1	1	1
20230404154313	-1.05	0.87	-48.26	-0.43	35.23	1	1	1	1
20230404154314	-1.03	0.92	-47.79	-0.27	35.31	1	1	1	1
20230404154315	-0.98	0.87	-48.21	-0.12	35.51	1	1	1	1
20230404154316	-0.96	0.89	-48.01	0.0	35.75	1	1	1	1
20230404154317	-0.91	0.91	-47.79	0.16	36.03	1	1	1	1
20230404154318	-0.88	0.93	-47.59	0.28	36.19	1	1	1	1
20230404154319	-0.84	0.87	-48.12	0.4	36.23	1	1	1	1
20230404154320	-0.79	0.91	-47.71	0.56	36.27	1	1	1	1
20230404154321	-0.74	0.89	-47.86	0.64	36.48	1	1	1	1
20230404154323	-0.72	0.89	-47.85	0.76	36.72	1	1	1	1
20230404154324	-0.71	0.89	-47.84	0.92	36.96	1	1	1	1
20230404154325	-0.67	0.88	-47.91	1.04	37.09	1	1	1	1
20230404154326	-0.62	0.88	-47.87	1.13	37.17	1	1	1	1
20230404154327	-0.6	0.86	-48.05	1.25	37.42	1	1	1	1
20230404154328	-0.54	0.88	-47.82	1.41	37.5	1	1	1	1
20230404154329	-0.5	0.87	-47.89	1.54	37.54	1	1	1	1
20230404154330	-0.5	0.88	-47.79	1.62	37.71	1	1	1	1
20230404154331	-0.44	0.85	-48.04	1.79	37.87	1	1	1	1
20230404154333	-0.42	0.9	-47.55	1.88	37.92	1	1	1	1
20230404154334	-0.37	0.92	-47.33	1.96	38.21	1	1	1	1
20230404154335	-0.34	0.85	-47.97	2.09	38.25	1	1	1	1
20230404154336	-0.31	0.83	-48.14	2.18	38.29	1	1	1	1
20230404154337	-0.31	0.91	-47.38	2.3	38.38	1	1	1	1
20230404154338	-0.23	0.84	-47.99	2.39	38.55	1	1	1	1
20230404154339	-0.2	0.97	-46.78	2.52	38.59	1	1	1	1
20230404154340	-0.17	0.8	-48.35	2.61	38.84	1	1	1	1
20230404154341	-0.11	0.88	-47.53	2.7	38.97	1	1	1	1
20230404154342	-0.11	0.86	-47.72	2.83	39.06	1	1	1	1
20230404154344	-0.09	0.92	-47.14	2.92	39.23	1	1	1	1
20230404154345	-0.03	0.96	-46.75	3.05	39.44	1	1	1	1
20230404154346	-0.0	0.9	-51.29	3.09	39.49	1	1	1	1
20230404154347	0.01	0.92	-51.09	3.23	39.62	1	1	1	1
20230404154348	0.07	0.85	-51.73	3.32	39.79	1	1	1	1
20230404154349	0.11	0.92	-51.03	3.41	39.88	1	1	1	1
20230404154350	0.13	0.9	-51.2	3.5	39.92	1	1	1	1
20230404154351	0.15	0.83	-51.89	3.59	40.05	1	1	1	1
20230404154352	0.18	0.89	-51.27	3.68	40.14	1	1	1	1
20230404154353	0.21	0.87	-51.45	3.77	40.36	1	1	1	1
20230404154355	0.22	0.89	-51.24	3.87	40.36	1	1	1	1
20230404154356	0.28	0.91	-51.02	3.96	40.4	1	1	1	1
20230404154357	0.28	0.89	-51.21	4.05	40.53	1	1	1	1
20230404154358	0.37	0.91	-50.96	4.1	40.71	1	1	1	1
20230404154359	0.4	0.89	-51.13	4.19	40.8	1	1	1	1
20230404154400	0.42	0.93	-50.74	4.28	40.76	1	1	1	1
20230404154401	0.45	0.93	-50.72	4.38	40.93	1	1	1	1
20230404154402	0.48	0.92	-50.8	4.47	41.07	1	1	1	1
20230404154403	0.51	0.9	-50.97	4.57	41.07	1	1	1	1
20230404154405	0.54	0.93	-50.67	4.61	41.29	1	1	1	1
20230404154406	0.57	1.01	-49.93	4.71	41.29	1	1	1	1
20230404154407	0.57	0.94	-50.55	4.76	41.38	1	1	1	1
20230404154408	0.64	0.94	-50.51	4.9	41.61	1	1	1	1
20230404154409	0.68	0.98	-50.12	4.95	41.47	1	1	1	1
20230404154410	0.71	0.87	-51.14	5.0	41.79	1	1	1	1
20230404154411	0.72	0.89	-50.93	5.09	41.65	1	1	1	1
20230404154412	0.75	0.94	-50.44	5.19	41.92	1	1	1	1
20230404154413	0.78	0.94	-50.42	5.24	41.97	1	1	1	1
20230404154415	0.79	0.94	-50.42	5.34	42.01	1	1	1	1
20230404154416	0.85	0.94	-50.38	5.39	42.2	1	1	1	1
20230404154417	0.88	0.87	-51.03	5.49	42.34	1	1	1	1
20230404154418	0.92	0.99	-49.89	5.54	42.34	1	1	1	1
20230404154419	0.96	0.89	-50.78	5.59	42.52	1	1	1	1
20230404154420	0.98	0.93	-50.39	5.69	42.47	1	1	1	1
20230404154421	1.0	0.89	-50.76	5.74	42.61	1	1	1	1
20230404154422	1.0	0.93	-50.38	5.79	42.61	1	1	1	1
20230404154423	1.06	0.92	-50.44	5.89	42.75	1	1	1	1
20230404154424	1.09	0.92	-50.42	5.99	42.89	1	1	1	1
20230404154426	1.12	1.01	-49.59	6.04	42.89	1	1	1	1
20230404154427	1.15	0.94	-50.19	6.09	42.98	1	1	1	1
20230404154428	1.19	0.94	-50.17	6.19	43.12	1	1	1	1
20230404154429	1.22	0.96	-49.97	6.24	43.17	1	1	1	1
20230404154430	1.24	1.02	-49.42	6.29	43.17	1	1	1	1
20230404154431	1.27	0.92	-50.3	6.34	43.22	1	1	1	1
20230404154432	1.3	0.9	-50.48	6.39	43.4	1	1	1	1
20230404154433	1.32	0.98	-49.72	6.44	43.45	1	1	1	1
20230404154434	1.36	0.96	-49.88	6.55	43.36	1	1	1	1
20230404154435	1.39	0.98	-49.68	6.6	43.55	1	1	1	1
20230404154436	1.41	0.96	-49.85	6.65	43.78	1	1	1	1
20230404154438	1.41	0.93	-50.12	6.65	43.78	1	1	1	1
20230404154439	1.44	0.89	-50.49	6.76	43.97	1	1	1	1
20230404154440	1.47	0.94	-49.99	6.81	43.97	1	1	1	1
20230404154441	1.51	0.93	-50.06	6.86	43.97	1	1	1	1
20230404154442	1.54	0.87	-50.62	6.91	44.07	1	1	1	1
