EventTime	aTemp	RH	DP	cTemp	mTemp	sLid	sVacuu	sPressure	IsOkay
20230404125020	3.1	0.98	-48.61	0.6	1000.0	1	1	1	1
20230404125021	3.13	0.94	-48.96	0.6	1000.0	1	1	1	1
20230404125022	3.13	0.98	-48.59	0.6	1000.0	1	1	1	1
20230404125023	3.13	0.98	-48.59	0.64	1000.0	1	1	1	1
20230404125024	3.17	0.94	-48.93	0.64	1000.0	1	1	1	1
20230404125025	3.18	0.98	-48.56	0.68	1000.0	1	1	1	1
20230404125026	3.2	0.98	-48.55	0.68	1000.0	1	1	1	1
20230404125028	3.2	0.96	-48.73	0.68	1000.0	1	1	1	1
20230404125029	3.25	0.97	-48.61	0.68	1000.0	1	1	1	1
20230404125030	3.27	0.93	-48.97	0.72	1000.0	1	1	1	1
20230404125031	3.3	0.99	-48.4	0.68	1000.0	1	1	1	1
20230404125032	3.34	0.97	-48.55	0.68	1000.0	1	1	1	1
20230404125033	3.32	0.95	-48.75	0.76	1000.0	1	1	1	1
20230404125034	3.35	1.03	-48.01	0.76	1000.0	1	1	1	1
20230404125035	3.35	1.03	-48.01	0.72	1000.0	1	1	1	1
20230404125036	3.39	0.92	-48.99	0.72	1000.0	1	1	1	1
20230404125038	3.39	0.95	-48.7	0.72	1000.0	1	1	1	1
20230404125039	3.42	0.97	-48.5	0.76	1000.0	1	1	1	1
20230404125040	3.42	1.01	-48.14	0.76	1000.0	1	1	1	1
20230404125041	3.45	1.01	-48.13	0.8	1000.0	1	1	1	1
20230404125042	3.48	0.94	-48.74	0.8	1000.0	1	1	1	1
20230404125043	3.47	0.97	-48.47	0.8	1000.0	1	1	1	1
20230404125044	3.48	0.95	-48.65	0.8	1000.0	1	1	1	1
20230404125045	3.5	1.03	-47.92	0.84	1000.0	1	1	1	1
20230404125046	3.51	0.99	-48.27	0.84	1000.0	1	1	1	1
20230404125048	3.52	0.96	-48.53	0.84	1000.0	1	1	1	1
20230404125049	3.52	1.01	-48.08	0.84	1000.0	1	1	1	1
20230404125050	3.52	0.98	-48.35	0.88	1000.0	1	1	1	1
20230404125051	3.55	0.98	-48.33	0.92	1000.0	1	1	1	1
20230404125052	3.54	1.01	-48.07	0.92	1000.0	1	1	1	1
20230404125053	3.55	0.98	-48.33	0.92	1000.0	1	1	1	1
20230404125054	3.52	0.98	-48.35	0.92	1000.0	1	1	1	1
20230404125055	3.55	1.03	-47.89	0.92	1000.0	1	1	1	1
20230404125057	3.52	0.96	-48.53	0.92	1000.0	1	1	1	1
20230404125058	3.52	0.96	-48.53	0.92	1000.0	1	1	1	1
20230404125059	3.54	0.92	-48.89	0.92	1000.0	1	1	1	1
20230404125100	3.54	0.94	-48.7	0.8	1000.0	1	1	1	1
20230404125101	3.54	0.92	-48.89	0.68	1000.0	1	1	1	1
20230404125102	3.52	0.99	-48.26	0.48	1000.0	1	1	1	1
20230404125103	3.51	0.96	-48.54	0.28	1000.0	1	1	1	1
20230404125104	3.48	0.92	-48.93	0.04	1000.0	1	1	1	1
20230404125105	3.47	0.94	-48.75	-0.16	1000.0	1	1	1	1
20230404125107	3.47	0.95	-48.66	-0.35	1000.0	1	1	1	1
20230404125108	3.39	0.93	-48.89	-0.58	1000.0	1	1	1	1
20230404125109	3.38	0.93	-48.9	-0.81	1000.0	1	1	1	1
20230404125110	3.35	0.93	-48.92	-1.0	1000.0	1	1	1	1
20230404125111	3.32	0.93	-48.94	-1.19	1000.0	1	1	1	1
20230404125112	3.28	0.91	-49.15	-1.37	1000.0	1	1	1	1
20230404125113	3.24	0.93	-48.99	-1.59	1000.0	1	1	1	1
20230404125114	3.21	0.89	-49.39	-1.81	1000.0	1	1	1	1
20230404125115	3.18	0.94	-48.93	-2.0	1000.0	1	1	1	1
20230404125116	3.13	0.94	-48.96	-2.21	1000.0	1	1	1	1
20230404125118	3.11	0.96	-48.79	-2.43	1000.0	1	1	1	1
20230404125119	3.03	0.89	-49.5	-2.6	1000.0	1	1	1	1
20230404125120	2.97	0.94	-49.06	-2.82	1000.0	1	1	1	1
20230404125121	2.93	0.92	-49.27	-3.06	1000.0	1	1	1	1
20230404125122	2.9	0.97	-48.83	-3.2	1000.0	1	1	1	1
20230404125123	2.86	0.92	-49.32	-3.44	1000.0	1	1	1	1
20230404125124	2.81	0.92	-49.35	-3.61	1000.0	1	1	1	1
20230404125125	2.75	1.0	-48.65	-3.81	1000.0	1	1	1	1
20230404125127	2.72	0.93	-49.31	-4.05	1000.0	1	1	1	1
20230404125128	2.64	0.89	-49.74	-4.25	1000.0	1	1	1	1
20230404125129	2.59	0.96	-49.11	-4.41	1000.0	1	1	1	1
20230404125130	2.55	0.92	-49.51	-4.64	1000.0	1	1	1	1
20230404125131	2.52	0.89	-49.82	-4.81	1000.0	1	1	1	1
20230404125132	2.43	0.87	-50.07	-5.0	1000.0	1	1	1	1
20230404125133	2.39	0.92	-49.61	-5.13	1000.0	1	1	1	1
20230404125134	2.33	0.83	-50.54	-5.35	1000.0	1	1	1	1
20230404125135	2.3	0.92	-49.66	-5.58	1000.0	1	1	1	1
20230404125137	2.29	0.92	-49.67	-5.77	1000.0	1	1	1	1
20230404125138	2.15	0.95	-49.48	-5.92	1000.0	1	1	1	1
20230404125139	2.11	0.84	-50.57	-6.14	1000.0	1	1	1	1
20230404125140	2.06	0.89	-50.1	-6.32	1000.0	1	1	1	1
20230404125141	2.04	0.87	-50.31	-6.51	1000.0	1	1	1	1
20230404125142	1.97	0.83	-50.76	-6.69	1000.0	1	1	1	1
20230404125143	1.93	0.89	-50.18	-6.87	1000.0	1	1	1	1
20230404125144	1.86	0.85	-50.62	-7.05	1000.0	1	1	1	1
20230404125145	1.82	0.85	-50.65	-7.26	1000.0	1	1	1	1
20230404125147	1.73	0.83	-50.91	-7.41	1000.0	1	1	1	1
20230404125148	1.7	0.83	-50.93	-7.62	1000.0	1	1	1	1
20230404125149	1.65	0.88	-50.45	-7.79	1000.0	1	1	1	1
20230404125150	1.6	0.86	-50.68	-7.99	1000.0	1	1	1	1
20230404125151	1.55	0.88	-50.52	-8.17	1000.0	1	1	1	1
20230404125152	1.53	0.82	-51.14	-8.34	1000.0	1	1	1	1
20230404125153	1.46	0.82	-51.18	-8.54	1000.0	1	1	1	1
20230404125154	1.43	0.83	-51.1	-8.68	1000.0	1	1	1	1
20230404125156	1.32	0.83	-51.16	-8.85	1000.0	1	1	1	1
20230404125157	1.29	0.85	-50.98	-9.05	1000.0	1	1	1	1
20230404125158	1.24	0.83	-51.21	-9.24	1000.0	1	1	1	1
20230404125159	1.19	0.83	-51.24	-9.38	1000.0	1	1	1	1
20230404125200	1.13	0.84	-51.18	-9.57	1000.0	1	1	1	1
20230404125201	1.1	0.82	-51.4	-9.79	1000.0	1	1	1	1
20230404125202	1.06	0.73	-52.42	-9.95	1000.0	1	1	1	1
20230404125203	1.0	0.84	-51.26	-10.14	1000.0	1	1	1	1
20230404125204	0.93	0.84	-51.3	-10.28	1000.0	1	1	1	1
20230404125206	0.88	0.83	-51.43	-10.49	1000.0	1	1	1	1
20230404125207	0.79	0.83	-51.49	-10.62	1000.0	1	1	1	1
20230404125208	0.75	0.81	-51.72	-10.78	1000.0	1	1	1	1
20230404125209	0.71	0.87	-51.14	-10.97	1000.0	1	1	1	1
20230404125210	0.69	0.79	-51.97	-11.17	1000.0	1	1	1	1
20230404125211	0.65	0.87	-51.17	-11.3	1000.0	1	1	1	1
20230404125212	0.58	0.86	-51.32	-11.51	1000.0	1	1	1	1
20230404125213	0.55	0.75	-52.5	-11.64	1000.0	1	1	1	1
20230404125215	0.45	0.86	-51.4	-11.82	1000.0	1	1	1	1
20230404125216	0.42	0.84	-51.62	-12.0	1000.0	1	1	1	1
20230404125217	0.38	0.86	-51.44	-12.15	1000.0	1	1	1	1
20230404125218	0.34	0.8	-52.08	-12.33	1000.0	1	1	1	1
20230404125219	0.28	0.82	-51.91	-12.48	1000.0	1	1	1	1
20230404125220	0.25	0.82	-51.93	-12.65	1000.0	1	1	1	1
20230404125221	0.21	0.78	-52.38	-12.82	1000.0	1	1	1	1
20230404125222	0.14	0.78	-52.42	-13.0	1000.0	1	1	1	1
20230404125223	0.07	0.77	-52.57	-13.12	1000.0	1	1	1	1
20230404125225	0.03	0.79	-52.38	-13.29	1000.0	1	1	1	1
20230404125226	-0.0	0.84	-51.88	-13.46	1000.0	1	1	1	1
20230404125227	-0.07	0.77	-48.6	-13.61	1000.0	1	1	1	1
20230404125228	-0.11	0.84	-47.91	-13.75	1000.0	1	1	1	1
20230404125229	-0.16	0.78	-48.55	-13.92	1000.0	1	1	1	1
20230404125230	-0.2	0.78	-48.58	-14.09	1000.0	1	1	1	1
20230404125231	-0.23	0.76	-48.81	-14.23	1000.0	1	1	1	1
20230404125232	-0.27	0.76	-48.84	-14.42	1000.0	1	1	1	1
20230404125233	-0.34	0.7	-49.56	-14.56	1000.0	1	1	1	1
20230404125235	-0.41	0.76	-48.93	-14.73	1000.0	1	1	1	1
20230404125236	-0.44	0.74	-49.17	-14.89	1000.0	1	1	1	1
20230404125237	-0.48	0.74	-49.2	-15.03	1000.0	1	1	1	1
20230404125238	-0.53	0.72	-49.46	-15.17	1000.0	1	1	1	1
20230404125239	-0.54	0.77	-48.92	-15.31	1000.0	1	1	1	1
20230404125240	-0.6	0.81	-48.54	-15.49	1000.0	1	1	1	1
20230404125241	-0.64	0.77	-48.98	-15.65	1000.0	1	1	1	1
20230404125242	-0.74	0.78	-48.95	-15.79	1000.0	1	1	1	1
20230404125244	-0.78	0.78	-48.97	-15.93	1000.0	1	1	1	1
20230404125245	-0.81	0.75	-49.31	-16.11	1000.0	1	1	1	1
20230404125246	-0.85	0.72	-49.67	-16.27	1000.0	1	1	1	1
20230404125247	-0.89	0.78	-49.05	-16.38	1000.0	1	1	1	1
20230404125248	-0.91	0.74	-49.49	-16.53	1000.0	1	1	1	1
20230404125249	-0.98	0.72	-49.76	-16.69	1000.0	1	1	1	1
20230404125250	-0.99	0.7	-49.99	-16.85	1000.0	1	1	1	1
20230404125251	-1.03	0.7	-50.02	-16.98	1000.0	1	1	1	1
20230404125252	-1.11	0.79	-49.09	-17.13	1000.0	1	1	1	1
20230404125254	-1.16	0.73	-49.77	-17.27	1000.0	1	1	1	1
20230404125255	-1.19	0.79	-49.15	-17.42	1000.0	1	1	1	1
20230404125256	-1.26	0.79	-49.19	-17.57	1000.0	1	1	1	1
20230404125257	-1.29	0.75	-49.64	-17.72	1000.0	1	1	1	1
20230404125258	-1.35	0.8	-49.15	-17.85	1000.0	1	1	1	1
20230404125259	-1.36	0.75	-49.68	-18.01	1000.0	1	1	1	1
20230404125300	-1.42	0.76	-49.62	-18.14	1000.0	1	1	1	1
20230404125301	-1.5	0.72	-50.11	-18.29	1000.0	1	1	1	1
20230404125302	-1.52	0.72	-50.12	-18.41	1000.0	1	1	1	1
20230404125304	-1.54	0.76	-49.7	-18.59	1000.0	1	1	1	1
20230404125305	-1.59	0.78	-49.52	-18.73	1000.0	1	1	1	1
20230404125306	-1.64	0.77	-49.66	-18.86	1000.0	1	1	1	1
20230404125307	-1.67	0.7	-50.45	-19.03	1000.0	1	1	1	1
20230404125308	-1.7	0.76	-49.81	-19.16	1000.0	1	1	1	1
20230404125309	-1.73	0.75	-49.93	-19.28	1000.0	1	1	1	1
20230404125310	-1.83	0.73	-50.22	-19.43	1000.0	1	1	1	1
20230404125311	-1.84	0.68	-50.8	-19.6	1000.0	1	1	1	1
20230404125313	-1.91	0.71	-50.5	-19.74	1000.0	1	1	1	1
20230404125314	-1.94	0.71	-50.52	-19.87	1000.0	1	1	1	1
20230404125315	-1.99	0.67	-51.02	-20.01	1000.0	1	1	1	1
20230404125316	-2.02	0.69	-50.8	-20.12	1000.0	1	1	1	1
20230404125317	-2.07	0.67	-51.07	-20.26	1000.0	1	1	1	1
20230404125318	-2.12	0.67	-51.11	-20.42	1000.0	1	1	1	1
20230404125319	-2.14	0.65	-51.36	-20.53	1000.0	1	1	1	1
20230404125320	-2.24	0.74	-50.39	-20.67	1000.0	1	1	1	1
20230404125321	-2.27	0.67	-51.21	-20.81	1000.0	1	1	1	1
20230404125323	-2.34	0.68	-51.13	-20.96	1000.0	1	1	1	1
20230404125324	-2.35	0.61	-52.01	-21.08	1000.0	1	1	1	1
20230404125325	-2.42	0.7	-50.96	-21.22	1000.0	1	1	1	1
20230404125326	-2.45	0.77	-50.21	-21.34	1000.0	1	1	1	1
20230404125327	-2.45	0.74	-50.53	-21.48	1000.0	1	1	1	1
20230404125328	-2.49	0.68	-51.23	-21.64	1000.0	1	1	1	1
20230404125329	-2.55	0.72	-50.82	-21.76	1000.0	1	1	1	1
20230404125330	-2.63	0.66	-51.57	-21.9	1000.0	1	1	1	1
20230404125331	-2.69	0.69	-51.25	-22.02	1000.0	1	1	1	1
20230404125333	-2.72	0.71	-51.04	-22.16	1000.0	1	1	1	1
20230404125334	-2.76	0.66	-51.65	-22.28	1000.0	1	1	1	1
20230404125335	-2.79	0.69	-51.32	-22.4	1000.0	1	1	1	1
20230404125336	-2.83	0.67	-51.58	-22.54	1000.0	1	1	1	1
20230404125337	-2.87	0.64	-51.97	-22.66	1000.0	1	1	1	1
20230404125338	-2.94	0.67	-51.66	-22.8	1000.0	1	1	1	1
20230404125339	-3.03	0.7	-51.37	-22.98	1000.0	1	1	1	1
20230404125340	-3.04	0.65	-51.96	-23.07	1000.0	1	1	1	1
20230404125341	-3.1	0.68	-51.64	-23.23	1000.0	1	1	1	1
20230404125343	-3.14	0.65	-52.03	-23.35	1000.0	1	1	1	1
20230404125344	-3.2	0.72	-51.26	-23.48	1000.0	1	1	1	1
20230404125345	-3.24	0.65	-52.1	-23.58	1000.0	1	1	1	1
20230404125346	-3.28	0.73	-51.2	-23.72	1000.0	1	1	1	1
20230404125347	-3.31	0.66	-52.02	-23.84	1000.0	1	1	1	1
20230404125348	-3.41	0.77	-50.86	-23.95	1000.0	1	1	1	1
20230404125349	-3.47	0.67	-52.01	-24.11	1000.0	1	1	1	1
20230404125350	-3.48	0.69	-51.78	-24.22	1000.0	1	1	1	1
20230404125351	-3.54	0.65	-52.3	-24.36	1000.0	1	1	1	1
20230404125353	-3.59	0.69	-51.86	-24.46	1000.0	1	1	1	1
20230404125354	-3.61	0.62	-52.72	-24.61	1000.0	1	1	1	1
20230404125355	-3.66	0.71	-51.68	-24.71	1000.0	1	1	1	1
20230404125356	-3.69	0.61	-52.9	-24.84	1000.0	1	1	1	1
20230404125357	-3.72	0.67	-52.18	-24.94	1000.0	1	1	1	1
20230404125358	-3.8	0.58	-53.37	-25.07	1000.0	1	1	1	1
20230404125359	-3.85	0.65	-52.51	-25.21	1000.0	1	1	1	1
20230404125400	-3.88	0.65	-52.53	-25.34	1000.0	1	1	1	1
20230404125401	-3.95	0.66	-52.45	-25.47	1000.0	1	1	1	1
20230404125403	-3.96	0.63	-52.83	-25.57	1000.0	1	1	1	1
20230404125404	-4.02	0.7	-52.03	-25.68	1000.0	1	1	1	1
20230404125405	-4.07	0.66	-52.53	-25.84	1000.0	1	1	1	1
20230404125406	-4.13	0.64	-52.82	-25.95	1000.0	1	1	1	1
20230404125407	-4.14	0.64	-52.82	-26.08	1000.0	1	1	1	1
20230404125408	-4.23	0.66	-52.64	-26.18	1000.0	1	1	1	1
20230404125409	-4.29	0.71	-52.1	-26.29	1000.0	1	1	1	1
20230404125410	-4.34	0.62	-53.21	-26.42	1000.0	1	1	1	1
20230404125411	-4.38	0.71	-52.16	-26.54	1000.0	1	1	1	1
20230404125413	-4.41	0.69	-52.41	-26.67	1000.0	1	1	1	1
20230404125414	-4.44	0.61	-53.4	-26.78	1000.0	1	1	1	1
20230404125415	-4.5	0.63	-53.19	-26.88	1000.0	1	1	1	1
20230404125416	-4.51	0.67	-52.71	-27.03	1000.0	1	1	1	1
20230404125417	-4.6	0.63	-53.26	-27.12	1000.0	1	1	1	1
20230404125418	-4.65	0.57	-54.07	-27.27	1000.0	1	1	1	1
20230404125419	-4.68	0.66	-52.94	-27.37	1000.0	1	1	1	1
20230404125420	-4.73	0.63	-53.34	-27.48	1000.0	1	1	1	1
20230404125422	-4.78	0.66	-53.01	-27.61	1000.0	1	1	1	1
20230404125423	-4.81	0.7	-52.57	-27.71	1000.0	1	1	1	1
20230404125424	-4.84	0.61	-53.67	-27.84	1000.0	1	1	1	1
20230404125425	-4.91	0.62	-53.59	-27.93	1000.0	1	1	1	1
20230404125426	-5.01	0.6	-53.91	-28.04	1000.0	1	1	1	1
20230404125427	-5.01	0.6	-53.91	-28.18	1000.0	1	1	1	1
20230404125428	-5.08	0.65	-53.33	-28.29	1000.0	1	1	1	1
20230404125429	-5.12	0.65	-53.36	-28.4	1000.0	1	1	1	1
20230404125430	-5.15	0.61	-53.88	-28.51	1000.0	1	1	1	1
20230404125432	-5.18	0.67	-53.16	-28.63	1000.0	1	1	1	1
20230404125433	-5.19	0.65	-53.41	-28.7	1000.0	1	1	1	1
20230404125434	-5.28	0.65	-53.47	-28.83	1000.0	1	1	1	1
20230404125435	-5.36	0.59	-54.28	-28.94	1000.0	1	1	1	1
20230404125436	-5.39	0.59	-54.3	-29.07	1000.0	1	1	1	1
20230404125437	-5.4	0.65	-53.55	-29.15	1000.0	1	1	1	1
20230404125438	-5.46	0.61	-54.08	-29.3	1000.0	1	1	1	1
20230404125439	-5.53	0.59	-54.39	-29.39	1000.0	1	1	1	1
20230404125441	-5.53	0.62	-54.0	-29.49	1000.0	1	1	1	1
20230404125442	-5.59	0.64	-53.8	-29.62	1000.0	1	1	1	1
20230404125443	-5.63	0.57	-54.73	-29.69	1000.0	1	1	1	1
20230404125444	-5.67	0.6	-54.35	-29.78	1000.0	1	1	1	1
20230404125445	-5.77	0.64	-53.92	-29.91	1000.0	1	1	1	1
20230404125446	-5.8	0.6	-54.44	-30.06	1000.0	1	1	1	1
20230404125447	-5.83	0.58	-54.72	-30.14	1000.0	1	1	1	1
20230404125448	-5.89	0.64	-54.0	-30.23	1000.0	1	1	1	1
20230404125450	-5.93	0.67	-53.67	-30.33	1000.0	1	1	1	1
20230404125451	-5.95	0.6	-54.54	-30.44	1000.0	1	1	1	1
20230404125452	-6.0	0.63	-54.19	-30.57	1000.0	1	1	1	1
20230404125453	-6.05	0.61	-54.48	-30.64	1000.0	1	1	1	1
20230404125454	-6.12	0.63	-54.28	-30.77	1000.0	1	1	1	1
20230404125455	-6.15	0.61	-54.55	-30.83	1000.0	1	1	1	1
20230404125456	-6.22	0.61	-54.59	-30.96	1000.0	1	1	1	1
20230404125457	-6.25	0.59	-54.87	-31.04	1000.0	1	1	1	1
20230404125458	-6.31	0.61	-54.65	-31.19	1000.0	1	1	1	1
20230404125500	-6.32	0.57	-55.18	-31.28	1000.0	1	1	1	1
20230404125501	-6.38	0.53	-55.78	-31.35	1000.0	1	1	1	1
20230404125502	-6.38	0.6	-54.83	-31.45	1000.0	1	1	1	1
20230404125503	-6.46	0.62	-54.63	-31.58	1000.0	1	1	1	1
20230404125504	-6.5	0.62	-54.65	-31.65	1000.0	1	1	1	1
20230404125505	-6.53	0.55	-55.6	-31.77	1000.0	1	1	1	1
20230404125506	-6.61	0.6	-54.98	-31.88	1000.0	1	1	1	1
20230404125507	-6.62	0.58	-55.25	-31.93	1000.0	1	1	1	1
20230404125508	-6.69	0.63	-54.66	-32.05	1000.0	1	1	1	1
20230404125510	-6.69	0.69	-53.95	-32.14	1000.0	1	1	1	1
20230404125511	-6.72	0.6	-55.06	-32.25	1000.0	1	1	1	1
20230404125512	-6.79	0.65	-54.48	-32.35	1000.0	1	1	1	1
20230404125513	-6.86	0.59	-55.28	-32.44	1000.0	1	1	1	1
20230404125514	-6.89	0.63	-54.79	-32.53	1000.0	1	1	1	1
20230404125515	-6.95	0.59	-55.34	-32.61	1000.0	1	1	1	1
20230404125516	-6.97	0.61	-55.1	-32.7	1000.0	1	1	1	1
20230404125517	-6.99	0.63	-54.86	-32.78	1000.0	1	1	1	1
20230404125518	-7.03	0.57	-55.66	-32.89	1000.0	1	1	1	1
20230404125520	-7.09	0.59	-55.43	-32.99	1000.0	1	1	1	1
20230404125521	-7.1	0.64	-54.81	-33.14	1000.0	1	1	1	1
20230404125522	-7.2	0.59	-55.51	-33.17	1000.0	1	1	1	1
20230404125523	-7.23	0.6	-55.4	-33.31	1000.0	1	1	1	1
20230404125524	-7.25	0.51	-56.66	-33.36	1000.0	1	1	1	1
20230404125525	-7.32	0.58	-55.72	-33.46	1000.0	1	1	1	1
20230404125526	-7.34	0.56	-56.0	-33.55	1000.0	1	1	1	1
20230404125527	-7.38	0.6	-55.5	-33.65	1000.0	1	1	1	1
20230404125529	-7.42	0.58	-55.79	-33.72	1000.0	1	1	1	1
20230404125530	-7.45	0.61	-55.42	-33.84	1000.0	1	1	1	1
20230404125531	-7.51	0.51	-56.83	-33.89	1000.0	1	1	1	1
20230404125532	-7.56	0.61	-55.49	-34.01	1000.0	1	1	1	1
20230404125533	-7.61	0.63	-55.28	-34.06	1000.0	1	1	1	1
20230404125534	-7.65	0.61	-55.55	-34.18	1000.0	1	1	1	1
20230404125535	-7.68	0.59	-55.83	-34.27	1000.0	1	1	1	1
20230404125536	-7.72	0.55	-56.39	-34.35	1000.0	1	1	1	1
20230404125537	-7.78	0.59	-55.89	-34.45	1000.0	1	1	1	1
20230404125539	-7.78	0.64	-55.27	-34.5	1000.0	1	1	1	1
20230404125540	-7.83	0.57	-56.19	-34.58	1000.0	1	1	1	1
20230404125541	-7.91	0.51	-57.09	-34.67	1000.0	1	1	1	1
20230404125542	-7.96	0.55	-56.55	-34.75	1000.0	1	1	1	1
20230404125543	-7.96	0.59	-56.02	-34.85	1000.0	1	1	1	1
20230404125544	-8.02	0.62	-55.68	-34.94	1000.0	1	1	1	1
20230404125545	-8.05	0.55	-56.61	-35.02	1000.0	1	1	1	1
20230404125546	-8.07	0.58	-56.22	-35.11	1000.0	1	1	1	1
20230404125548	-8.1	0.62	-55.73	-35.17	1000.0	1	1	1	1
20230404125549	-8.15	0.54	-56.82	-35.27	1000.0	1	1	1	1
20230404125550	-8.2	0.6	-56.05	-35.36	1000.0	1	1	1	1
20230404125551	-8.26	0.56	-56.61	-35.42	1000.0	1	1	1	1
20230404125552	-8.27	0.58	-56.35	-35.5	1000.0	1	1	1	1
20230404125553	-8.29	0.54	-56.91	-35.56	1000.0	1	1	1	1
20230404125554	-8.36	0.56	-56.68	-35.65	1000.0	1	1	1	1
20230404125555	-8.38	0.54	-56.97	-35.69	1000.0	1	1	1	1
20230404125556	-8.41	0.59	-56.32	-35.75	1000.0	1	1	1	1
20230404125558	-8.46	0.63	-55.85	-35.83	1000.0	1	1	1	1
20230404125559	-8.47	0.57	-56.62	-35.91	1000.0	1	1	1	1
20230404125600	-8.56	0.59	-56.42	-36.0	1000.0	1	1	1	1
20230404125601	-8.58	0.55	-56.97	-36.06	1000.0	1	1	1	1
20230404125602	-8.6	0.62	-56.07	-36.14	1000.0	1	1	1	1
20230404125603	-8.65	0.59	-56.48	-36.18	1000.0	1	1	1	1
20230404125604	-8.67	0.55	-57.03	-36.27	1000.0	1	1	1	1
20230404125605	-8.71	0.55	-57.05	-36.31	1000.0	1	1	1	1
20230404125606	-8.72	0.58	-56.66	-36.37	1000.0	1	1	1	1
20230404125608	-8.8	0.55	-57.11	-36.47	1000.0	1	1	1	1
20230404125609	-8.84	0.54	-57.28	-36.49	1000.0	1	1	1	1
20230404125610	-8.87	0.58	-56.76	-36.59	1000.0	1	1	1	1
20230404125611	-8.9	0.61	-56.39	-36.65	1000.0	1	1	1	1
20230404125612	-8.91	0.56	-57.05	-36.69	1000.0	1	1	1	1
20230404125613	-8.97	0.58	-56.82	-36.76	1000.0	1	1	1	1
20230404125614	-9.01	0.56	-57.12	-36.82	1000.0	1	1	1	1
20230404125615	-9.02	0.52	-57.68	-36.86	1000.0	1	1	1	1
20230404125617	-9.08	0.54	-57.44	-36.96	1000.0	1	1	1	1
20230404125618	-9.11	0.54	-57.46	-36.98	1000.0	1	1	1	1
20230404125619	-9.15	0.54	-57.48	-37.06	1000.0	1	1	1	1
20230404125620	-9.18	0.57	-57.1	-37.14	1000.0	1	1	1	1
20230404125621	-9.21	0.55	-57.39	-37.18	1000.0	1	1	1	1
20230404125622	-9.25	0.55	-57.41	-37.22	1000.0	1	1	1	1
20230404125623	-9.28	0.5	-58.15	-37.3	1000.0	1	1	1	1
20230404125624	-9.31	0.53	-57.73	-37.32	1000.0	1	1	1	1
20230404125625	-9.32	0.57	-57.19	-37.37	1000.0	1	1	1	1
20230404125627	-9.38	0.55	-57.5	-37.43	1000.0	1	1	1	1
20230404125628	-9.4	0.6	-56.85	-37.51	1000.0	1	1	1	1
20230404125629	-9.43	0.55	-57.53	-37.55	1000.0	1	1	1	1
20230404125630	-9.47	0.58	-57.16	-37.59	1000.0	1	1	1	1
20230404125631	-9.49	0.56	-57.44	-37.67	1000.0	1	1	1	1
20230404125632	-9.52	0.55	-57.59	-37.71	1000.0	1	1	1	1
20230404125633	-9.55	0.55	-57.61	-37.77	1000.0	1	1	1	1
20230404125634	-9.56	0.56	-57.48	-37.81	1000.0	1	1	1	1
20230404125635	-9.59	0.56	-57.5	-37.83	1000.0	1	1	1	1
20230404125637	-9.68	0.6	-57.04	-37.91	1000.0	1	1	1	1
20230404125638	-9.66	0.54	-57.82	-37.97	1000.0	1	1	1	1
20230404125639	-9.68	0.6	-57.04	-37.99	1000.0	1	1	1	1
20230404125640	-9.7	0.6	-57.05	-38.03	1000.0	1	1	1	1
20230404125641	-9.74	0.58	-57.34	-38.09	1000.0	1	1	1	1
20230404125642	-9.74	0.6	-57.08	-38.15	1000.0	1	1	1	1
20230404125643	-9.8	0.6	-57.12	-38.21	1000.0	1	1	1	1
20230404125644	-9.84	0.57	-57.54	-38.21	1000.0	1	1	1	1
20230404125645	-9.84	0.57	-57.54	-38.29	1000.0	1	1	1	1
20230404125647	-9.93	0.61	-57.08	-38.31	1000.0	1	1	1	1
20230404125648	-9.91	0.54	-57.99	-38.35	1000.0	1	1	1	1
20230404125649	-9.97	0.57	-57.62	-38.43	1000.0	1	1	1	1
20230404125650	-9.98	0.52	-58.32	-38.48	1000.0	1	1	1	1
20230404125651	-10.04	0.57	-57.67	-38.52	1000.0	1	1	1	1
20230404125652	-10.07	0.61	-57.18	-38.58	1000.0	1	1	1	1
20230404125653	-10.08	0.57	-57.7	-38.62	1000.0	1	1	1	1
20230404125654	-10.08	0.59	-57.44	-38.62	1000.0	1	1	1	1
20230404125655	-10.17	0.59	-57.5	-38.7	1000.0	1	1	1	1
20230404125657	-10.19	0.57	-57.77	-38.74	1000.0	1	1	1	1
20230404125658	-10.21	0.55	-58.05	-38.74	1000.0	1	1	1	1
20230404125659	-10.22	0.56	-57.93	-38.82	1000.0	1	1	1	1
20230404125700	-10.24	0.58	-57.67	-38.82	1000.0	1	1	1	1
20230404125701	-10.27	0.58	-57.69	-38.92	1000.0	1	1	1	1
20230404125702	-10.28	0.55	-58.1	-38.92	1000.0	1	1	1	1
20230404125703	-10.32	0.58	-57.73	-38.98	1000.0	1	1	1	1
20230404125704	-10.35	0.56	-58.01	-39.0	1000.0	1	1	1	1
20230404125706	-10.41	0.56	-58.05	-39.02	1000.0	1	1	1	1
20230404125707	-10.44	0.56	-58.07	-39.08	1000.0	1	1	1	1
20230404125708	-10.48	0.6	-57.58	-39.15	1000.0	1	1	1	1
20230404125709	-10.49	0.58	-57.84	-39.17	1000.0	1	1	1	1
20230404125710	-10.52	0.56	-58.13	-39.21	1000.0	1	1	1	1
20230404125711	-10.56	0.58	-57.89	-39.25	1000.0	1	1	1	1
20230404125712	-10.58	0.56	-58.17	-39.29	1000.0	1	1	1	1
20230404125713	-10.59	0.61	-57.53	-39.27	1000.0	1	1	1	1
20230404125714	-10.65	0.57	-58.08	-39.33	1000.0	1	1	1	1
20230404125716	-10.65	0.56	-58.21	-39.35	1000.0	1	1	1	1
20230404125717	-10.7	0.61	-57.6	-39.43	1000.0	1	1	1	1
20230404125718	-10.7	0.61	-57.6	-39.45	1000.0	1	1	1	1
20230404125719	-10.72	0.55	-58.4	-39.45	1000.0	1	1	1	1
20230404125720	-10.76	0.55	-58.42	-39.5	1000.0	1	1	1	1
20230404125721	-10.79	0.59	-57.91	-39.6	1000.0	1	1	1	1
20230404125722	-10.8	0.55	-58.45	-39.56	1000.0	1	1	1	1
20230404125723	-10.83	0.61	-57.69	-39.64	1000.0	1	1	1	1
20230404125725	-10.84	0.53	-58.75	-39.68	1000.0	1	1	1	1
20230404125726	-10.87	0.57	-58.23	-39.66	1000.0	1	1	1	1
20230404125727	-10.89	0.57	-58.24	-39.7	1000.0	1	1	1	1
20230404125728	-10.9	0.57	-58.25	-39.79	1000.0	1	1	1	1
20230404125729	-10.92	0.6	-57.88	-39.81	1000.0	1	1	1	1
20230404125730	-10.95	0.55	-58.55	-39.83	1000.0	1	1	1	1
20230404125731	-10.97	0.6	-57.91	-39.87	1000.0	1	1	1	1
20230404125732	-11.03	0.55	-58.6	-39.89	1000.0	1	1	1	1
20230404125733	-11.03	0.62	-57.7	-39.95	1000.0	1	1	1	1
20230404125735	-11.07	0.54	-58.77	-39.95	1000.0	1	1	1	1
20230404125736	-11.09	0.56	-58.51	-39.99	1000.0	1	1	1	1
20230404125737	-11.12	0.56	-58.53	-40.03	1000.0	1	1	1	1
20230404125738	-11.16	0.61	-57.91	-40.03	1000.0	1	1	1	1
20230404125739	-11.17	0.58	-58.3	-40.1	1000.0	1	1	1	1
20230404125740	-11.2	0.58	-58.32	-40.08	1000.0	1	1	1	1
20230404125741	-11.21	0.52	-59.14	-40.12	1000.0	1	1	1	1
20230404125742	-11.24	0.58	-58.35	-40.14	1000.0	1	1	1	1
20230404125743	-11.27	0.6	-58.11	-40.2	1000.0	1	1	1	1
20230404125745	-11.3	0.54	-58.92	-40.2	1000.0	1	1	1	1
20230404125746	-11.3	0.58	-58.39	-40.29	1000.0	1	1	1	1
20230404125747	-11.33	0.56	-58.67	-40.24	1000.0	1	1	1	1
20230404125748	-11.34	0.59	-58.28	-40.33	1000.0	1	1	1	1
20230404125749	-11.37	0.63	-57.81	-40.35	1000.0	1	1	1	1
20230404125750	-11.4	0.56	-58.72	-40.39	1000.0	1	1	1	1
20230404125751	-11.43	0.61	-58.1	-40.39	1000.0	1	1	1	1
20230404125752	-11.45	0.55	-58.88	-40.41	1000.0	1	1	1	1
20230404125753	-11.48	0.54	-59.04	-40.48	1000.0	1	1	1	1
20230404125755	-11.5	0.55	-58.92	-40.45	1000.0	1	1	1	1
20230404125756	-11.51	0.59	-58.4	-40.52	1000.0	1	1	1	1
20230404125757	-11.52	0.59	-58.41	-40.56	1000.0	1	1	1	1
20230404125758	-11.57	0.53	-59.24	-40.58	1000.0	1	1	1	1
20230404125759	-11.57	0.61	-58.19	-40.6	1000.0	1	1	1	1
20230404125800	-11.59	0.51	-59.54	-40.62	1000.0	1	1	1	1
20230404125801	-11.59	0.59	-58.45	-40.6	1000.0	1	1	1	1
20230404125802	-11.64	0.6	-58.36	-40.67	1000.0	1	1	1	1
20230404125803	-11.68	0.6	-58.39	-40.69	1000.0	1	1	1	1
20230404125805	-11.71	0.6	-58.41	-40.73	1000.0	1	1	1	1
20230404125806	-11.71	0.66	-57.69	-40.75	1000.0	1	1	1	1
20230404125807	-11.75	0.58	-58.69	-40.77	1000.0	1	1	1	1
20230404125808	-11.75	0.58	-58.69	-40.81	1000.0	1	1	1	1
20230404125809	-11.79	0.56	-58.98	-40.86	1000.0	1	1	1	1
20230404125810	-11.79	0.58	-58.72	-40.84	1000.0	1	1	1	1
20230404125811	-11.85	0.56	-59.02	-40.9	1000.0	1	1	1	1
20230404125812	-11.82	0.58	-58.74	-40.92	1000.0	1	1	1	1
20230404125814	-11.86	0.56	-59.02	-40.94	1000.0	1	1	1	1
20230404125815	-11.89	0.56	-59.04	-40.96	1000.0	1	1	1	1
20230404125816	-11.89	0.6	-58.53	-40.98	1000.0	1	1	1	1
20230404125817	-11.93	0.6	-58.56	-40.96	1000.0	1	1	1	1
20230404125818	-11.93	0.6	-58.56	-41.03	1000.0	1	1	1	1
20230404125819	-11.98	0.61	-58.47	-41.05	1000.0	1	1	1	1
20230404125820	-11.99	0.56	-59.11	-41.05	1000.0	1	1	1	1
20230404125821	-12.02	0.58	-58.87	-41.11	1000.0	1	1	1	1
20230404125822	-12.05	0.5	-59.99	-41.09	1000.0	1	1	1	1
20230404125824	-12.06	0.6	-58.64	-41.11	1000.0	1	1	1	1
20230404125825	-12.09	0.61	-58.54	-41.13	1000.0	1	1	1	1
20230404125826	-12.09	0.59	-58.79	-41.18	1000.0	1	1	1	1
20230404125827	-12.1	0.59	-58.8	-41.2	1000.0	1	1	1	1
20230404125828	-12.13	0.57	-59.07	-41.2	1000.0	1	1	1	1
20230404125829	-12.18	0.57	-59.11	-41.22	1000.0	1	1	1	1
20230404125830	-12.2	0.61	-58.61	-41.26	1000.0	1	1	1	1
20230404125831	-12.2	0.61	-58.61	-41.28	1000.0	1	1	1	1
20230404125832	-12.2	0.61	-58.61	-41.37	1000.0	1	1	1	1
20230404125834	-12.25	0.55	-59.42	-41.31	1000.0	1	1	1	1
20230404125835	-12.25	0.61	-58.65	-41.35	1000.0	1	1	1	1
20230404125836	-12.26	0.57	-59.16	-41.37	1000.0	1	1	1	1
20230404125837	-12.26	0.55	-59.43	-41.39	1000.0	1	1	1	1
20230404125838	-12.3	0.65	-58.21	-41.46	1000.0	1	1	1	1
20230404125839	-12.33	0.51	-60.03	-41.44	1000.0	1	1	1	1
20230404125840	-12.34	0.59	-58.96	-41.46	1000.0	1	1	1	1
20230404125841	-12.37	0.6	-58.85	-41.5	1000.0	1	1	1	1
20230404125843	-12.37	0.6	-58.85	-41.52	1000.0	1	1	1	1
20230404125844	-12.42	0.49	-60.39	-41.52	1000.0	1	1	1	1
20230404125845	-12.4	0.6	-58.87	-41.57	1000.0	1	1	1	1
20230404125846	-12.42	0.62	-58.64	-41.57	1000.0	1	1	1	1
20230404125847	-12.46	0.6	-58.91	-41.57	1000.0	1	1	1	1
20230404125848	-12.5	0.64	-58.46	-41.59	1000.0	1	1	1	1
20230404125849	-12.5	0.6	-58.94	-41.63	1000.0	1	1	1	1
20230404125850	-12.52	0.56	-59.47	-41.65	1000.0	1	1	1	1
20230404125851	-12.54	0.58	-59.22	-41.7	1000.0	1	1	1	1
20230404125853	-12.58	0.64	-58.51	-41.67	1000.0	1	1	1	1
20230404125854	-12.58	0.62	-58.75	-41.7	1000.0	1	1	1	1
20230404125855	-12.63	0.58	-59.28	-41.76	1000.0	1	1	1	1
20230404125856	-12.63	0.58	-59.28	-41.76	1000.0	1	1	1	1
20230404125857	-12.65	0.64	-58.56	-41.76	1000.0	1	1	1	1
20230404125858	-12.64	0.6	-59.04	-41.76	1000.0	1	1	1	1
20230404125859	-12.67	0.58	-59.31	-41.78	1000.0	1	1	1	1
20230404125900	-12.68	0.6	-59.06	-41.85	1000.0	1	1	1	1
20230404125901	-12.7	0.6	-59.08	-41.87	1000.0	1	1	1	1
20230404125903	-12.73	0.56	-59.61	-41.87	1000.0	1	1	1	1
20230404125904	-12.73	0.6	-59.1	-41.89	1000.0	1	1	1	1
20230404125905	-12.8	0.61	-59.02	-41.91	1000.0	1	1	1	1
20230404125906	-12.8	0.61	-59.02	-41.94	1000.0	1	1	1	1
20230404125907	-12.81	0.59	-59.27	-41.94	1000.0	1	1	1	1
20230404125908	-12.84	0.63	-58.81	-41.94	1000.0	1	1	1	1
20230404125909	-12.87	0.61	-59.07	-41.98	1000.0	1	1	1	1
20230404125910	-12.89	0.59	-59.33	-42.02	1000.0	1	1	1	1
20230404125911	-12.88	0.59	-59.32	-41.98	1000.0	1	1	1	1
20230404125913	-12.91	0.65	-58.62	-42.04	1000.0	1	1	1	1
20230404125914	-12.94	0.54	-60.02	-42.04	1000.0	1	1	1	1
20230404125915	-12.97	0.61	-59.14	-42.09	1000.0	1	1	1	1
20230404125916	-12.97	0.57	-59.64	-42.09	1000.0	1	1	1	1
20230404125917	-12.99	0.63	-58.91	-42.11	1000.0	1	1	1	1
20230404125918	-13.02	0.57	-59.67	-42.13	1000.0	1	1	1	1
20230404125919	-13.04	0.65	-58.71	-42.13	1000.0	1	1	1	1
20230404125920	-13.05	0.65	-58.72	-42.13	1000.0	1	1	1	1
20230404125921	-13.08	0.65	-58.74	-42.15	1000.0	1	1	1	1
20230404125923	-13.09	0.53	-60.26	-42.13	1000.0	1	1	1	1
20230404125924	-13.11	0.59	-59.48	-42.2	1000.0	1	1	1	1
20230404125925	-13.11	0.59	-59.48	-42.22	1000.0	1	1	1	1
20230404125926	-13.15	0.62	-59.14	-42.2	1000.0	1	1	1	1
20230404125927	-13.16	0.66	-58.68	-42.24	1000.0	1	1	1	1
20230404125928	-13.16	0.6	-59.39	-42.26	1000.0	1	1	1	1
20230404125929	-13.19	0.57	-59.79	-42.29	1000.0	1	1	1	1
20230404125930	-13.19	0.53	-60.32	-42.31	1000.0	1	1	1	1
20230404125932	-13.22	0.6	-59.43	-42.31	1000.0	1	1	1	1
20230404125933	-13.23	0.62	-59.19	-42.31	1000.0	1	1	1	1
20230404125934	-13.25	0.6	-59.45	-42.31	1000.0	1	1	1	1
20230404125935	-13.28	0.56	-59.98	-42.38	1000.0	1	1	1	1
20230404125936	-13.34	0.66	-58.8	-42.33	1000.0	1	1	1	1
20230404125937	-13.32	0.62	-59.25	-42.4	1000.0	1	1	1	1
20230404125938	-13.35	0.6	-59.51	-42.38	1000.0	1	1	1	1
20230404125939	-13.38	0.62	-59.29	-42.4	1000.0	1	1	1	1
20230404125940	-13.39	0.56	-60.05	-42.42	1000.0	1	1	1	1
20230404125942	-13.42	0.6	-59.56	-42.4	1000.0	1	1	1	1
20230404125943	-13.39	0.64	-59.06	-42.44	1000.0	1	1	1	1
20230404125944	-13.4	0.64	-59.07	-42.49	1000.0	1	1	1	1
20230404125945	-13.45	0.62	-59.34	-42.49	1000.0	1	1	1	1
20230404125946	-13.48	0.62	-59.36	-42.49	1000.0	1	1	1	1
20230404125947	-13.46	0.56	-60.1	-42.53	1000.0	1	1	1	1
20230404125948	-13.48	0.62	-59.36	-42.55	1000.0	1	1	1	1
20230404125949	-13.5	0.58	-59.87	-42.58	1000.0	1	1	1	1
20230404125950	-13.52	0.58	-59.88	-42.6	1000.0	1	1	1	1
20230404125952	-13.52	0.61	-59.51	-42.6	1000.0	1	1	1	1
20230404125953	-13.55	0.61	-59.53	-42.6	1000.0	1	1	1	1
20230404125954	-13.56	0.61	-59.53	-42.62	1000.0	1	1	1	1
20230404125955	-13.59	0.61	-59.55	-42.64	1000.0	1	1	1	1
20230404125956	-13.6	0.59	-59.81	-42.64	1000.0	1	1	1	1
20230404125957	-13.6	0.61	-59.56	-42.66	1000.0	1	1	1	1
20230404125958	-13.63	0.59	-59.83	-42.69	1000.0	1	1	1	1
20230404125959	-13.64	0.57	-60.09	-42.69	1000.0	1	1	1	1
20230404130001	-13.64	0.56	-60.22	-42.69	1000.0	1	1	1	1
20230404130002	-13.66	0.63	-59.36	-42.69	1000.0	1	1	1	1
20230404130003	-13.69	0.63	-59.38	-42.73	1000.0	1	1	1	1
20230404130004	-13.7	0.55	-60.39	-42.75	1000.0	1	1	1	1
20230404130005	-13.74	0.61	-59.66	-42.71	1000.0	1	1	1	1
20230404130006	-13.73	0.63	-59.41	-42.78	1000.0	1	1	1	1
20230404130007	-13.76	0.65	-59.2	-42.78	1000.0	1	1	1	1
20230404130008	-13.76	0.61	-59.67	-42.8	1000.0	1	1	1	1
20230404130009	-13.74	0.66	-59.07	-42.82	1000.0	1	1	1	1
20230404130011	-13.77	0.57	-60.18	-42.84	1000.0	1	1	1	1
20230404130012	-13.79	0.63	-59.45	-42.8	1000.0	1	1	1	1
20230404130013	-13.83	0.61	-59.72	-42.89	1000.0	1	1	1	1
20230404130014	-13.84	0.61	-59.72	-42.82	1000.0	1	1	1	1
20230404130015	-13.87	0.61	-59.74	-42.89	1000.0	1	1	1	1
20230404130016	-13.87	0.57	-60.24	-42.89	1000.0	1	1	1	1
20230404130017	-13.89	0.59	-60.0	-42.87	1000.0	1	1	1	1
20230404130018	-13.9	0.64	-59.41	-42.93	1000.0	1	1	1	1
20230404130020	-13.93	0.66	-59.2	-42.96	1000.0	1	1	1	1
20230404130021	-13.93	0.62	-59.66	-42.96	1000.0	1	1	1	1
20230404130022	-13.95	0.62	-59.68	-42.98	1000.0	1	1	1	1
20230404130023	-13.95	0.64	-59.44	-42.96	1000.0	1	1	1	1
20230404130024	-13.98	0.64	-59.46	-43.0	1000.0	1	1	1	1
20230404130025	-14.0	0.62	-59.71	-43.0	1000.0	1	1	1	1
20230404130026	-14.01	0.67	-59.14	-43.02	1000.0	1	1	1	1
20230404130027	-14.04	0.62	-59.74	-43.05	1000.0	1	1	1	1
20230404130028	-14.05	0.6	-59.99	-43.02	1000.0	1	1	1	1
20230404130030	-14.04	0.62	-59.74	-43.07	1000.0	1	1	1	1
20230404130031	-14.07	0.66	-59.3	-43.07	1000.0	1	1	1	1
20230404130032	-14.11	0.62	-59.79	-43.09	1000.0	1	1	1	1
20230404130033	-14.13	0.64	-59.56	-43.09	1000.0	1	1	1	1
20230404130034	-14.14	0.64	-59.57	-43.07	1000.0	1	1	1	1
20230404130035	-14.17	0.69	-59.03	-43.14	1000.0	1	1	1	1
20230404130036	-14.15	0.64	-59.58	-43.09	1000.0	1	1	1	1
20230404130037	-14.2	0.58	-60.34	-43.16	1000.0	1	1	1	1
20230404130038	-14.2	0.62	-59.85	-43.16	1000.0	1	1	1	1
20230404130040	-14.21	0.6	-60.1	-43.18	1000.0	1	1	1	1
20230404130041	-14.22	0.58	-60.35	-43.18	1000.0	1	1	1	1
20230404130042	-14.26	0.69	-59.09	-43.18	1000.0	1	1	1	1
20230404130043	-14.26	0.63	-59.77	-43.16	1000.0	1	1	1	1
20230404130044	-14.26	0.63	-59.77	-43.18	1000.0	1	1	1	1
20230404130045	-14.31	0.61	-60.04	-43.25	1000.0	1	1	1	1
20230404130046	-14.28	0.65	-59.55	-43.25	1000.0	1	1	1	1
20230404130047	-14.31	0.63	-59.8	-43.25	1000.0	1	1	1	1
20230404130048	-14.31	0.61	-60.04	-43.25	1000.0	1	1	1	1
20230404130050	-14.32	0.65	-59.58	-43.25	1000.0	1	1	1	1
20230404130051	-14.34	0.61	-60.06	-43.3	1000.0	1	1	1	1
20230404130052	-14.36	0.63	-59.84	-43.27	1000.0	1	1	1	1
20230404130053	-14.36	0.69	-59.16	-43.27	1000.0	1	1	1	1
20230404130054	-14.41	0.61	-60.11	-43.34	1000.0	1	1	1	1
20230404130055	-14.39	0.63	-59.86	-43.32	1000.0	1	1	1	1
20230404130056	-14.41	0.61	-60.11	-43.32	1000.0	1	1	1	1
20230404130057	-14.42	0.63	-59.88	-43.39	1000.0	1	1	1	1
20230404130059	-14.42	0.59	-60.36	-43.39	1000.0	1	1	1	1
20230404130100	-14.48	0.66	-59.57	-43.34	1000.0	1	1	1	1
20230404130101	-14.49	0.59	-60.41	-43.41	1000.0	1	1	1	1
20230404130102	-14.49	0.59	-60.41	-43.43	1000.0	1	1	1	1
20230404130103	-14.52	0.65	-59.71	-43.43	1000.0	1	1	1	1
20230404130104	-14.52	0.65	-59.71	-43.39	1000.0	1	1	1	1
20230404130105	-14.56	0.66	-59.63	-43.45	1000.0	1	1	1	1
20230404130106	-14.58	0.61	-60.22	-43.43	1000.0	1	1	1	1
20230404130107	-14.63	0.57	-60.76	-43.45	1000.0	1	1	1	1
20230404130109	-14.62	0.64	-59.9	-43.48	1000.0	1	1	1	1
20230404130110	-14.63	0.66	-59.68	-43.45	1000.0	1	1	1	1
20230404130111	-14.66	0.64	-59.92	-43.48	1000.0	1	1	1	1
20230404130112	-14.63	0.66	-59.68	-43.55	1000.0	1	1	1	1
20230404130113	-14.68	0.66	-59.71	-43.5	1000.0	1	1	1	1
20230404130114	-14.71	0.62	-60.19	-43.5	1000.0	1	1	1	1
20230404130115	-14.72	0.62	-60.2	-43.55	1000.0	1	1	1	1
20230404130116	-14.75	0.6	-60.46	-43.55	1000.0	1	1	1	1
20230404130117	-14.73	0.6	-60.45	-43.55	1000.0	1	1	1	1
20230404130119	-14.78	0.62	-60.24	-43.62	1000.0	1	1	1	1
20230404130120	-14.82	0.62	-60.27	-43.62	1000.0	1	1	1	1
20230404130121	-14.82	0.64	-60.03	-43.59	1000.0	1	1	1	1
20230404130122	-14.83	0.64	-60.04	-43.64	1000.0	1	1	1	1
20230404130123	-14.83	0.62	-60.27	-43.64	1000.0	1	1	1	1
20230404130124	-14.85	0.64	-60.05	-43.66	1000.0	1	1	1	1
20230404130125	-14.86	0.62	-60.29	-43.64	1000.0	1	1	1	1
20230404130126	-14.85	0.64	-60.05	-43.66	1000.0	1	1	1	1
20230404130128	-14.92	0.62	-60.34	-43.71	1000.0	1	1	1	1
20230404130129	-14.9	0.62	-60.32	-43.68	1000.0	1	1	1	1
20230404130130	-14.9	0.56	-61.07	-43.68	1000.0	1	1	1	1
20230404130131	-14.93	0.65	-59.99	-43.73	1000.0	1	1	1	1
20230404130132	-14.97	0.65	-60.02	-43.71	1000.0	1	1	1	1
20230404130133	-14.97	0.63	-60.25	-43.75	1000.0	1	1	1	1
20230404130134	-14.97	0.63	-60.25	-43.75	1000.0	1	1	1	1
20230404130135	-14.99	0.67	-59.81	-43.78	1000.0	1	1	1	1
20230404130136	-15.03	0.61	-60.53	-43.78	1000.0	1	1	1	1
20230404130138	-15.04	0.63	-60.3	-43.78	1000.0	1	1	1	1
20230404130139	-15.04	0.65	-60.07	-43.75	1000.0	1	1	1	1
20230404130140	-15.07	0.6	-60.68	-43.78	1000.0	1	1	1	1
20230404130141	-15.09	0.65	-60.1	-43.78	1000.0	1	1	1	1
20230404130142	-15.1	0.58	-60.95	-43.85	1000.0	1	1	1	1
20230404130143	-15.11	0.72	-59.36	-43.82	1000.0	1	1	1	1
20230404130144	-15.1	0.61	-60.58	-43.82	1000.0	1	1	1	1
20230404130145	-15.1	0.6	-60.7	-43.87	1000.0	1	1	1	1
20230404130147	-15.14	0.61	-60.6	-43.87	1000.0	1	1	1	1
20230404130148	-15.16	0.67	-59.93	-43.89	1000.0	1	1	1	1
20230404130149	-15.17	0.59	-60.87	-43.89	1000.0	1	1	1	1
20230404130150	-15.17	0.68	-59.82	-43.85	1000.0	1	1	1	1
20230404130151	-15.21	0.65	-60.18	-43.89	1000.0	1	1	1	1
20230404130152	-15.23	0.63	-60.43	-43.87	1000.0	1	1	1	1
20230404130153	-15.23	0.66	-60.09	-43.94	1000.0	1	1	1	1
20230404130154	-15.24	0.63	-60.44	-43.94	1000.0	1	1	1	1
20230404130155	-15.24	0.7	-59.66	-43.92	1000.0	1	1	1	1
20230404130156	-15.26	0.61	-60.69	-43.98	1000.0	1	1	1	1
20230404130157	-15.28	0.63	-60.46	-43.94	1000.0	1	1	1	1
20230404130159	-15.3	0.61	-60.71	-43.98	1000.0	1	1	1	1
20230404130200	-15.3	0.65	-60.25	-43.94	1000.0	1	1	1	1
20230404130201	-15.33	0.62	-60.61	-44.01	1000.0	1	1	1	1
20230404130202	-15.33	0.66	-60.15	-44.03	1000.0	1	1	1	1
20230404130203	-15.37	0.62	-60.64	-43.98	1000.0	1	1	1	1
20230404130204	-15.34	0.68	-59.94	-44.03	1000.0	1	1	1	1
20230404130205	-15.37	0.64	-60.41	-44.05	1000.0	1	1	1	1
20230404130206	-15.38	0.66	-60.19	-44.08	1000.0	1	1	1	1
20230404130207	-15.41	0.62	-60.67	-44.08	1000.0	1	1	1	1
20230404130209	-15.41	0.62	-60.67	-44.08	1000.0	1	1	1	1
20230404130210	-15.41	0.64	-60.43	-44.1	1000.0	1	1	1	1
20230404130211	-15.45	0.62	-60.7	-44.05	1000.0	1	1	1	1
20230404130212	-15.43	0.62	-60.68	-44.05	1000.0	1	1	1	1
20230404130213	-15.44	0.64	-60.46	-44.12	1000.0	1	1	1	1
20230404130214	-15.45	0.62	-60.7	-44.1	1000.0	1	1	1	1
20230404130215	-15.48	0.64	-60.48	-44.15	1000.0	1	1	1	1
20230404130216	-15.47	0.62	-60.71	-44.15	1000.0	1	1	1	1
20230404130217	-15.48	0.66	-60.26	-44.17	1000.0	1	1	1	1
20230404130218	-15.51	0.66	-60.28	-44.17	1000.0	1	1	1	1
20230404130219	-15.54	0.66	-60.3	-44.15	1000.0	1	1	1	1
20230404130221	-15.54	0.64	-60.52	-44.19	1000.0	1	1	1	1
20230404130222	-15.55	0.66	-60.3	-44.22	1000.0	1	1	1	1
20230404130223	-15.54	0.6	-61.0	-44.22	1000.0	1	1	1	1
20230404130224	-15.56	0.66	-60.31	-44.19	1000.0	1	1	1	1
20230404130225	-15.58	0.67	-60.21	-44.24	1000.0	1	1	1	1
20230404130226	-15.59	0.64	-60.56	-44.22	1000.0	1	1	1	1
20230404130227	-15.61	0.65	-60.46	-44.24	1000.0	1	1	1	1
20230404130228	-15.61	0.67	-60.23	-44.26	1000.0	1	1	1	1
20230404130229	-15.62	0.67	-60.24	-44.24	1000.0	1	1	1	1
20230404130230	-15.62	0.67	-60.24	-44.26	1000.0	1	1	1	1
20230404130232	-15.66	0.64	-60.6	-44.31	1000.0	1	1	1	1
20230404130233	-15.71	0.67	-60.3	-44.31	1000.0	1	1	1	1
20230404130234	-15.69	0.67	-60.29	-44.31	1000.0	1	1	1	1
20230404130235	-15.71	0.6	-61.11	-44.29	1000.0	1	1	1	1
20230404130236	-15.69	0.62	-60.86	-44.34	1000.0	1	1	1	1
20230404130237	-15.72	0.65	-60.53	-44.31	1000.0	1	1	1	1
20230404130238	-15.71	0.63	-60.75	-44.36	1000.0	1	1	1	1
20230404130239	-15.74	0.65	-60.55	-44.36	1000.0	1	1	1	1
20230404130240	-15.75	0.69	-60.11	-44.38	1000.0	1	1	1	1
20230404130242	-15.75	0.63	-60.78	-44.41	1000.0	1	1	1	1
20230404130243	-15.76	0.67	-60.34	-44.36	1000.0	1	1	1	1
20230404130244	-15.76	0.7	-60.01	-44.43	1000.0	1	1	1	1
20230404130245	-15.81	0.65	-60.59	-44.43	1000.0	1	1	1	1
20230404130246	-15.82	0.67	-60.38	-44.41	1000.0	1	1	1	1
20230404130247	-15.82	0.69	-60.16	-44.43	1000.0	1	1	1	1
20230404130248	-15.82	0.61	-61.07	-44.43	1000.0	1	1	1	1
20230404130249	-15.85	0.63	-60.85	-44.48	1000.0	1	1	1	1
20230404130250	-15.86	0.65	-60.63	-44.43	1000.0	1	1	1	1
20230404130251	-15.88	0.67	-60.42	-44.5	1000.0	1	1	1	1
20230404130252	-15.9	0.72	-59.9	-44.5	1000.0	1	1	1	1
20230404130254	-15.93	0.63	-60.9	-44.48	1000.0	1	1	1	1
20230404130255	-15.98	0.61	-61.17	-44.52	1000.0	1	1	1	1
20230404130256	-15.95	0.68	-60.36	-44.5	1000.0	1	1	1	1
20230404130257	-15.96	0.7	-60.15	-44.52	1000.0	1	1	1	1
20230404130258	-15.98	0.63	-60.94	-44.55	1000.0	1	1	1	1
20230404130259	-15.98	0.63	-60.94	-44.55	1000.0	1	1	1	1
20230404130300	-16.0	0.63	-60.95	-44.57	1000.0	1	1	1	1
20230404130301	-16.03	0.7	-60.2	-44.57	1000.0	1	1	1	1
20230404130302	-16.05	0.61	-61.22	-44.59	1000.0	1	1	1	1
20230404130303	-16.09	0.64	-60.9	-44.59	1000.0	1	1	1	1
20230404130305	-16.07	0.62	-61.12	-44.57	1000.0	1	1	1	1
20230404130306	-16.12	0.7	-60.26	-44.57	1000.0	1	1	1	1
20230404130307	-16.12	0.64	-60.92	-44.64	1000.0	1	1	1	1
20230404130308	-16.1	0.68	-60.46	-44.62	1000.0	1	1	1	1
20230404130309	-16.1	0.64	-60.9	-44.64	1000.0	1	1	1	1
20230404130310	-16.15	0.68	-60.49	-44.64	1000.0	1	1	1	1
20230404130311	-16.13	0.64	-60.93	-44.62	1000.0	1	1	1	1
20230404130312	-16.17	0.62	-61.18	-44.64	1000.0	1	1	1	1
20230404130313	-16.2	0.68	-60.53	-44.69	1000.0	1	1	1	1
20230404130314	-16.22	0.69	-60.43	-44.64	1000.0	1	1	1	1
20230404130315	-16.23	0.67	-60.66	-44.67	1000.0	1	1	1	1
20230404130317	-16.23	0.66	-60.77	-44.67	1000.0	1	1	1	1
20230404130318	-16.26	0.66	-60.79	-44.74	1000.0	1	1	1	1
20230404130319	-16.27	0.66	-60.8	-44.74	1000.0	1	1	1	1
20230404130320	-16.29	0.66	-60.81	-44.74	1000.0	1	1	1	1
20230404130321	-16.27	0.62	-61.25	-44.71	1000.0	1	1	1	1
20230404130322	-16.27	0.62	-61.25	-44.79	1000.0	1	1	1	1
20230404130323	-16.29	0.67	-60.7	-44.79	1000.0	1	1	1	1
20230404130324	-16.3	0.67	-60.71	-44.79	1000.0	1	1	1	1
20230404130325	-16.33	0.65	-60.95	-44.81	1000.0	1	1	1	1
20230404130326	-16.34	0.67	-60.73	-44.81	1000.0	1	1	1	1
20230404130327	-16.34	0.6	-61.54	-44.81	1000.0	1	1	1	1
20230404130329	-16.36	0.71	-60.32	-44.79	1000.0	1	1	1	1
20230404130330	-16.39	0.64	-61.1	-44.83	1000.0	1	1	1	1
20230404130331	-16.37	0.67	-60.75	-44.83	1000.0	1	1	1	1
20230404130332	-16.39	0.71	-60.34	-44.81	1000.0	1	1	1	1
20230404130333	-16.41	0.72	-60.25	-44.86	1000.0	1	1	1	1
20230404130334	-16.44	0.65	-61.02	-44.83	1000.0	1	1	1	1
20230404130335	-16.46	0.69	-60.6	-44.88	1000.0	1	1	1	1
20230404130336	-16.41	0.67	-60.78	-44.9	1000.0	1	1	1	1
20230404130337	-16.47	0.67	-60.82	-44.9	1000.0	1	1	1	1
20230404130338	-16.47	0.69	-60.61	-44.9	1000.0	1	1	1	1
20230404130339	-16.44	0.67	-60.8	-44.9	1000.0	1	1	1	1
20230404130340	-16.49	0.65	-61.06	-44.88	1000.0	1	1	1	1
20230404130342	-16.49	0.67	-60.84	-44.93	1000.0	1	1	1	1
20230404130343	-16.51	0.63	-61.3	-44.93	1000.0	1	1	1	1
20230404130344	-16.53	0.65	-61.08	-44.95	1000.0	1	1	1	1
20230404130345	-16.54	0.65	-61.09	-44.98	1000.0	1	1	1	1
20230404130346	-16.54	0.72	-60.34	-44.98	1000.0	1	1	1	1
20230404130347	-16.59	0.74	-60.17	-44.98	1000.0	1	1	1	1
20230404130348	-16.6	0.67	-60.91	-44.98	1000.0	1	1	1	1
20230404130349	-16.6	0.65	-61.13	-45.0	1000.0	1	1	1	1
20230404130350	-16.64	0.61	-61.62	-45.02	1000.0	1	1	1	1
20230404130351	-16.65	0.67	-60.94	-45.0	1000.0	1	1	1	1
20230404130352	-16.64	0.7	-60.62	-45.05	1000.0	1	1	1	1
20230404130353	-16.65	0.63	-61.39	-45.0	1000.0	1	1	1	1
20230404130355	-16.67	0.65	-61.18	-45.02	1000.0	1	1	1	1
20230404130356	-16.65	0.7	-60.62	-45.02	1000.0	1	1	1	1
20230404130357	-16.64	0.72	-60.41	-45.07	1000.0	1	1	1	1
20230404130358	-16.7	0.72	-60.45	-45.02	1000.0	1	1	1	1
20230404130359	-16.68	0.7	-60.64	-45.1	1000.0	1	1	1	1
20230404130400	-16.68	0.68	-60.86	-45.1	1000.0	1	1	1	1
20230404130401	-16.67	0.68	-60.85	-45.05	1000.0	1	1	1	1
20230404130402	-16.7	0.66	-61.09	-45.12	1000.0	1	1	1	1
20230404130403	-16.72	0.72	-60.46	-45.07	1000.0	1	1	1	1
20230404130405	-16.71	0.68	-60.88	-45.12	1000.0	1	1	1	1
20230404130406	-16.74	0.66	-61.12	-45.14	1000.0	1	1	1	1
20230404130407	-16.71	0.65	-61.21	-45.14	1000.0	1	1	1	1
20230404130408	-16.72	0.7	-60.67	-45.14	1000.0	1	1	1	1
20230404130409	-16.77	0.68	-60.92	-45.17	1000.0	1	1	1	1
20230404130410	-16.77	0.72	-60.5	-45.12	1000.0	1	1	1	1
20230404130411	-16.77	0.68	-60.92	-45.19	1000.0	1	1	1	1
20230404130412	-16.8	0.64	-61.38	-45.14	1000.0	1	1	1	1
20230404130413	-16.81	0.72	-60.53	-45.17	1000.0	1	1	1	1
20230404130415	-16.81	0.66	-61.16	-45.22	1000.0	1	1	1	1
20230404130416	-16.82	0.73	-60.43	-45.19	1000.0	1	1	1	1
20230404130417	-16.85	0.73	-60.45	-45.24	1000.0	1	1	1	1
20230404130418	-16.87	0.68	-60.99	-45.24	1000.0	1	1	1	1
20230404130419	-16.88	0.7	-60.78	-45.22	1000.0	1	1	1	1
20230404130420	-16.88	0.68	-60.99	-45.22	1000.0	1	1	1	1
20230404130421	-16.92	0.71	-60.7	-45.27	1000.0	1	1	1	1
20230404130422	-16.91	0.66	-61.23	-45.22	1000.0	1	1	1	1
20230404130424	-16.92	0.73	-60.5	-45.27	1000.0	1	1	1	1
20230404130425	-16.95	0.71	-60.73	-45.29	1000.0	1	1	1	1
20230404130426	-16.95	0.68	-61.04	-45.31	1000.0	1	1	1	1
20230404130427	-16.96	0.75	-60.33	-45.27	1000.0	1	1	1	1
20230404130428	-16.96	0.69	-60.94	-45.34	1000.0	1	1	1	1
20230404130429	-16.99	0.69	-60.96	-45.31	1000.0	1	1	1	1
20230404130430	-17.05	0.67	-61.22	-45.34	1000.0	1	1	1	1
20230404130431	-17.02	0.69	-60.98	-45.31	1000.0	1	1	1	1
20230404130432	-17.04	0.69	-61.0	-45.34	1000.0	1	1	1	1
20230404130434	-17.05	0.67	-61.22	-45.36	1000.0	1	1	1	1
20230404130435	-17.08	0.65	-61.46	-45.34	1000.0	1	1	1	1
20230404130436	-17.05	0.66	-61.33	-45.39	1000.0	1	1	1	1
20230404130437	-17.09	0.65	-61.47	-45.39	1000.0	1	1	1	1
20230404130438	-17.09	0.71	-60.82	-45.41	1000.0	1	1	1	1
20230404130439	-17.09	0.71	-60.82	-45.39	1000.0	1	1	1	1
20230404130440	-17.08	0.69	-61.02	-45.41	1000.0	1	1	1	1
20230404130441	-17.12	0.67	-61.27	-45.39	1000.0	1	1	1	1
20230404130442	-17.14	0.65	-61.5	-45.39	1000.0	1	1	1	1
20230404130444	-17.15	0.72	-60.76	-45.44	1000.0	1	1	1	1
20230404130445	-17.15	0.71	-60.86	-45.44	1000.0	1	1	1	1
20230404130446	-17.16	0.69	-61.08	-45.44	1000.0	1	1	1	1
20230404130447	-17.19	0.65	-61.53	-45.46	1000.0	1	1	1	1
20230404130448	-17.19	0.72	-60.79	-45.46	1000.0	1	1	1	1
20230404130449	-17.2	0.67	-61.32	-45.48	1000.0	1	1	1	1
20230404130450	-17.22	0.74	-60.61	-45.51	1000.0	1	1	1	1
20230404130451	-17.23	0.74	-60.61	-45.51	1000.0	1	1	1	1
20230404130453	-17.23	0.7	-61.02	-45.53	1000.0	1	1	1	1
20230404130454	-17.25	0.69	-61.14	-45.48	1000.0	1	1	1	1
20230404130455	-17.27	0.72	-60.84	-45.53	1000.0	1	1	1	1
20230404130456	-17.27	0.69	-61.15	-45.56	1000.0	1	1	1	1
20230404130457	-17.27	0.72	-60.84	-45.56	1000.0	1	1	1	1
20230404130458	-17.29	0.72	-60.86	-45.56	1000.0	1	1	1	1
20230404130459	-17.3	0.69	-61.17	-45.53	1000.0	1	1	1	1
20230404130500	-17.33	0.72	-60.88	-45.53	1000.0	1	1	1	1
20230404130501	-17.35	0.7	-61.1	-45.61	1000.0	1	1	1	1
20230404130503	-17.35	0.68	-61.32	-45.56	1000.0	1	1	1	1
20230404130504	-17.36	0.7	-61.11	-45.61	1000.0	1	1	1	1
20230404130505	-17.37	0.65	-61.66	-45.61	1000.0	1	1	1	1
20230404130506	-17.4	0.72	-60.93	-45.58	1000.0	1	1	1	1
20230404130507	-17.4	0.7	-61.14	-45.66	1000.0	1	1	1	1
20230404130508	-17.45	0.72	-60.97	-45.66	1000.0	1	1	1	1
20230404130509	-17.45	0.68	-61.38	-45.66	1000.0	1	1	1	1
20230404130510	-17.45	0.66	-61.6	-45.63	1000.0	1	1	1	1
20230404130511	-17.49	0.75	-60.7	-45.68	1000.0	1	1	1	1
20230404130513	-17.47	0.68	-61.4	-45.68	1000.0	1	1	1	1
20230404130514	-17.49	0.66	-61.63	-45.71	1000.0	1	1	1	1
20230404130515	-17.52	0.7	-61.22	-45.71	1000.0	1	1	1	1
20230404130516	-17.52	0.7	-61.22	-45.66	1000.0	1	1	1	1
20230404130517	-17.52	0.75	-60.72	-45.73	1000.0	1	1	1	1
20230404130518	-17.56	0.7	-61.25	-45.71	1000.0	1	1	1	1
20230404130519	-17.55	0.72	-61.04	-45.71	1000.0	1	1	1	1
20230404130520	-17.57	0.7	-61.26	-45.75	1000.0	1	1	1	1
20230404130521	-17.56	0.68	-61.46	-45.75	1000.0	1	1	1	1
20230404130523	-17.57	0.72	-61.05	-45.73	1000.0	1	1	1	1
20230404130524	-17.62	0.75	-60.79	-45.75	1000.0	1	1	1	1
20230404130525	-17.62	0.73	-60.98	-45.78	1000.0	1	1	1	1
20230404130526	-17.65	0.75	-60.81	-45.75	1000.0	1	1	1	1
20230404130527	-17.62	0.73	-60.98	-45.8	1000.0	1	1	1	1
20230404130528	-17.65	0.64	-61.96	-45.78	1000.0	1	1	1	1
20230404130529	-17.66	0.68	-61.53	-45.78	1000.0	1	1	1	1
20230404130530	-17.67	0.71	-61.22	-45.85	1000.0	1	1	1	1
20230404130532	-17.69	0.67	-61.66	-45.85	1000.0	1	1	1	1
20230404130533	-17.69	0.71	-61.23	-45.85	1000.0	1	1	1	1
20230404130534	-17.7	0.69	-61.45	-45.8	1000.0	1	1	1	1
20230404130535	-17.69	0.67	-61.66	-45.85	1000.0	1	1	1	1
20230404130536	-17.73	0.75	-60.86	-45.85	1000.0	1	1	1	1
20230404130537	-17.71	0.71	-61.25	-45.88	1000.0	1	1	1	1
20230404130538	-17.76	0.67	-61.7	-45.88	1000.0	1	1	1	1
20230404130539	-17.76	0.73	-61.08	-45.85	1000.0	1	1	1	1
20230404130540	-17.74	0.69	-61.48	-45.9	1000.0	1	1	1	1
20230404130542	-17.79	0.67	-61.72	-45.93	1000.0	1	1	1	1
20230404130543	-17.79	0.82	-60.25	-45.88	1000.0	1	1	1	1
20230404130544	-17.81	0.75	-60.92	-45.98	1000.0	1	1	1	1
20230404130545	-17.84	0.74	-61.04	-45.9	1000.0	1	1	1	1
20230404130546	-17.81	0.75	-60.92	-45.93	1000.0	1	1	1	1
20230404130547	-17.86	0.72	-61.25	-45.93	1000.0	1	1	1	1
20230404130548	-17.83	0.71	-61.33	-45.95	1000.0	1	1	1	1
20230404130549	-17.88	0.71	-61.36	-45.98	1000.0	1	1	1	1
20230404130550	-17.88	0.69	-61.57	-45.98	1000.0	1	1	1	1
20230404130552	-17.9	0.76	-60.88	-46.0	1000.0	1	1	1	1
20230404130553	-17.94	0.72	-61.3	-46.0	1000.0	1	1	1	1
20230404130554	-17.93	0.69	-61.61	-45.98	1000.0	1	1	1	1
20230404130555	-17.93	0.72	-61.3	-46.03	1000.0	1	1	1	1
20230404130556	-17.94	0.76	-60.91	-46.05	1000.0	1	1	1	1
20230404130557	-17.91	0.72	-61.28	-46.0	1000.0	1	1	1	1
20230404130558	-17.95	0.7	-61.52	-46.05	1000.0	1	1	1	1
20230404130559	-17.95	0.8	-60.54	-46.08	1000.0	1	1	1	1
20230404130601	-17.98	0.7	-61.54	-46.08	1000.0	1	1	1	1
20230404130602	-18.0	0.72	-61.35	-46.1	1000.0	1	1	1	1
20230404130603	-18.0	0.76	-60.95	-46.08	1000.0	1	1	1	1
20230404130604	-18.0	0.74	-61.15	-46.05	1000.0	1	1	1	1
20230404130605	-18.04	0.69	-61.68	-46.13	1000.0	1	1	1	1
20230404130606	-18.02	0.72	-61.36	-46.13	1000.0	1	1	1	1
20230404130607	-18.05	0.74	-61.18	-46.15	1000.0	1	1	1	1
20230404130608	-18.05	0.74	-61.18	-46.15	1000.0	1	1	1	1
20230404130609	-18.07	0.72	-61.39	-46.13	1000.0	1	1	1	1
20230404130611	-18.07	0.74	-61.19	-46.18	1000.0	1	1	1	1
20230404130612	-18.08	0.74	-61.2	-46.18	1000.0	1	1	1	1
20230404130613	-18.1	0.74	-61.21	-46.18	1000.0	1	1	1	1
20230404130614	-18.1	0.72	-61.41	-46.15	1000.0	1	1	1	1
20230404130615	-18.14	0.74	-61.24	-46.18	1000.0	1	1	1	1
20230404130616	-18.15	0.72	-61.45	-46.15	1000.0	1	1	1	1
20230404130617	-18.12	0.67	-61.95	-46.2	1000.0	1	1	1	1
20230404130618	-18.12	0.72	-61.43	-46.2	1000.0	1	1	1	1
20230404130620	-18.15	0.76	-61.05	-46.25	1000.0	1	1	1	1
20230404130621	-18.17	0.72	-61.46	-46.23	1000.0	1	1	1	1
20230404130622	-18.2	0.72	-61.48	-46.25	1000.0	1	1	1	1
20230404130623	-18.21	0.73	-61.39	-46.25	1000.0	1	1	1	1
20230404130624	-18.21	0.72	-61.49	-46.25	1000.0	1	1	1	1
20230404130625	-18.21	0.75	-61.19	-46.25	1000.0	1	1	1	1
20230404130626	-18.24	0.73	-61.41	-46.28	1000.0	1	1	1	1
20230404130627	-18.24	0.73	-61.41	-46.23	1000.0	1	1	1	1
20230404130628	-18.25	0.72	-61.52	-46.28	1000.0	1	1	1	1
20230404130630	-18.28	0.75	-61.24	-46.28	1000.0	1	1	1	1
20230404130631	-18.28	0.72	-61.54	-46.3	1000.0	1	1	1	1
20230404130632	-18.32	0.7	-61.77	-46.3	1000.0	1	1	1	1
20230404130633	-18.31	0.73	-61.46	-46.3	1000.0	1	1	1	1
20230404130634	-18.32	0.73	-61.47	-46.3	1000.0	1	1	1	1
20230404130635	-18.33	0.7	-61.78	-46.33	1000.0	1	1	1	1
20230404130636	-18.32	0.71	-61.67	-46.28	1000.0	1	1	1	1
20230404130637	-18.33	0.71	-61.67	-46.35	1000.0	1	1	1	1
20230404130639	-18.36	0.78	-61.01	-46.3	1000.0	1	1	1	1
20230404130640	-18.36	0.73	-61.49	-46.33	1000.0	1	1	1	1
20230404130641	-18.36	0.75	-61.3	-46.38	1000.0	1	1	1	1
20230404130642	-18.38	0.7	-61.81	-46.3	1000.0	1	1	1	1
20230404130643	-18.41	0.71	-61.73	-46.4	1000.0	1	1	1	1
20230404130644	-18.42	0.68	-62.05	-46.35	1000.0	1	1	1	1
20230404130645	-18.42	0.71	-61.74	-46.4	1000.0	1	1	1	1
20230404130646	-18.43	0.71	-61.74	-46.4	1000.0	1	1	1	1
20230404130648	-18.43	0.69	-61.95	-46.4	1000.0	1	1	1	1
20230404130649	-18.45	0.75	-61.36	-46.43	1000.0	1	1	1	1
20230404130650	-18.42	0.71	-61.74	-46.38	1000.0	1	1	1	1
20230404130651	-18.48	0.78	-61.09	-46.43	1000.0	1	1	1	1
20230404130652	-18.48	0.75	-61.38	-46.4	1000.0	1	1	1	1
20230404130653	-18.48	0.71	-61.78	-46.45	1000.0	1	1	1	1
20230404130654	-18.49	0.73	-61.58	-46.45	1000.0	1	1	1	1
20230404130655	-18.5	0.76	-61.3	-46.43	1000.0	1	1	1	1
20230404130656	-18.5	0.73	-61.59	-46.43	1000.0	1	1	1	1
20230404130658	-18.5	0.73	-61.59	-46.48	1000.0	1	1	1	1
20230404130659	-18.49	0.73	-61.58	-46.5	1000.0	1	1	1	1
20230404130700	-18.5	0.78	-61.11	-46.5	1000.0	1	1	1	1
20230404130701	-18.52	0.76	-61.31	-46.5	1000.0	1	1	1	1
20230404130702	-18.53	0.75	-61.41	-46.5	1000.0	1	1	1	1
20230404130703	-18.57	0.72	-61.74	-46.5	1000.0	1	1	1	1
20230404130704	-18.53	0.71	-61.81	-46.53	1000.0	1	1	1	1
20230404130705	-18.56	0.71	-61.83	-46.53	1000.0	1	1	1	1
20230404130707	-18.59	0.78	-61.17	-46.53	1000.0	1	1	1	1
20230404130708	-18.6	0.76	-61.37	-46.56	1000.0	1	1	1	1
20230404130709	-18.62	0.69	-62.08	-46.56	1000.0	1	1	1	1
20230404130710	-18.62	0.76	-61.38	-46.58	1000.0	1	1	1	1
20230404130711	-18.65	0.76	-61.4	-46.58	1000.0	1	1	1	1
20230404130712	-18.65	0.69	-62.1	-46.53	1000.0	1	1	1	1
20230404130713	-18.66	0.74	-61.6	-46.58	1000.0	1	1	1	1
20230404130714	-18.69	0.78	-61.24	-46.58	1000.0	1	1	1	1
20230404130715	-18.69	0.69	-62.13	-46.58	1000.0	1	1	1	1
20230404130717	-18.7	0.76	-61.43	-46.61	1000.0	1	1	1	1
20230404130718	-18.7	0.76	-61.43	-46.61	1000.0	1	1	1	1
20230404130719	-18.7	0.74	-61.63	-46.58	1000.0	1	1	1	1
20230404130720	-18.7	0.74	-61.63	-46.63	1000.0	1	1	1	1
20230404130721	-18.72	0.72	-61.84	-46.58	1000.0	1	1	1	1
20230404130722	-18.69	0.78	-61.24	-46.63	1000.0	1	1	1	1
20230404130723	-18.75	0.76	-61.47	-46.61	1000.0	1	1	1	1
20230404130724	-18.73	0.76	-61.46	-46.68	1000.0	1	1	1	1
20230404130725	-18.75	0.79	-61.19	-46.68	1000.0	1	1	1	1
20230404130727	-18.72	0.76	-61.45	-46.68	1000.0	1	1	1	1
20230404130728	-18.73	0.74	-61.65	-46.68	1000.0	1	1	1	1
20230404130729	-18.77	0.72	-61.88	-46.71	1000.0	1	1	1	1
20230404130730	-18.79	0.72	-61.89	-46.71	1000.0	1	1	1	1
20230404130731	-18.79	0.74	-61.69	-46.66	1000.0	1	1	1	1
20230404130732	-18.82	0.76	-61.52	-46.71	1000.0	1	1	1	1
20230404130733	-18.83	0.74	-61.72	-46.71	1000.0	1	1	1	1
20230404130734	-18.83	0.74	-61.72	-46.71	1000.0	1	1	1	1
20230404130735	-18.87	0.72	-61.94	-46.68	1000.0	1	1	1	1
20230404130737	-18.87	0.77	-61.46	-46.73	1000.0	1	1	1	1
20230404130738	-18.9	0.81	-61.11	-46.73	1000.0	1	1	1	1
20230404130739	-18.9	0.76	-61.57	-46.76	1000.0	1	1	1	1
20230404130740	-18.9	0.74	-61.77	-46.76	1000.0	1	1	1	1
20230404130741	-18.9	0.76	-61.57	-46.78	1000.0	1	1	1	1
20230404130742	-18.92	0.74	-61.78	-46.81	1000.0	1	1	1	1
20230404130743	-18.95	0.7	-62.2	-46.76	1000.0	1	1	1	1
20230404130744	-18.96	0.81	-61.15	-46.76	1000.0	1	1	1	1
20230404130745	-18.96	0.79	-61.33	-46.81	1000.0	1	1	1	1
20230404130747	-18.97	0.72	-62.01	-46.78	1000.0	1	1	1	1
20230404130748	-18.97	0.75	-61.72	-46.81	1000.0	1	1	1	1
20230404130749	-18.99	0.77	-61.54	-46.84	1000.0	1	1	1	1
20230404130750	-19.02	0.75	-61.75	-46.81	1000.0	1	1	1	1
20230404130751	-19.04	0.73	-61.96	-46.81	1000.0	1	1	1	1
20230404130752	-19.06	0.75	-61.78	-46.86	1000.0	1	1	1	1
20230404130753	-19.04	0.77	-61.57	-46.86	1000.0	1	1	1	1
20230404130754	-19.04	0.75	-61.77	-46.89	1000.0	1	1	1	1
20230404130755	-19.04	0.71	-62.16	-46.89	1000.0	1	1	1	1
20230404130757	-19.07	0.75	-61.79	-46.89	1000.0	1	1	1	1
20230404130758	-19.1	0.75	-61.81	-46.91	1000.0	1	1	1	1
20230404130759	-19.11	0.75	-61.81	-46.91	1000.0	1	1	1	1
20230404130800	-19.13	0.8	-61.36	-46.86	1000.0	1	1	1	1
20230404130801	-19.13	0.73	-62.02	-46.89	1000.0	1	1	1	1
20230404130802	-19.13	0.73	-62.02	-46.94	1000.0	1	1	1	1
20230404130803	-19.13	0.73	-62.02	-46.94	1000.0	1	1	1	1
20230404130804	-19.17	0.67	-62.67	-46.91	1000.0	1	1	1	1
20230404130806	-19.17	0.82	-61.21	-46.94	1000.0	1	1	1	1
20230404130807	-19.18	0.73	-62.06	-46.96	1000.0	1	1	1	1
20230404130808	-19.17	0.8	-61.39	-46.96	1000.0	1	1	1	1
20230404130809	-19.18	0.75	-61.86	-46.96	1000.0	1	1	1	1
20230404130810	-19.2	0.73	-62.07	-46.99	1000.0	1	1	1	1
20230404130811	-19.2	0.76	-61.78	-47.02	1000.0	1	1	1	1
20230404130812	-19.2	0.76	-61.78	-47.02	1000.0	1	1	1	1
20230404130813	-19.21	0.78	-61.6	-47.02	1000.0	1	1	1	1
20230404130814	-19.24	0.78	-61.62	-47.02	1000.0	1	1	1	1
20230404130816	-19.24	0.8	-61.44	-47.04	1000.0	1	1	1	1
20230404130817	-19.24	0.71	-62.3	-47.04	1000.0	1	1	1	1
20230404130818	-19.26	0.82	-61.27	-46.99	1000.0	1	1	1	1
20230404130819	-19.28	0.8	-61.46	-47.02	1000.0	1	1	1	1
20230404130820	-19.27	0.76	-61.83	-47.04	1000.0	1	1	1	1
20230404130821	-19.3	0.73	-62.14	-47.04	1000.0	1	1	1	1
20230404130822	-19.31	0.72	-62.25	-47.07	1000.0	1	1	1	1
20230404130823	-19.31	0.76	-61.86	-47.02	1000.0	1	1	1	1
20230404130824	-19.34	0.74	-62.07	-47.07	1000.0	1	1	1	1
20230404130826	-19.35	0.72	-62.28	-47.04	1000.0	1	1	1	1
20230404130827	-19.34	0.71	-62.37	-47.04	1000.0	1	1	1	1
20230404130828	-19.35	0.8	-61.51	-47.07	1000.0	1	1	1	1
20230404130829	-19.35	0.76	-61.88	-47.12	1000.0	1	1	1	1
20230404130830	-19.37	0.71	-62.39	-47.12	1000.0	1	1	1	1
20230404130831	-19.4	0.78	-61.73	-47.09	1000.0	1	1	1	1
20230404130832	-19.41	0.72	-62.32	-47.15	1000.0	1	1	1	1
20230404130833	-19.44	0.85	-61.13	-47.15	1000.0	1	1	1	1
20230404130835	-19.41	0.78	-61.74	-47.15	1000.0	1	1	1	1
20230404130836	-19.42	0.76	-61.93	-47.12	1000.0	1	1	1	1
20230404130837	-19.42	0.78	-61.74	-47.17	1000.0	1	1	1	1
20230404130838	-19.42	0.8	-61.56	-47.12	1000.0	1	1	1	1
20230404130839	-19.48	0.78	-61.79	-47.12	1000.0	1	1	1	1
20230404130840	-19.47	0.78	-61.78	-47.12	1000.0	1	1	1	1
20230404130841	-19.48	0.76	-61.97	-47.2	1000.0	1	1	1	1
20230404130842	-19.48	0.74	-62.17	-47.15	1000.0	1	1	1	1
20230404130843	-19.5	0.78	-61.8	-47.15	1000.0	1	1	1	1
20230404130845	-19.52	0.74	-62.2	-47.2	1000.0	1	1	1	1
20230404130846	-19.52	0.76	-62.0	-47.17	1000.0	1	1	1	1
20230404130847	-19.52	0.78	-61.81	-47.2	1000.0	1	1	1	1
20230404130848	-19.54	0.78	-61.83	-47.17	1000.0	1	1	1	1
20230404130849	-19.55	0.77	-61.93	-47.25	1000.0	1	1	1	1
20230404130850	-19.54	0.79	-61.74	-47.25	1000.0	1	1	1	1
20230404130851	-19.57	0.76	-62.04	-47.25	1000.0	1	1	1	1
20230404130852	-19.58	0.77	-61.95	-47.22	1000.0	1	1	1	1
20230404130853	-19.58	0.74	-62.24	-47.25	1000.0	1	1	1	1
20230404130855	-19.59	0.79	-61.77	-47.25	1000.0	1	1	1	1
20230404130856	-19.58	0.77	-61.95	-47.22	1000.0	1	1	1	1
20230404130857	-19.63	0.72	-62.47	-47.25	1000.0	1	1	1	1
20230404130858	-19.66	0.79	-61.82	-47.3	1000.0	1	1	1	1
20230404130859	-19.63	0.79	-61.8	-47.25	1000.0	1	1	1	1
20230404130900	-19.65	0.77	-62.0	-47.28	1000.0	1	1	1	1
20230404130901	-19.65	0.79	-61.81	-47.28	1000.0	1	1	1	1
20230404130902	-19.66	0.86	-61.2	-47.33	1000.0	1	1	1	1
20230404130903	-19.69	0.86	-61.22	-47.28	1000.0	1	1	1	1
20230404130905	-19.71	0.82	-61.58	-47.28	1000.0	1	1	1	1
20230404130906	-19.72	0.81	-61.68	-47.33	1000.0	1	1	1	1
20230404130907	-19.71	0.77	-62.04	-47.35	1000.0	1	1	1	1
20230404130908	-19.72	0.77	-62.05	-47.35	1000.0	1	1	1	1
20230404130909	-19.71	0.77	-62.04	-47.33	1000.0	1	1	1	1
20230404130910	-19.73	0.82	-61.6	-47.35	1000.0	1	1	1	1
20230404130911	-19.72	0.81	-61.68	-47.33	1000.0	1	1	1	1
20230404130912	-19.72	0.77	-62.05	-47.35	1000.0	1	1	1	1
20230404130914	-19.72	0.79	-61.86	-47.38	1000.0	1	1	1	1
20230404130915	-19.75	0.81	-61.7	-47.38	1000.0	1	1	1	1
20230404130916	-19.79	0.75	-62.28	-47.35	1000.0	1	1	1	1
20230404130917	-19.79	0.84	-61.46	-47.35	1000.0	1	1	1	1
20230404130918	-19.78	0.81	-61.72	-47.41	1000.0	1	1	1	1
20230404130919	-19.79	0.84	-61.46	-47.43	1000.0	1	1	1	1
20230404130920	-19.82	0.84	-61.48	-47.43	1000.0	1	1	1	1
20230404130921	-19.83	0.8	-61.85	-47.43	1000.0	1	1	1	1
20230404130922	-19.82	0.78	-62.02	-47.46	1000.0	1	1	1	1
20230404130924	-19.85	0.75	-62.33	-47.46	1000.0	1	1	1	1
20230404130925	-19.81	0.75	-62.3	-47.41	1000.0	1	1	1	1
20230404130926	-19.86	0.84	-61.51	-47.43	1000.0	1	1	1	1
20230404130927	-19.86	0.8	-61.87	-47.49	1000.0	1	1	1	1
20230404130928	-19.87	0.82	-61.69	-47.43	1000.0	1	1	1	1
20230404130929	-19.9	0.84	-61.54	-47.49	1000.0	1	1	1	1
20230404130930	-19.9	0.78	-62.08	-47.46	1000.0	1	1	1	1
20230404130931	-19.87	0.82	-61.69	-47.51	1000.0	1	1	1	1
20230404130932	-19.92	0.8	-61.91	-47.51	1000.0	1	1	1	1
20230404130934	-19.92	0.8	-61.91	-47.51	1000.0	1	1	1	1
20230404130935	-19.93	0.82	-61.74	-47.49	1000.0	1	1	1	1
20230404130936	-19.93	0.8	-61.91	-47.54	1000.0	1	1	1	1
20230404130937	-19.96	0.78	-62.12	-47.56	1000.0	1	1	1	1
20230404130938	-19.96	0.78	-62.12	-47.56	1000.0	1	1	1	1
20230404130939	-19.97	0.8	-61.94	-47.56	1000.0	1	1	1	1
20230404130940	-19.99	0.78	-62.14	-47.56	1000.0	1	1	1	1
20230404130941	-19.99	0.82	-61.78	-47.54	1000.0	1	1	1	1
20230404130943	-20.02	0.76	-62.35	-47.59	1000.0	1	1	1	1
20230404130944	-20.03	0.87	-61.37	-47.54	1000.0	1	1	1	1
20230404130945	-20.02	0.78	-62.16	-47.56	1000.0	1	1	1	1
20230404130946	-20.05	0.82	-61.82	-47.59	1000.0	1	1	1	1
20230404130947	-20.05	0.8	-62.0	-47.62	1000.0	1	1	1	1
20230404130948	-20.07	0.81	-61.92	-47.56	1000.0	1	1	1	1
20230404130949	-20.06	0.8	-62.01	-47.59	1000.0	1	1	1	1
20230404130950	-20.09	0.8	-62.03	-47.59	1000.0	1	1	1	1
20230404130951	-20.07	0.76	-62.38	-47.64	1000.0	1	1	1	1
20230404130953	-20.07	0.87	-61.4	-47.64	1000.0	1	1	1	1
20230404130954	-20.13	0.83	-61.79	-47.62	1000.0	1	1	1	1
20230404130955	-20.1	0.81	-61.94	-47.67	1000.0	1	1	1	1
20230404130956	-20.13	0.8	-62.05	-47.67	1000.0	1	1	1	1
20230404130957	-20.12	0.83	-61.78	-47.7	1000.0	1	1	1	1
20230404130958	-20.13	0.83	-61.79	-47.7	1000.0	1	1	1	1
20230404130959	-20.16	0.83	-61.81	-47.64	1000.0	1	1	1	1
20230404131000	-20.16	0.76	-62.45	-47.7	1000.0	1	1	1	1
20230404131001	-20.16	0.8	-62.07	-47.7	1000.0	1	1	1	1
20230404131003	-20.17	0.79	-62.17	-47.67	1000.0	1	1	1	1
20230404131004	-20.17	0.85	-61.64	-47.67	1000.0	1	1	1	1
20230404131005	-20.2	0.83	-61.84	-47.75	1000.0	1	1	1	1
20230404131006	-20.19	0.81	-62.01	-47.75	1000.0	1	1	1	1
20230404131007	-20.22	0.83	-61.85	-47.75	1000.0	1	1	1	1
20230404131008	-20.22	0.85	-61.68	-47.78	1000.0	1	1	1	1
20230404131009	-20.23	0.76	-62.49	-47.78	1000.0	1	1	1	1
20230404131010	-20.24	0.81	-62.04	-47.75	1000.0	1	1	1	1
20230404131011	-20.26	0.74	-62.71	-47.78	1000.0	1	1	1	1
20230404131013	-20.27	0.85	-61.71	-47.8	1000.0	1	1	1	1
20230404131014	-20.29	0.83	-61.9	-47.75	1000.0	1	1	1	1
20230404131015	-20.29	0.83	-61.9	-47.8	1000.0	1	1	1	1
20230404131016	-20.3	0.83	-61.91	-47.78	1000.0	1	1	1	1
20230404131017	-20.27	0.83	-61.88	-47.8	1000.0	1	1	1	1
20230404131018	-20.3	0.83	-61.91	-47.83	1000.0	1	1	1	1
20230404131019	-20.32	0.79	-62.28	-47.83	1000.0	1	1	1	1
20230404131020	-20.3	0.81	-62.08	-47.83	1000.0	1	1	1	1
20230404131021	-20.36	0.83	-61.95	-47.86	1000.0	1	1	1	1
20230404131023	-20.36	0.88	-61.52	-47.8	1000.0	1	1	1	1
20230404131024	-20.36	0.79	-62.3	-47.86	1000.0	1	1	1	1
20230404131025	-20.38	0.86	-61.7	-47.8	1000.0	1	1	1	1
20230404131026	-20.41	0.86	-61.72	-47.86	1000.0	1	1	1	1
20230404131027	-20.43	0.84	-61.91	-47.88	1000.0	1	1	1	1
20230404131028	-20.43	0.84	-61.91	-47.83	1000.0	1	1	1	1
20230404131029	-20.41	0.81	-62.16	-47.88	1000.0	1	1	1	1
20230404131030	-20.44	0.82	-62.09	-47.91	1000.0	1	1	1	1
20230404131032	-20.44	0.84	-61.92	-47.91	1000.0	1	1	1	1
20230404131033	-20.47	0.82	-62.11	-47.86	1000.0	1	1	1	1
20230404131034	-20.46	0.84	-61.93	-47.91	1000.0	1	1	1	1
20230404131035	-20.47	0.89	-61.52	-47.88	1000.0	1	1	1	1
20230404131036	-20.47	0.86	-61.77	-47.94	1000.0	1	1	1	1
20230404131037	-20.46	0.86	-61.76	-47.94	1000.0	1	1	1	1
20230404131038	-20.47	0.79	-62.38	-47.94	1000.0	1	1	1	1
20230404131039	-20.46	0.86	-61.76	-47.91	1000.0	1	1	1	1
20230404131040	-20.48	0.81	-62.21	-47.91	1000.0	1	1	1	1
20230404131042	-20.48	0.86	-61.77	-47.99	1000.0	1	1	1	1
20230404131043	-20.5	0.82	-62.13	-47.99	1000.0	1	1	1	1
20230404131044	-20.5	0.84	-61.96	-47.94	1000.0	1	1	1	1
20230404131045	-20.53	0.88	-61.64	-47.99	1000.0	1	1	1	1
20230404131046	-20.53	0.86	-61.81	-47.96	1000.0	1	1	1	1
20230404131047	-20.56	0.91	-61.42	-48.02	1000.0	1	1	1	1
20230404131048	-20.57	0.77	-62.64	-48.02	1000.0	1	1	1	1
20230404131049	-20.58	0.78	-62.55	-48.02	1000.0	1	1	1	1
20230404131050	-20.61	0.8	-62.39	-47.99	1000.0	1	1	1	1
20230404131052	-20.58	0.87	-61.76	-47.99	1000.0	1	1	1	1
20230404131053	-20.6	0.87	-61.77	-47.99	1000.0	1	1	1	1
20230404131054	-20.61	0.87	-61.78	-48.04	1000.0	1	1	1	1
20230404131055	-20.64	0.82	-62.23	-48.04	1000.0	1	1	1	1
20230404131056	-20.64	0.82	-62.23	-48.07	1000.0	1	1	1	1
20230404131057	-20.63	0.82	-62.22	-48.02	1000.0	1	1	1	1
20230404131058	-20.63	0.82	-62.22	-48.07	1000.0	1	1	1	1
20230404131059	-20.65	0.86	-61.89	-48.07	1000.0	1	1	1	1
20230404131101	-20.67	0.82	-62.25	-48.02	1000.0	1	1	1	1
20230404131102	-20.67	0.87	-61.82	-48.1	1000.0	1	1	1	1
20230404131103	-20.68	0.84	-62.08	-48.04	1000.0	1	1	1	1
20230404131104	-20.69	0.85	-62.01	-48.12	1000.0	1	1	1	1
20230404131105	-20.68	0.85	-62.0	-48.12	1000.0	1	1	1	1
20230404131106	-20.71	0.91	-61.52	-48.12	1000.0	1	1	1	1
20230404131107	-20.71	0.85	-62.02	-48.12	1000.0	1	1	1	1
20230404131108	-20.74	0.83	-62.21	-48.12	1000.0	1	1	1	1
20230404131110	-20.75	0.83	-62.22	-48.15	1000.0	1	1	1	1
20230404131111	-20.74	0.87	-61.87	-48.15	1000.0	1	1	1	1
20230404131112	-20.77	0.89	-61.73	-48.12	1000.0	1	1	1	1
20230404131113	-20.79	0.85	-62.08	-48.15	1000.0	1	1	1	1
20230404131114	-20.78	0.83	-62.24	-48.18	1000.0	1	1	1	1
20230404131115	-20.78	0.8	-62.51	-48.18	1000.0	1	1	1	1
20230404131116	-20.81	0.81	-62.44	-48.15	1000.0	1	1	1	1
20230404131117	-20.79	0.83	-62.25	-48.21	1000.0	1	1	1	1
20230404131118	-20.84	0.87	-61.94	-48.15	1000.0	1	1	1	1
20230404131120	-20.87	0.89	-61.8	-48.21	1000.0	1	1	1	1
20230404131121	-20.85	0.83	-62.29	-48.23	1000.0	1	1	1	1
20230404131122	-20.87	0.83	-62.3	-48.18	1000.0	1	1	1	1
20230404131123	-20.88	0.87	-61.97	-48.21	1000.0	1	1	1	1
20230404131124	-20.88	0.87	-61.97	-48.26	1000.0	1	1	1	1
20230404131125	-20.88	0.85	-62.14	-48.21	1000.0	1	1	1	1
20230404131126	-20.89	0.87	-61.98	-48.21	1000.0	1	1	1	1
20230404131127	-20.89	0.89	-61.81	-48.23	1000.0	1	1	1	1
20230404131128	-20.92	0.83	-62.34	-48.23	1000.0	1	1	1	1
20230404131130	-20.92	0.83	-62.34	-48.23	1000.0	1	1	1	1
20230404131131	-20.95	0.83	-62.36	-48.23	1000.0	1	1	1	1
20230404131132	-20.93	0.92	-61.6	-48.23	1000.0	1	1	1	1
20230404131133	-20.92	0.87	-62.0	-48.29	1000.0	1	1	1	1
20230404131134	-20.95	0.96	-61.3	-48.23	1000.0	1	1	1	1
20230404131135	-20.93	0.87	-62.0	-48.29	1000.0	1	1	1	1
20230404131136	-20.96	0.83	-62.37	-48.29	1000.0	1	1	1	1
20230404131137	-21.02	0.87	-62.07	-48.31	1000.0	1	1	1	1
20230404131138	-21.01	0.83	-62.4	-48.26	1000.0	1	1	1	1
20230404131140	-21.03	0.86	-62.16	-48.26	1000.0	1	1	1	1
20230404131141	-21.05	0.9	-61.84	-48.34	1000.0	1	1	1	1
20230404131142	-21.05	0.86	-62.17	-48.34	1000.0	1	1	1	1
20230404131143	-21.05	0.9	-61.84	-48.34	1000.0	1	1	1	1
20230404131144	-21.05	0.88	-62.01	-48.29	1000.0	1	1	1	1
20230404131145	-21.09	0.86	-62.2	-48.37	1000.0	1	1	1	1
20230404131146	-21.09	0.88	-62.03	-48.31	1000.0	1	1	1	1
20230404131147	-21.09	0.9	-61.87	-48.31	1000.0	1	1	1	1
20230404131149	-21.13	0.86	-62.23	-48.4	1000.0	1	1	1	1
20230404131150	-21.12	0.95	-61.5	-48.34	1000.0	1	1	1	1
20230404131151	-21.09	0.84	-62.37	-48.4	1000.0	1	1	1	1
20230404131152	-21.09	0.86	-62.2	-48.34	1000.0	1	1	1	1
20230404131153	-21.12	0.9	-61.89	-48.37	1000.0	1	1	1	1
20230404131154	-21.13	0.83	-62.48	-48.4	1000.0	1	1	1	1
20230404131155	-21.15	0.88	-62.08	-48.4	1000.0	1	1	1	1
20230404131156	-21.16	0.9	-61.92	-48.4	1000.0	1	1	1	1
20230404131157	-21.16	0.92	-61.76	-48.37	1000.0	1	1	1	1
20230404131159	-21.18	0.77	-63.06	-48.42	1000.0	1	1	1	1
20230404131200	-21.16	0.93	-61.68	-48.42	1000.0	1	1	1	1
20230404131201	-21.19	0.89	-62.02	-48.37	1000.0	1	1	1	1
20230404131202	-21.19	0.89	-62.02	-48.45	1000.0	1	1	1	1
20230404131203	-21.19	0.84	-62.44	-48.4	1000.0	1	1	1	1
20230404131204	-21.2	0.86	-62.28	-48.45	1000.0	1	1	1	1
20230404131205	-21.23	0.86	-62.3	-48.4	1000.0	1	1	1	1
20230404131206	-21.24	0.86	-62.31	-48.4	1000.0	1	1	1	1
20230404131207	-21.26	0.86	-62.32	-48.42	1000.0	1	1	1	1
20230404131209	-21.23	0.84	-62.47	-48.48	1000.0	1	1	1	1
20230404131210	-21.26	0.93	-61.75	-48.42	1000.0	1	1	1	1
20230404131211	-21.27	0.95	-61.6	-48.42	1000.0	1	1	1	1
20230404131212	-21.29	0.86	-62.34	-48.45	1000.0	1	1	1	1
20230404131213	-21.29	0.95	-61.62	-48.45	1000.0	1	1	1	1
20230404131214	-21.3	0.93	-61.78	-48.51	1000.0	1	1	1	1
20230404131215	-21.3	0.84	-62.52	-48.48	1000.0	1	1	1	1
20230404131216	-21.3	0.93	-61.78	-48.48	1000.0	1	1	1	1
20230404131218	-21.32	0.93	-61.79	-48.51	1000.0	1	1	1	1
20230404131219	-21.33	0.89	-62.12	-48.48	1000.0	1	1	1	1
20230404131220	-21.33	0.91	-61.96	-48.48	1000.0	1	1	1	1
20230404131221	-21.36	0.86	-62.39	-48.48	1000.0	1	1	1	1
20230404131222	-21.34	0.8	-62.9	-48.48	1000.0	1	1	1	1
20230404131223	-21.34	0.87	-62.29	-48.48	1000.0	1	1	1	1
20230404131224	-21.37	0.86	-62.4	-48.53	1000.0	1	1	1	1
20230404131225	-21.39	0.91	-62.0	-48.51	1000.0	1	1	1	1
20230404131226	-21.4	0.91	-62.01	-48.48	1000.0	1	1	1	1
20230404131228	-21.4	0.85	-62.5	-48.51	1000.0	1	1	1	1
20230404131229	-21.43	0.87	-62.35	-48.53	1000.0	1	1	1	1
20230404131230	-21.42	0.93	-61.87	-48.59	1000.0	1	1	1	1
20230404131231	-21.42	0.91	-62.02	-48.59	1000.0	1	1	1	1
20230404131232	-21.46	0.92	-61.97	-48.59	1000.0	1	1	1	1
20230404131233	-21.47	0.94	-61.82	-48.62	1000.0	1	1	1	1
20230404131234	-21.46	0.89	-62.21	-48.62	1000.0	1	1	1	1
20230404131235	-21.49	0.91	-62.07	-48.56	1000.0	1	1	1	1
20230404131236	-21.47	0.91	-62.06	-48.62	1000.0	1	1	1	1
20230404131238	-21.46	0.91	-62.05	-48.62	1000.0	1	1	1	1
20230404131239	-21.47	0.94	-61.82	-48.59	1000.0	1	1	1	1
20230404131240	-21.5	0.89	-62.24	-48.64	1000.0	1	1	1	1
20230404131241	-21.5	0.92	-62.0	-48.62	1000.0	1	1	1	1
20230404131242	-21.52	0.91	-62.09	-48.59	1000.0	1	1	1	1
20230404131243	-21.53	0.89	-62.26	-48.59	1000.0	1	1	1	1
20230404131244	-21.54	0.92	-62.03	-48.62	1000.0	1	1	1	1
20230404131245	-21.56	0.9	-62.2	-48.67	1000.0	1	1	1	1
20230404131247	-21.57	0.9	-62.21	-48.62	1000.0	1	1	1	1
20230404131248	-21.56	0.9	-62.2	-48.67	1000.0	1	1	1	1
20230404131249	-21.59	0.92	-62.06	-48.62	1000.0	1	1	1	1
20230404131250	-21.6	0.9	-62.23	-48.7	1000.0	1	1	1	1
20230404131251	-21.6	0.89	-62.31	-48.64	1000.0	1	1	1	1
20230404131252	-21.59	0.89	-62.3	-48.67	1000.0	1	1	1	1
20230404131253	-21.6	0.89	-62.31	-48.64	1000.0	1	1	1	1
20230404131254	-21.62	0.89	-62.32	-48.67	1000.0	1	1	1	1
20230404131255	-21.6	0.89	-62.31	-48.67	1000.0	1	1	1	1
20230404131257	-21.62	0.9	-62.24	-48.67	1000.0	1	1	1	1
20230404131258	-21.63	0.9	-62.25	-48.7	1000.0	1	1	1	1
20230404131259	-21.66	0.96	-61.8	-48.73	1000.0	1	1	1	1
20230404131300	-21.67	0.9	-62.28	-48.75	1000.0	1	1	1	1
20230404131301	-21.67	0.85	-62.69	-48.7	1000.0	1	1	1	1
20230404131302	-21.67	0.9	-62.28	-48.75	1000.0	1	1	1	1
20230404131303	-21.69	0.88	-62.45	-48.75	1000.0	1	1	1	1
20230404131304	-21.67	0.96	-61.81	-48.7	1000.0	1	1	1	1
20230404131305	-21.71	0.95	-61.92	-48.78	1000.0	1	1	1	1
20230404131307	-21.7	0.94	-61.98	-48.78	1000.0	1	1	1	1
20230404131308	-21.71	0.88	-62.47	-48.78	1000.0	1	1	1	1
20230404131309	-21.73	0.92	-62.16	-48.75	1000.0	1	1	1	1
20230404131310	-21.74	0.92	-62.17	-48.81	1000.0	1	1	1	1
20230404131311	-21.77	0.9	-62.35	-48.81	1000.0	1	1	1	1
20230404131312	-21.76	0.94	-62.03	-48.81	1000.0	1	1	1	1
20230404131313	-21.76	0.92	-62.18	-48.75	1000.0	1	1	1	1
20230404131314	-21.77	0.94	-62.03	-48.84	1000.0	1	1	1	1
20230404131316	-21.76	0.94	-62.03	-48.84	1000.0	1	1	1	1
20230404131317	-21.77	0.95	-61.96	-48.86	1000.0	1	1	1	1
20230404131318	-21.8	0.93	-62.13	-48.81	1000.0	1	1	1	1
20230404131319	-21.78	0.92	-62.2	-48.86	1000.0	1	1	1	1
20230404131320	-21.81	0.93	-62.14	-48.86	1000.0	1	1	1	1
20230404131321	-21.81	0.95	-61.99	-48.86	1000.0	1	1	1	1
20230404131322	-21.86	0.83	-62.99	-48.81	1000.0	1	1	1	1
20230404131323	-21.86	0.9	-62.41	-48.86	1000.0	1	1	1	1
20230404131324	-21.84	0.88	-62.56	-48.89	1000.0	1	1	1	1
20230404131326	-21.86	0.95	-62.02	-48.81	1000.0	1	1	1	1
20230404131327	-21.87	0.97	-61.88	-48.92	1000.0	1	1	1	1
20230404131328	-21.84	0.92	-62.24	-48.86	1000.0	1	1	1	1
20230404131329	-21.9	0.9	-62.44	-48.84	1000.0	1	1	1	1
20230404131330	-21.88	0.93	-62.19	-48.84	1000.0	1	1	1	1
20230404131331	-21.88	0.95	-62.04	-48.92	1000.0	1	1	1	1
20230404131332	-21.9	0.84	-62.94	-48.86	1000.0	1	1	1	1
20230404131333	-21.91	0.95	-62.06	-48.92	1000.0	1	1	1	1
20230404131334	-21.91	0.97	-61.91	-48.95	1000.0	1	1	1	1
20230404131336	-21.93	0.91	-62.38	-48.95	1000.0	1	1	1	1
20230404131337	-21.93	0.88	-62.62	-48.89	1000.0	1	1	1	1
20230404131338	-21.94	0.97	-61.93	-48.95	1000.0	1	1	1	1
20230404131339	-21.97	0.91	-62.41	-48.95	1000.0	1	1	1	1
20230404131340	-21.94	0.95	-62.08	-48.98	1000.0	1	1	1	1
20230404131341	-21.96	0.91	-62.4	-48.98	1000.0	1	1	1	1
20230404131342	-21.96	0.95	-62.09	-48.92	1000.0	1	1	1	1
20230404131343	-21.97	0.88	-62.65	-48.98	1000.0	1	1	1	1
20230404131344	-21.97	0.93	-62.25	-48.95	1000.0	1	1	1	1
20230404131346	-21.97	0.88	-62.65	-48.98	1000.0	1	1	1	1
20230404131347	-21.98	0.91	-62.42	-48.98	1000.0	1	1	1	1
20230404131348	-22.01	0.93	-62.28	-49.0	1000.0	1	1	1	1
20230404131349	-22.01	0.97	-61.98	-49.0	1000.0	1	1	1	1
20230404131350	-22.02	0.93	-62.29	-48.95	1000.0	1	1	1	1
20230404131351	-22.05	1.0	-61.78	-48.98	1000.0	1	1	1	1
20230404131352	-22.02	0.97	-61.98	-48.98	1000.0	1	1	1	1
20230404131353	-22.04	0.98	-61.92	-49.03	1000.0	1	1	1	1
20230404131355	-22.07	0.98	-61.94	-49.06	1000.0	1	1	1	1
20230404131356	-22.05	0.96	-62.08	-49.03	1000.0	1	1	1	1
20230404131357	-22.07	1.02	-61.65	-49.06	1000.0	1	1	1	1
20230404131358	-22.08	0.94	-62.25	-49.03	1000.0	1	1	1	1
20230404131359	-22.08	0.93	-62.33	-49.06	1000.0	1	1	1	1
20230404131400	-22.09	0.96	-62.11	-49.0	1000.0	1	1	1	1
20230404131401	-22.09	0.91	-62.49	-49.03	1000.0	1	1	1	1
20230404131402	-22.12	0.91	-62.51	-49.09	1000.0	1	1	1	1
20230404131403	-22.12	0.91	-62.51	-49.09	1000.0	1	1	1	1
20230404131405	-22.12	0.96	-62.13	-49.03	1000.0	1	1	1	1
20230404131406	-22.14	0.98	-61.99	-49.03	1000.0	1	1	1	1
20230404131407	-22.12	0.93	-62.36	-49.03	1000.0	1	1	1	1
20230404131408	-22.14	0.93	-62.37	-49.03	1000.0	1	1	1	1
20230404131409	-22.15	0.94	-62.3	-49.06	1000.0	1	1	1	1
20230404131410	-22.17	0.92	-62.47	-49.06	1000.0	1	1	1	1
20230404131411	-22.15	0.98	-62.0	-49.06	1000.0	1	1	1	1
20230404131412	-22.17	0.94	-62.32	-49.06	1000.0	1	1	1	1
20230404131414	-22.18	0.94	-62.32	-49.06	1000.0	1	1	1	1
20230404131415	-22.19	0.89	-62.72	-49.09	1000.0	1	1	1	1
20230404131416	-22.21	0.91	-62.58	-49.12	1000.0	1	1	1	1
20230404131417	-22.21	0.96	-62.19	-49.14	1000.0	1	1	1	1
20230404131418	-22.24	0.96	-62.21	-49.12	1000.0	1	1	1	1
20230404131419	-22.22	0.91	-62.59	-49.09	1000.0	1	1	1	1
20230404131420	-22.22	0.98	-62.05	-49.17	1000.0	1	1	1	1
20230404131421	-22.24	0.89	-62.76	-49.17	1000.0	1	1	1	1
20230404131422	-22.24	0.99	-61.99	-49.2	1000.0	1	1	1	1
20230404131424	-22.25	0.96	-62.22	-49.17	1000.0	1	1	1	1
20230404131425	-22.28	0.98	-62.09	-49.2	1000.0	1	1	1	1
20230404131426	-22.26	0.94	-62.38	-49.14	1000.0	1	1	1	1
20230404131427	-22.28	0.98	-62.09	-49.14	1000.0	1	1	1	1
20230404131428	-22.26	1.03	-61.72	-49.2	1000.0	1	1	1	1
20230404131429	-22.28	0.9	-62.71	-49.17	1000.0	1	1	1	1
20230404131430	-22.31	0.94	-62.41	-49.2	1000.0	1	1	1	1
20230404131431	-22.31	0.92	-62.57	-49.23	1000.0	1	1	1	1
20230404131432	-22.29	0.98	-62.1	-49.17	1000.0	1	1	1	1
20230404131434	-22.33	0.9	-62.74	-49.23	1000.0	1	1	1	1
20230404131435	-22.33	0.94	-62.43	-49.23	1000.0	1	1	1	1
20230404131436	-22.38	1.01	-61.94	-49.2	1000.0	1	1	1	1
20230404131437	-22.35	0.98	-62.14	-49.2	1000.0	1	1	1	1
20230404131438	-22.39	0.94	-62.47	-49.2	1000.0	1	1	1	1
20230404131439	-22.39	0.96	-62.32	-49.26	1000.0	1	1	1	1
20230404131440	-22.39	1.03	-61.81	-49.29	1000.0	1	1	1	1
20230404131441	-22.39	0.94	-62.47	-49.29	1000.0	1	1	1	1
20230404131442	-22.41	0.99	-62.11	-49.29	1000.0	1	1	1	1
20230404131444	-22.42	0.94	-62.49	-49.23	1000.0	1	1	1	1
20230404131445	-22.43	0.94	-62.5	-49.31	1000.0	1	1	1	1
20230404131446	-22.42	0.95	-62.42	-49.26	1000.0	1	1	1	1
20230404131447	-22.43	0.9	-62.81	-49.26	1000.0	1	1	1	1
20230404131448	-22.42	0.92	-62.65	-49.29	1000.0	1	1	1	1
20230404131449	-22.45	0.97	-62.29	-49.31	1000.0	1	1	1	1
20230404131450	-22.45	0.99	-62.14	-49.31	1000.0	1	1	1	1
20230404131451	-22.46	1.03	-61.86	-49.31	1000.0	1	1	1	1
20230404131453	-22.48	1.03	-61.87	-49.29	1000.0	1	1	1	1
20230404131454	-22.49	0.95	-62.47	-49.34	1000.0	1	1	1	1
20230404131455	-22.5	0.97	-62.32	-49.31	1000.0	1	1	1	1
20230404131456	-22.52	0.93	-62.64	-49.34	1000.0	1	1	1	1
20230404131457	-22.52	0.97	-62.34	-49.29	1000.0	1	1	1	1
20230404131458	-22.55	0.97	-62.36	-49.34	1000.0	1	1	1	1
20230404131459	-22.52	0.97	-62.34	-49.37	1000.0	1	1	1	1
20230404131500	-22.55	0.95	-62.51	-49.37	1000.0	1	1	1	1
20230404131501	-22.56	0.97	-62.36	-49.37	1000.0	1	1	1	1
20230404131503	-22.59	0.99	-62.24	-49.37	1000.0	1	1	1	1
20230404131504	-22.57	0.97	-62.37	-49.34	1000.0	1	1	1	1
20230404131505	-22.56	0.99	-62.22	-49.4	1000.0	1	1	1	1
20230404131506	-22.55	0.99	-62.21	-49.43	1000.0	1	1	1	1
20230404131507	-22.55	0.92	-62.74	-49.34	1000.0	1	1	1	1
20230404131508	-22.57	1.02	-62.01	-49.37	1000.0	1	1	1	1
20230404131509	-22.59	0.95	-62.54	-49.43	1000.0	1	1	1	1
20230404131510	-22.6	0.97	-62.39	-49.43	1000.0	1	1	1	1
20230404131511	-22.62	0.97	-62.41	-49.37	1000.0	1	1	1	1
20230404131513	-22.64	0.93	-62.72	-49.46	1000.0	1	1	1	1
20230404131514	-22.63	1.0	-62.19	-49.4	1000.0	1	1	1	1
20230404131515	-22.64	1.0	-62.2	-49.46	1000.0	1	1	1	1
20230404131516	-22.69	0.93	-62.76	-49.46	1000.0	1	1	1	1
20230404131517	-22.64	0.93	-62.72	-49.43	1000.0	1	1	1	1
20230404131518	-22.64	0.95	-62.57	-49.46	1000.0	1	1	1	1
20230404131519	-22.69	1.0	-62.24	-49.46	1000.0	1	1	1	1
20230404131520	-22.7	0.95	-62.61	-49.46	1000.0	1	1	1	1
20230404131521	-22.7	1.0	-62.24	-49.46	1000.0	1	1	1	1
20230404131523	-22.67	0.97	-62.44	-49.49	1000.0	1	1	1	1
20230404131524	-22.69	1.0	-62.24	-49.43	1000.0	1	1	1	1
20230404131525	-22.7	1.0	-62.24	-49.51	1000.0	1	1	1	1
20230404131526	-22.72	0.97	-62.48	-49.46	1000.0	1	1	1	1
20230404131527	-22.72	0.93	-62.78	-49.43	1000.0	1	1	1	1
20230404131528	-22.72	0.95	-62.63	-49.46	1000.0	1	1	1	1
20230404131529	-22.72	0.95	-62.63	-49.46	1000.0	1	1	1	1
20230404131530	-22.74	0.91	-62.95	-49.49	1000.0	1	1	1	1
20230404131532	-22.76	0.91	-62.97	-49.54	1000.0	1	1	1	1
20230404131533	-22.76	0.98	-62.43	-49.49	1000.0	1	1	1	1
20230404131534	-22.77	1.02	-62.15	-49.49	1000.0	1	1	1	1
20230404131535	-22.77	0.98	-62.44	-49.49	1000.0	1	1	1	1
20230404131536	-22.79	0.98	-62.45	-49.51	1000.0	1	1	1	1
20230404131537	-22.8	1.0	-62.31	-49.51	1000.0	1	1	1	1
20230404131538	-22.8	0.98	-62.46	-49.51	1000.0	1	1	1	1
20230404131539	-22.81	0.93	-62.84	-49.57	1000.0	1	1	1	1
20230404131540	-22.83	0.98	-62.48	-49.54	1000.0	1	1	1	1
20230404131542	-22.83	0.98	-62.48	-49.57	1000.0	1	1	1	1
20230404131543	-22.83	0.96	-62.63	-49.57	1000.0	1	1	1	1
20230404131544	-22.86	1.0	-62.36	-49.54	1000.0	1	1	1	1
20230404131545	-22.86	1.03	-62.14	-49.57	1000.0	1	1	1	1
20230404131546	-22.86	0.96	-62.65	-49.6	1000.0	1	1	1	1
20230404131547	-22.89	1.0	-62.38	-49.6	1000.0	1	1	1	1
20230404131548	-22.9	0.94	-62.83	-49.54	1000.0	1	1	1	1
20230404131549	-22.9	1.0	-62.39	-49.63	1000.0	1	1	1	1
20230404131550	-22.9	1.01	-62.31	-49.63	1000.0	1	1	1	1
20230404131552	-22.92	0.96	-62.69	-49.63	1000.0	1	1	1	1
20230404131553	-22.93	0.98	-62.55	-49.66	1000.0	1	1	1	1
20230404131554	-22.93	0.98	-62.55	-49.63	1000.0	1	1	1	1
20230404131555	-22.96	0.96	-62.72	-49.6	1000.0	1	1	1	1
20230404131556	-22.97	0.99	-62.51	-49.66	1000.0	1	1	1	1
20230404131557	-22.97	0.98	-62.58	-49.66	1000.0	1	1	1	1
20230404131558	-22.96	0.94	-62.87	-49.66	1000.0	1	1	1	1
20230404131559	-22.97	0.99	-62.51	-49.63	1000.0	1	1	1	1
20230404131601	-23.0	0.96	-62.75	-49.69	1000.0	1	1	1	1
20230404131602	-23.0	0.99	-62.53	-49.69	1000.0	1	1	1	1
20230404131603	-22.99	1.03	-62.24	-49.66	1000.0	1	1	1	1
20230404131604	-23.02	1.03	-62.26	-49.66	1000.0	1	1	1	1
20230404131605	-23.02	0.99	-62.54	-49.66	1000.0	1	1	1	1
20230404131606	-23.04	0.96	-62.78	-49.69	1000.0	1	1	1	1
20230404131607	-23.06	0.98	-62.64	-49.69	1000.0	1	1	1	1
20230404131608	-23.04	1.03	-62.27	-49.66	1000.0	1	1	1	1
20230404131609	-23.06	0.99	-62.57	-49.72	1000.0	1	1	1	1
20230404131611	-23.06	1.01	-62.43	-49.66	1000.0	1	1	1	1
20230404131612	-23.07	0.96	-62.8	-49.74	1000.0	1	1	1	1
20230404131613	-23.08	1.01	-62.44	-49.74	1000.0	1	1	1	1
20230404131614	-23.07	0.96	-62.8	-49.69	1000.0	1	1	1	1
20230404131615	-23.08	0.98	-62.66	-49.69	1000.0	1	1	1	1
20230404131616	-23.07	0.98	-62.65	-49.69	1000.0	1	1	1	1
20230404131617	-23.08	0.96	-62.81	-49.74	1000.0	1	1	1	1
20230404131618	-23.11	0.97	-62.75	-49.72	1000.0	1	1	1	1
20230404131619	-23.14	0.99	-62.63	-49.77	1000.0	1	1	1	1
20230404131621	-23.11	1.05	-62.18	-49.77	1000.0	1	1	1	1
20230404131622	-23.13	1.03	-62.34	-49.72	1000.0	1	1	1	1
20230404131623	-23.13	1.03	-62.34	-49.72	1000.0	1	1	1	1
20230404131624	-23.13	0.99	-62.62	-49.8	1000.0	1	1	1	1
20230404131625	-23.13	0.99	-62.62	-49.8	1000.0	1	1	1	1
20230404131626	-23.14	0.99	-62.63	-49.8	1000.0	1	1	1	1
20230404131627	-23.14	0.97	-62.77	-49.8	1000.0	1	1	1	1
20230404131628	-23.15	0.95	-62.93	-49.77	1000.0	1	1	1	1
20230404131630	-23.17	0.94	-63.02	-49.8	1000.0	1	1	1	1
20230404131631	-23.15	0.97	-62.78	-49.77	1000.0	1	1	1	1
20230404131632	-23.17	0.99	-62.65	-49.77	1000.0	1	1	1	1
20230404131633	-23.17	1.03	-62.36	-49.77	1000.0	1	1	1	1
20230404131634	-23.18	1.03	-62.37	-49.83	1000.0	1	1	1	1
20230404131635	-23.23	0.97	-62.84	-49.86	1000.0	1	1	1	1
20230404131636	-23.24	1.04	-62.34	-49.8	1000.0	1	1	1	1
20230404131637	-23.25	1.08	-62.08	-49.8	1000.0	1	1	1	1
20230404131638	-23.25	1.06	-62.21	-49.86	1000.0	1	1	1	1
20230404131640	-23.25	0.97	-62.85	-49.86	1000.0	1	1	1	1
20230404131641	-23.25	1.04	-62.35	-49.89	1000.0	1	1	1	1
20230404131642	-23.24	1.03	-62.41	-49.8	1000.0	1	1	1	1
20230404131643	-23.27	1.0	-62.65	-49.8	1000.0	1	1	1	1
20230404131644	-23.28	1.04	-62.37	-49.89	1000.0	1	1	1	1
20230404131645	-23.28	0.99	-62.73	-49.89	1000.0	1	1	1	1
20230404131646	-23.31	1.02	-62.53	-49.89	1000.0	1	1	1	1
20230404131647	-23.31	0.99	-62.75	-49.92	1000.0	1	1	1	1
20230404131648	-23.31	1.09	-62.05	-49.92	1000.0	1	1	1	1
20230404131650	-23.3	1.0	-62.67	-49.92	1000.0	1	1	1	1
20230404131651	-23.32	0.99	-62.76	-49.86	1000.0	1	1	1	1
20230404131652	-23.34	0.99	-62.77	-49.86	1000.0	1	1	1	1
20230404131653	-23.34	1.06	-62.28	-49.95	1000.0	1	1	1	1
20230404131654	-23.34	1.02	-62.55	-49.95	1000.0	1	1	1	1
20230404131655	-23.37	1.0	-62.72	-49.95	1000.0	1	1	1	1
20230404131656	-23.38	1.02	-62.58	-49.95	1000.0	1	1	1	1
20230404131657	-23.38	0.98	-62.87	-49.95	1000.0	1	1	1	1
20230404131659	-23.39	1.02	-62.59	-49.95	1000.0	1	1	1	1
20230404131700	-23.39	1.02	-62.59	-49.95	1000.0	1	1	1	1
20230404131701	-23.39	1.04	-62.45	-49.89	1000.0	1	1	1	1
20230404131702	-23.41	1.02	-62.6	-49.95	1000.0	1	1	1	1
20230404131703	-23.39	1.04	-62.45	-49.98	1000.0	1	1	1	1
20230404131704	-23.42	0.98	-62.9	-50.01	1000.0	1	1	1	1
20230404131705	-23.41	1.0	-62.75	-50.01	1000.0	1	1	1	1
20230404131706	-23.42	1.0	-62.75	-49.95	1000.0	1	1	1	1
20230404131707	-23.44	1.05	-62.42	-50.01	1000.0	1	1	1	1
20230404131709	-23.42	1.0	-62.75	-50.01	1000.0	1	1	1	1
20230404131710	-23.42	1.0	-62.75	-49.98	1000.0	1	1	1	1
20230404131711	-23.44	1.05	-62.42	-50.03	1000.0	1	1	1	1
20230404131712	-23.47	1.09	-62.17	-50.03	1000.0	1	1	1	1
20230404131713	-23.48	1.02	-62.65	-50.01	1000.0	1	1	1	1
20230404131714	-23.51	1.0	-62.82	-50.01	1000.0	1	1	1	1
20230404131715	-23.51	1.07	-62.33	-50.01	1000.0	1	1	1	1
20230404131716	-23.51	1.0	-62.82	-50.06	1000.0	1	1	1	1
20230404131717	-23.51	1.02	-62.68	-50.06	1000.0	1	1	1	1
20230404131719	-23.51	1.02	-62.68	-50.01	1000.0	1	1	1	1
20230404131720	-23.51	1.03	-62.61	-50.06	1000.0	1	1	1	1
20230404131721	-23.51	1.05	-62.47	-50.06	1000.0	1	1	1	1
20230404131722	-23.52	1.05	-62.47	-50.03	1000.0	1	1	1	1
20230404131723	-23.55	1.02	-62.7	-50.06	1000.0	1	1	1	1
20230404131724	-23.52	1.03	-62.61	-50.03	1000.0	1	1	1	1
20230404131725	-23.55	0.98	-62.99	-50.06	1000.0	1	1	1	1
20230404131726	-23.57	1.03	-62.65	-50.03	1000.0	1	1	1	1
20230404131728	-23.55	0.98	-62.99	-50.03	1000.0	1	1	1	1
20230404131729	-23.58	1.03	-62.65	-50.09	1000.0	1	1	1	1
20230404131730	-23.59	0.98	-63.02	-50.06	1000.0	1	1	1	1
20230404131731	-23.58	1.09	-62.25	-50.12	1000.0	1	1	1	1
20230404131732	-23.61	1.07	-62.4	-50.12	1000.0	1	1	1	1
20230404131733	-23.62	1.05	-62.54	-50.09	1000.0	1	1	1	1
20230404131734	-23.61	1.02	-62.75	-50.09	1000.0	1	1	1	1
20230404131735	-23.61	1.05	-62.54	-50.15	1000.0	1	1	1	1
20230404131736	-23.66	1.05	-62.57	-50.15	1000.0	1	1	1	1
20230404131738	-23.66	1.07	-62.44	-50.18	1000.0	1	1	1	1
20230404131739	-23.63	1.02	-62.76	-50.15	1000.0	1	1	1	1
20230404131740	-23.65	1.05	-62.57	-50.15	1000.0	1	1	1	1
20230404131741	-23.65	1.09	-62.3	-50.18	1000.0	1	1	1	1
20230404131742	-23.66	1.05	-62.57	-50.18	1000.0	1	1	1	1
20230404131743	-23.66	1.03	-62.71	-50.18	1000.0	1	1	1	1
20230404131744	-23.69	1.0	-62.95	-50.18	1000.0	1	1	1	1
20230404131745	-23.66	1.09	-62.3	-50.18	1000.0	1	1	1	1
20230404131746	-23.68	1.07	-62.45	-50.18	1000.0	1	1	1	1
20230404131748	-23.69	1.09	-62.32	-50.12	1000.0	1	1	1	1
20230404131749	-23.69	1.0	-62.95	-50.15	1000.0	1	1	1	1
20230404131750	-23.72	1.07	-62.48	-50.15	1000.0	1	1	1	1
20230404131751	-23.72	1.01	-62.9	-50.21	1000.0	1	1	1	1
20230404131752	-23.73	1.05	-62.62	-50.24	1000.0	1	1	1	1
20230404131753	-23.72	1.09	-62.35	-50.15	1000.0	1	1	1	1
20230404131754	-23.75	1.01	-62.92	-50.24	1000.0	1	1	1	1
20230404131755	-23.76	1.01	-62.92	-50.24	1000.0	1	1	1	1
20230404131757	-23.76	1.09	-62.37	-50.15	1000.0	1	1	1	1
20230404131758	-23.78	1.05	-62.66	-50.18	1000.0	1	1	1	1
20230404131759	-23.76	1.05	-62.64	-50.18	1000.0	1	1	1	1
20230404131800	-23.78	1.05	-62.66	-50.27	1000.0	1	1	1	1
20230404131801	-23.8	0.98	-63.17	-50.27	1000.0	1	1	1	1
20230404131802	-23.8	1.08	-62.47	-50.21	1000.0	1	1	1	1
20230404131803	-23.79	1.07	-62.53	-50.27	1000.0	1	1	1	1
20230404131804	-23.82	1.01	-62.97	-50.27	1000.0	1	1	1	1
20230404131805	-23.79	1.05	-62.67	-50.3	1000.0	1	1	1	1
20230404131807	-23.82	1.05	-62.69	-50.3	1000.0	1	1	1	1
20230404131808	-23.83	1.1	-62.36	-50.24	1000.0	1	1	1	1
20230404131809	-23.82	1.08	-62.48	-50.3	1000.0	1	1	1	1
20230404131810	-23.85	1.05	-62.71	-50.27	1000.0	1	1	1	1
20230404131811	-23.86	1.03	-62.85	-50.3	1000.0	1	1	1	1
20230404131812	-23.83	1.1	-62.36	-50.3	1000.0	1	1	1	1
20230404131813	-23.83	1.1	-62.36	-50.27	1000.0	1	1	1	1
20230404131814	-23.88	1.07	-62.59	-50.3	1000.0	1	1	1	1
20230404131816	-23.86	1.03	-62.85	-50.33	1000.0	1	1	1	1
20230404131817	-23.88	1.03	-62.87	-50.27	1000.0	1	1	1	1
20230404131818	-23.89	1.07	-62.6	-50.3	1000.0	1	1	1	1
20230404131819	-23.9	1.08	-62.54	-50.36	1000.0	1	1	1	1
20230404131820	-23.92	1.05	-62.76	-50.36	1000.0	1	1	1	1
20230404131821	-23.93	1.07	-62.63	-50.3	1000.0	1	1	1	1
20230404131822	-23.93	1.1	-62.43	-50.33	1000.0	1	1	1	1
20230404131823	-23.89	1.08	-62.53	-50.33	1000.0	1	1	1	1
20230404131824	-23.93	1.12	-62.3	-50.3	1000.0	1	1	1	1
20230404131825	-23.96	1.08	-62.58	-50.33	1000.0	1	1	1	1
20230404131827	-23.92	1.03	-62.9	-50.36	1000.0	1	1	1	1
20230404131828	-23.93	1.07	-62.63	-50.33	1000.0	1	1	1	1
20230404131829	-23.97	1.08	-62.59	-50.42	1000.0	1	1	1	1
20230404131830	-23.96	1.05	-62.79	-50.36	1000.0	1	1	1	1
20230404131831	-23.99	1.05	-62.81	-50.42	1000.0	1	1	1	1
20230404131832	-23.99	1.07	-62.67	-50.42	1000.0	1	1	1	1
20230404131833	-23.97	1.1	-62.46	-50.45	1000.0	1	1	1	1
20230404131834	-23.99	1.1	-62.47	-50.39	1000.0	1	1	1	1
20230404131836	-23.97	1.05	-62.79	-50.45	1000.0	1	1	1	1
20230404131837	-24.02	1.08	-62.63	-50.39	1000.0	1	1	1	1
20230404131838	-24.02	1.08	-62.63	-50.39	1000.0	1	1	1	1
20230404131839	-24.04	1.07	-62.71	-50.45	1000.0	1	1	1	1
20230404131840	-24.03	1.12	-62.37	-50.45	1000.0	1	1	1	1
20230404131841	-24.03	1.14	-62.24	-50.45	1000.0	1	1	1	1
20230404131842	-24.07	1.1	-62.53	-50.48	1000.0	1	1	1	1
20230404131843	-24.07	1.03	-63.0	-50.48	1000.0	1	1	1	1
20230404131844	-24.07	1.08	-62.66	-50.42	1000.0	1	1	1	1
20230404131846	-24.07	1.03	-63.0	-50.42	1000.0	1	1	1	1
20230404131847	-24.06	1.1	-62.52	-50.51	1000.0	1	1	1	1
20230404131848	-24.06	1.08	-62.66	-50.51	1000.0	1	1	1	1
20230404131849	-24.09	1.1	-62.54	-50.45	1000.0	1	1	1	1
20230404131850	-24.09	1.08	-62.68	-50.45	1000.0	1	1	1	1
20230404131851	-24.1	1.08	-62.68	-50.51	1000.0	1	1	1	1
20230404131852	-24.1	1.12	-62.42	-50.48	1000.0	1	1	1	1
20230404131853	-24.1	1.08	-62.68	-50.54	1000.0	1	1	1	1
20230404131854	-24.14	1.08	-62.71	-50.48	1000.0	1	1	1	1
20230404131856	-24.13	1.06	-62.84	-50.54	1000.0	1	1	1	1
20230404131857	-24.16	1.05	-62.93	-50.57	1000.0	1	1	1	1
20230404131858	-24.13	1.06	-62.84	-50.57	1000.0	1	1	1	1
20230404131859	-24.14	1.12	-62.45	-50.57	1000.0	1	1	1	1
20230404131900	-24.17	1.08	-62.73	-50.51	1000.0	1	1	1	1
20230404131901	-24.17	1.06	-62.87	-50.57	1000.0	1	1	1	1
20230404131902	-24.17	1.1	-62.6	-50.57	1000.0	1	1	1	1
20230404131903	-24.18	1.08	-62.74	-50.57	1000.0	1	1	1	1
20230404131905	-24.18	1.14	-62.35	-50.54	1000.0	1	1	1	1
20230404131906	-24.18	1.1	-62.61	-50.57	1000.0	1	1	1	1
20230404131907	-24.17	1.12	-62.47	-50.57	1000.0	1	1	1	1
20230404131908	-24.18	1.06	-62.88	-50.6	1000.0	1	1	1	1
20230404131909	-24.18	1.08	-62.74	-50.6	1000.0	1	1	1	1
20230404131910	-24.2	1.14	-62.37	-50.63	1000.0	1	1	1	1
20230404131911	-24.23	1.1	-62.64	-50.63	1000.0	1	1	1	1
20230404131912	-24.24	1.06	-62.92	-50.63	1000.0	1	1	1	1
20230404131913	-24.24	1.12	-62.52	-50.57	1000.0	1	1	1	1
20230404131915	-24.25	1.06	-62.93	-50.66	1000.0	1	1	1	1
20230404131916	-24.27	1.08	-62.81	-50.6	1000.0	1	1	1	1
20230404131917	-24.27	1.1	-62.67	-50.66	1000.0	1	1	1	1
20230404131918	-24.3	1.08	-62.83	-50.66	1000.0	1	1	1	1
20230404131919	-24.28	1.08	-62.81	-50.66	1000.0	1	1	1	1
20230404131920	-24.25	1.17	-62.21	-50.63	1000.0	1	1	1	1
20230404131921	-24.28	1.12	-62.55	-50.66	1000.0	1	1	1	1
20230404131922	-24.31	1.08	-62.83	-50.63	1000.0	1	1	1	1
20230404131924	-24.31	1.12	-62.57	-50.69	1000.0	1	1	1	1
20230404131925	-24.3	1.06	-62.96	-50.63	1000.0	1	1	1	1
20230404131926	-24.31	1.14	-62.44	-50.69	1000.0	1	1	1	1
20230404131927	-24.33	1.1	-62.72	-50.69	1000.0	1	1	1	1
20230404131928	-24.33	1.1	-62.72	-50.69	1000.0	1	1	1	1
20230404131929	-24.34	1.05	-63.06	-50.69	1000.0	1	1	1	1
20230404131930	-24.37	1.17	-62.3	-50.69	1000.0	1	1	1	1
20230404131931	-24.35	1.05	-63.06	-50.72	1000.0	1	1	1	1
20230404131932	-24.35	1.12	-62.6	-50.66	1000.0	1	1	1	1
20230404131934	-24.38	1.12	-62.62	-50.72	1000.0	1	1	1	1
20230404131935	-24.38	1.08	-62.88	-50.66	1000.0	1	1	1	1
20230404131936	-24.38	1.12	-62.62	-50.75	1000.0	1	1	1	1
20230404131937	-24.4	1.1	-62.77	-50.75	1000.0	1	1	1	1
20230404131938	-24.41	1.08	-62.91	-50.75	1000.0	1	1	1	1
20230404131939	-24.41	1.06	-63.04	-50.75	1000.0	1	1	1	1
20230404131940	-24.41	1.17	-62.33	-50.69	1000.0	1	1	1	1
20230404131941	-24.38	1.12	-62.62	-50.69	1000.0	1	1	1	1
20230404131943	-24.4	1.14	-62.51	-50.75	1000.0	1	1	1	1
20230404131944	-24.41	1.14	-62.52	-50.78	1000.0	1	1	1	1
20230404131945	-24.44	1.16	-62.41	-50.81	1000.0	1	1	1	1
20230404131946	-24.45	1.1	-62.8	-50.72	1000.0	1	1	1	1
20230404131947	-24.44	1.16	-62.41	-50.72	1000.0	1	1	1	1
20230404131948	-24.47	1.17	-62.37	-50.72	1000.0	1	1	1	1
20230404131949	-24.48	1.08	-62.96	-50.81	1000.0	1	1	1	1
20230404131950	-24.47	1.16	-62.43	-50.78	1000.0	1	1	1	1
20230404131951	-24.48	1.12	-62.69	-50.81	1000.0	1	1	1	1
20230404131953	-24.48	1.17	-62.38	-50.81	1000.0	1	1	1	1
20230404131954	-24.49	1.06	-63.1	-50.81	1000.0	1	1	1	1
20230404131955	-24.49	1.12	-62.7	-50.81	1000.0	1	1	1	1
20230404131956	-24.51	1.15	-62.52	-50.78	1000.0	1	1	1	1
