EventTime	aTemp	RH	DP	cTemp	mTemp	sLid	sVacuu	sPressure	IsOkay
20230331104853	19.41	0.12	-57.21	20.17	19.0	1	1	1	1
20230331104854	19.41	0.02	-70.63	20.17	19.01	1	1	1	1
20230331104855	19.41	0.0	-89.19	20.17	19.01	1	1	1	1
20230331104856	19.4	0.0	-89.2	20.17	19.0	1	1	1	1
20230331104857	19.43	0.0	-89.19	20.18	19.01	1	1	1	1
20230331104858	19.44	0.02	-70.61	20.17	19.0	1	1	1	1
20230331104859	19.43	0.0	-89.19	20.17	19.0	1	1	1	1
20230331104900	19.44	0.0	-89.18	20.17	19.0	1	1	1	1
20230331104902	19.41	0.0	-89.19	20.18	19.01	1	1	1	1
20230331104903	19.43	0.0	-89.19	20.17	19.0	1	1	1	1
20230331104904	19.43	0.0	-89.19	20.18	19.02	1	1	1	1
20230331104905	19.41	0.0	-89.19	20.17	19.01	1	1	1	1
20230331104906	19.44	0.0	-89.18	20.17	19.0	1	1	1	1
20230331104907	19.43	0.0	-89.19	20.18	19.02	1	1	1	1
20230331104908	19.43	0.0	-89.19	20.18	19.02	1	1	1	1
20230331104909	19.47	0.0	-89.17	20.18	19.02	1	1	1	1
20230331104910	19.44	0.02	-70.61	20.17	19.01	1	1	1	1
20230331104911	19.46	0.0	-89.18	20.17	19.01	1	1	1	1
20230331104912	19.46	0.0	-89.18	20.17	19.01	1	1	1	1
20230331104913	19.44	0.0	-89.18	20.17	19.01	1	1	1	1
20230331104914	19.46	0.0	-89.18	20.17	19.01	1	1	1	1
20230331104915	19.47	0.0	-89.17	20.18	19.01	1	1	1	1
20230331104916	19.44	0.0	-89.18	20.17	19.01	1	1	1	1
20230331104917	19.46	0.02	-70.61	20.17	19.01	1	1	1	1
20230331104918	19.49	0.0	-89.17	20.17	19.01	1	1	1	1
20230331104919	19.47	0.0	-89.17	20.17	19.01	1	1	1	1
20230331104920	19.47	0.0	-89.17	20.18	19.01	1	1	1	1
20230331104921	19.46	0.0	-89.18	20.17	19.01	1	1	1	1
20230331104922	19.46	0.0	-89.18	20.17	19.01	1	1	1	1
20230331104924	19.46	0.0	-89.18	20.17	19.01	1	1	1	1
20230331104925	19.46	0.08	-60.4	20.17	19.01	1	1	1	1
20230331104926	19.47	0.02	-70.6	20.17	19.01	1	1	1	1
20230331104927	19.46	0.0	-89.18	20.17	19.0	1	1	1	1
20230331104928	19.49	0.0	-89.17	20.17	19.0	1	1	1	1
20230331104929	19.47	0.06	-62.61	20.18	19.01	1	1	1	1
20230331104930	19.47	0.0	-89.17	20.17	19.0	1	1	1	1
20230331104931	19.47	0.0	-89.17	20.15	19.0	1	1	1	1
20230331104932	19.47	0.0	-89.17	20.15	19.01	1	1	1	1
20230331104933	19.47	0.02	-70.6	20.15	18.99	1	1	1	1
20230331104934	19.47	0.02	-70.6	20.15	18.99	1	1	1	1
20230331104935	19.46	0.0	-89.18	20.15	18.99	1	1	1	1
20230331104936	19.44	0.0	-89.18	20.14	18.99	1	1	1	1
20230331104937	19.46	0.0	-89.18	20.15	18.98	1	1	1	1
20230331104938	19.46	0.0	-89.18	20.15	18.99	1	1	1	1
20230331104939	19.46	0.0	-89.18	20.13	18.98	1	1	1	1
20230331104940	19.47	0.0	-89.17	20.14	18.99	1	1	1	1
20230331104941	19.46	0.0	-89.18	20.13	18.98	1	1	1	1
20230331104942	19.47	0.02	-70.6	20.12	18.99	1	1	1	1
20230331104943	19.44	0.0	-89.18	20.12	18.98	1	1	1	1
20230331104945	19.44	0.08	-60.41	20.12	18.97	1	1	1	1
20230331104946	19.44	0.02	-70.61	20.12	18.97	1	1	1	1
20230331104947	19.41	0.06	-62.64	20.12	18.97	1	1	1	1
20230331104948	19.46	0.0	-89.18	20.12	18.95	1	1	1	1
20230331104949	19.47	0.0	-89.17	20.12	18.95	1	1	1	1
20230331104950	19.43	0.0	-89.19	20.11	18.97	1	1	1	1
20230331104951	19.44	0.0	-89.18	20.09	18.95	1	1	1	1
20230331104952	19.41	0.0	-89.19	20.11	18.95	1	1	1	1
20230331104953	19.41	0.04	-65.67	20.09	18.94	1	1	1	1
20230331104954	19.43	0.0	-89.19	20.11	18.94	1	1	1	1
20230331104955	19.43	0.0	-89.19	20.08	18.93	1	1	1	1
20230331104956	19.4	0.0	-89.2	20.08	18.93	1	1	1	1
20230331104957	19.41	0.02	-70.63	20.07	18.93	1	1	1	1
20230331104958	19.4	0.02	-70.63	20.07	18.93	1	1	1	1
20230331104959	19.4	0.0	-89.2	20.07	18.93	1	1	1	1
20230331105000	19.43	0.0	-89.19	20.07	18.93	1	1	1	1
20230331105001	19.41	0.02	-70.63	20.07	18.93	1	1	1	1
20230331105002	19.37	0.0	-89.21	20.06	18.92	1	1	1	1
20230331105003	19.4	0.0	-89.2	20.06	18.92	1	1	1	1
20230331105004	19.41	0.02	-70.63	20.06	18.91	1	1	1	1
20230331105006	19.39	0.0	-89.2	20.05	18.91	1	1	1	1
20230331105007	19.39	0.0	-89.2	20.05	18.92	1	1	1	1
20230331105008	19.39	0.1	-58.68	20.03	18.9	1	1	1	1
20230331105009	19.37	0.0	-89.21	20.03	18.88	1	1	1	1
20230331105010	19.37	0.0	-89.21	20.02	18.88	1	1	1	1
20230331105011	19.36	0.0	-89.21	20.02	18.9	1	1	1	1
20230331105012	19.37	0.0	-89.21	20.02	18.9	1	1	1	1
20230331105013	19.36	0.0	-89.21	20.02	18.87	1	1	1	1
20230331105014	19.36	0.0	-89.21	20.02	18.87	1	1	1	1
20230331105015	19.34	0.0	-89.22	20.02	18.88	1	1	1	1
20230331105016	19.36	0.0	-89.21	20.0	18.87	1	1	1	1
20230331105017	19.36	0.0	-89.21	20.0	18.87	1	1	1	1
20230331105018	19.33	0.0	-89.22	20.01	18.86	1	1	1	1
20230331105019	19.33	0.0	-89.22	20.0	18.87	1	1	1	1
20230331105020	19.31	0.04	-65.72	19.99	18.86	1	1	1	1
20230331105021	19.33	0.0	-89.22	19.97	18.85	1	1	1	1
20230331105022	19.31	0.0	-89.23	19.97	18.85	1	1	1	1
20230331105023	19.31	0.0	-89.23	19.97	18.84	1	1	1	1
20230331105024	19.31	0.02	-70.67	19.97	18.84	1	1	1	1
20230331105025	19.29	0.0	-89.24	19.97	18.84	1	1	1	1
20230331105027	19.33	0.0	-89.22	19.96	18.84	1	1	1	1
20230331105028	19.31	0.0	-89.23	19.96	18.82	1	1	1	1
20230331105029	19.27	0.0	-89.24	19.95	18.82	1	1	1	1
20230331105030	19.26	0.0	-89.25	19.95	18.84	1	1	1	1
20230331105031	19.26	0.0	-89.25	19.94	18.82	1	1	1	1
20230331105032	19.26	0.0	-89.25	19.94	18.82	1	1	1	1
20230331105033	19.27	0.0	-89.24	19.94	18.8	1	1	1	1
20230331105034	19.26	0.0	-89.25	19.93	18.8	1	1	1	1
20230331105035	19.26	0.0	-89.25	19.91	18.79	1	1	1	1
20230331105036	19.26	0.0	-89.25	19.91	18.79	1	1	1	1
20230331105037	19.2	0.0	-89.27	19.91	18.79	1	1	1	1
20230331105038	19.26	0.0	-89.25	19.91	18.79	1	1	1	1
20230331105039	19.21	0.0	-89.26	19.91	18.79	1	1	1	1
20230331105040	19.23	0.04	-65.76	19.9	18.78	1	1	1	1
20230331105041	19.21	0.0	-89.26	19.91	18.78	1	1	1	1
20230331105042	19.21	0.0	-89.26	19.9	18.78	1	1	1	1
20230331105043	19.21	0.0	-89.26	19.89	18.78	1	1	1	1
20230331105044	19.2	0.0	-89.27	19.88	18.77	1	1	1	1
20230331105045	19.23	0.0	-89.26	19.89	18.78	1	1	1	1
20230331105047	19.19	0.0	-89.27	19.87	18.77	1	1	1	1
20230331105048	19.19	0.0	-89.27	19.87	18.75	1	1	1	1
20230331105049	19.16	0.0	-89.28	19.87	18.75	1	1	1	1
20230331105050	19.2	0.0	-89.27	19.87	18.75	1	1	1	1
20230331105051	19.17	0.0	-89.28	19.87	18.74	1	1	1	1
20230331105052	19.17	0.05	-64.13	19.87	18.74	1	1	1	1
20230331105053	19.17	0.0	-89.28	19.87	18.75	1	1	1	1
20230331105054	19.14	0.0	-89.29	19.85	18.73	1	1	1	1
20230331105055	19.13	0.0	-89.29	19.85	18.73	1	1	1	1
20230331105056	19.14	0.0	-89.29	19.84	18.73	1	1	1	1
20230331105057	19.13	0.0	-89.29	19.83	18.73	1	1	1	1
20230331105058	19.13	0.01	-75.43	19.83	18.73	1	1	1	1
20230331105059	19.14	0.01	-75.42	19.84	18.73	1	1	1	1
20230331105100	19.11	0.0	-89.3	19.83	18.73	1	1	1	1
20230331105101	19.11	0.0	-89.3	19.82	18.72	1	1	1	1
20230331105102	19.1	0.0	-89.3	19.82	18.73	1	1	1	1
20230331105103	19.1	0.0	-89.3	19.82	18.71	1	1	1	1
20230331105104	19.1	0.0	-89.3	19.83	18.72	1	1	1	1
20230331105105	19.1	0.0	-89.3	19.81	18.71	1	1	1	1
20230331105106	19.1	0.0	-89.3	19.82	18.72	1	1	1	1
20230331105108	19.09	0.01	-75.44	19.8	18.7	1	1	1	1
20230331105109	19.07	0.0	-89.31	19.8	18.68	1	1	1	1
20230331105110	19.07	0.0	-89.31	19.8	18.68	1	1	1	1
20230331105111	19.06	0.0	-89.32	19.78	18.68	1	1	1	1
20230331105112	19.03	0.0	-89.33	19.8	18.7	1	1	1	1
20230331105113	19.05	0.0	-89.32	19.77	18.68	1	1	1	1
20230331105114	19.05	0.01	-75.46	19.77	18.68	1	1	1	1
20230331105115	19.03	0.03	-67.93	19.78	18.68	1	1	1	1
20230331105116	19.02	0.0	-89.33	19.77	18.67	1	1	1	1
20230331105117	19.03	0.01	-75.47	19.77	18.67	1	1	1	1
20230331105118	19.03	0.0	-89.33	19.76	18.67	1	1	1	1
20230331105119	19.02	0.0	-89.33	19.76	18.66	1	1	1	1
20230331105120	19.02	0.0	-89.33	19.75	18.67	1	1	1	1
20230331105121	18.99	0.0	-89.34	19.75	18.65	1	1	1	1
20230331105122	19.0	0.0	-89.34	19.74	18.65	1	1	1	1
20230331105123	18.99	0.0	-89.34	19.74	18.64	1	1	1	1
20230331105124	18.97	0.0	-89.35	19.72	18.64	1	1	1	1
20230331105125	18.97	0.0	-89.35	19.72	18.64	1	1	1	1
20230331105126	18.97	0.0	-89.35	19.72	18.64	1	1	1	1
20230331105128	18.97	0.0	-89.35	19.72	18.64	1	1	1	1
20230331105129	18.97	0.0	-89.35	19.71	18.63	1	1	1	1
20230331105130	18.96	0.0	-89.35	19.71	18.63	1	1	1	1
20230331105131	18.96	0.0	-89.35	19.71	18.63	1	1	1	1
20230331105132	18.96	0.0	-89.35	19.71	18.63	1	1	1	1
20230331105133	18.95	0.0	-89.35	19.7	18.61	1	1	1	1
20230331105134	18.95	0.0	-89.35	19.7	18.61	1	1	1	1
20230331105135	18.93	0.0	-89.36	19.7	18.63	1	1	1	1
20230331105136	18.92	0.05	-64.25	19.7	18.61	1	1	1	1
20230331105137	18.9	0.0	-89.37	19.69	18.6	1	1	1	1
20230331105138	18.92	0.0	-89.36	19.68	18.6	1	1	1	1
20230331105139	18.9	0.0	-89.37	19.66	18.59	1	1	1	1
20230331105140	18.92	0.0	-89.36	19.68	18.59	1	1	1	1
20230331105141	18.89	0.0	-89.37	19.66	18.59	1	1	1	1
20230331105142	18.92	0.0	-89.36	19.66	18.58	1	1	1	1
20230331105143	18.87	0.0	-89.38	19.66	18.58	1	1	1	1
20230331105144	18.87	0.0	-89.38	19.66	18.58	1	1	1	1
20230331105145	18.86	0.0	-89.38	19.66	18.58	1	1	1	1
20230331105146	18.87	0.0	-89.38	19.65	18.58	1	1	1	1
20230331105147	18.87	0.0	-89.38	19.65	18.58	1	1	1	1
20230331105149	18.85	0.0	-89.39	19.65	18.58	1	1	1	1
20230331105150	18.85	0.0	-89.39	19.64	18.57	1	1	1	1
20230331105151	18.82	0.0	-89.4	19.64	18.57	1	1	1	1
20230331105152	18.82	0.0	-89.4	19.64	18.57	1	1	1	1
20230331105153	18.83	0.0	-89.39	19.64	18.58	1	1	1	1
20230331105154	18.83	0.0	-89.39	19.63	18.57	1	1	1	1
20230331105155	18.82	0.0	-89.4	19.63	18.55	1	1	1	1
20230331105156	18.82	0.0	-89.4	19.64	18.57	1	1	1	1
20230331105157	18.82	0.0	-89.4	19.63	18.57	1	1	1	1
20230331105158	18.79	0.0	-89.41	19.62	18.55	1	1	1	1
20230331105159	18.79	0.0	-89.41	19.62	18.54	1	1	1	1
20230331105200	18.79	0.0	-89.41	19.62	18.54	1	1	1	1
20230331105201	18.76	0.0	-89.42	19.62	18.54	1	1	1	1
20230331105202	18.78	0.0	-89.41	19.63	18.54	1	1	1	1
20230331105203	18.76	0.0	-89.42	19.6	18.53	1	1	1	1
20230331105204	18.76	0.0	-89.42	19.6	18.54	1	1	1	1
20230331105205	18.78	0.02	-70.9	19.6	18.53	1	1	1	1
20230331105206	18.76	0.0	-89.42	19.59	18.53	1	1	1	1
20230331105207	18.76	0.0	-89.42	19.59	18.53	1	1	1	1
20230331105208	18.76	0.0	-89.42	19.6	18.52	1	1	1	1
20230331105210	18.75	0.0	-89.42	19.58	18.53	1	1	1	1
20230331105211	18.76	0.02	-70.91	19.58	18.52	1	1	1	1
20230331105212	18.75	0.0	-89.42	19.58	18.53	1	1	1	1
20230331105213	18.74	0.02	-70.92	19.57	18.51	1	1	1	1
20230331105214	18.72	0.0	-89.43	19.57	18.51	1	1	1	1
20230331105215	18.72	0.0	-89.43	19.57	18.5	1	1	1	1
20230331105216	18.72	0.02	-70.93	19.56	18.5	1	1	1	1
20230331105217	18.71	0.02	-70.93	19.58	18.51	1	1	1	1
20230331105218	18.72	0.0	-89.43	19.57	18.51	1	1	1	1
20230331105219	18.68	0.0	-89.45	19.56	18.48	1	1	1	1
20230331105220	18.68	0.0	-89.45	19.55	18.48	1	1	1	1
20230331105221	18.68	0.0	-89.45	19.55	18.48	1	1	1	1
20230331105222	18.66	0.06	-63.0	19.55	18.48	1	1	1	1
20230331105223	18.69	0.0	-89.44	19.53	18.48	1	1	1	1
20230331105224	18.65	0.0	-89.46	19.53	18.48	1	1	1	1
20230331105225	18.65	0.0	-89.46	19.55	18.5	1	1	1	1
20230331105226	18.63	0.04	-66.03	19.53	18.47	1	1	1	1
20230331105227	18.62	0.0	-89.47	19.52	18.47	1	1	1	1
20230331105228	18.62	0.0	-89.47	19.52	18.47	1	1	1	1
20230331105229	18.63	0.0	-89.46	19.52	18.47	1	1	1	1
20230331105230	18.62	0.0	-89.47	19.52	18.47	1	1	1	1
20230331105232	18.61	0.02	-70.97	19.52	18.46	1	1	1	1
20230331105233	18.59	0.0	-89.48	19.51	18.46	1	1	1	1
20230331105234	18.59	0.0	-89.48	19.51	18.46	1	1	1	1
20230331105235	18.61	0.0	-89.47	19.51	18.45	1	1	1	1
20230331105236	18.58	0.02	-70.99	19.51	18.45	1	1	1	1
20230331105237	18.59	0.0	-89.48	19.5	18.45	1	1	1	1
20230331105238	18.56	0.0	-89.49	19.5	18.45	1	1	1	1
20230331105239	18.56	0.0	-89.49	19.51	18.45	1	1	1	1
20230331105240	18.56	0.0	-89.49	19.5	18.45	1	1	1	1
20230331105241	18.56	0.0	-89.49	19.49	18.44	1	1	1	1
20230331105242	18.55	0.0	-89.49	19.49	18.44	1	1	1	1
20230331105243	18.55	0.0	-89.49	19.47	18.44	1	1	1	1
20230331105244	18.55	0.0	-89.49	19.49	18.44	1	1	1	1
20230331105245	18.53	0.0	-89.5	19.47	18.44	1	1	1	1
20230331105246	18.52	0.0	-89.5	19.49	18.44	1	1	1	1
20230331105247	18.51	0.0	-89.5	19.47	18.44	1	1	1	1
20230331105248	18.52	0.0	-89.5	19.47	18.43	1	1	1	1
20230331105249	18.51	0.0	-89.5	19.47	18.43	1	1	1	1
20230331105250	18.52	0.0	-89.5	19.47	18.41	1	1	1	1
20230331105251	18.52	0.0	-89.5	19.47	18.41	1	1	1	1
20230331105253	18.49	0.0	-89.51	19.47	18.41	1	1	1	1
20230331105254	18.49	0.0	-89.51	19.46	18.43	1	1	1	1
20230331105255	18.48	0.0	-89.51	19.46	18.41	1	1	1	1
20230331105256	18.48	0.0	-89.51	19.46	18.41	1	1	1	1
20230331105257	18.48	0.0	-89.51	19.45	18.41	1	1	1	1
20230331105258	18.46	0.0	-89.52	19.46	18.41	1	1	1	1
20230331105259	18.43	0.0	-89.53	19.45	18.4	1	1	1	1
20230331105300	18.46	0.0	-89.52	19.45	18.4	1	1	1	1
20230331105301	18.45	0.0	-89.53	19.45	18.41	1	1	1	1
20230331105302	18.42	0.0	-89.54	19.45	18.4	1	1	1	1
20230331105303	18.45	0.0	-89.53	19.43	18.39	1	1	1	1
20230331105304	18.43	0.0	-89.53	19.43	18.39	1	1	1	1
20230331105305	18.42	0.01	-75.72	19.43	18.39	1	1	1	1
20230331105306	18.42	0.0	-89.54	19.43	18.39	1	1	1	1
20230331105307	18.39	0.0	-89.55	19.43	18.39	1	1	1	1
20230331105308	18.38	0.0	-89.55	19.43	18.38	1	1	1	1
20230331105309	18.41	0.0	-89.54	19.43	18.4	1	1	1	1
20230331105310	18.38	0.0	-89.55	19.43	18.39	1	1	1	1
20230331105311	18.38	0.0	-89.55	19.41	18.38	1	1	1	1
20230331105312	18.41	0.0	-89.54	19.4	18.38	1	1	1	1
20230331105314	18.38	0.0	-89.55	19.43	18.39	1	1	1	1
20230331105315	18.36	0.0	-89.56	19.4	18.37	1	1	1	1
20230331105316	18.36	0.0	-89.56	19.4	18.37	1	1	1	1
20230331105317	18.35	0.0	-89.56	19.39	18.37	1	1	1	1
20230331105318	18.36	0.0	-89.56	19.4	18.37	1	1	1	1
20230331105319	18.35	0.0	-89.56	19.39	18.36	1	1	1	1
20230331105320	18.35	0.0	-89.56	19.39	18.36	1	1	1	1
20230331105321	18.35	0.0	-89.56	19.39	18.36	1	1	1	1
20230331105322	18.33	0.0	-89.57	19.38	18.36	1	1	1	1
20230331105323	18.33	0.0	-89.57	19.38	18.34	1	1	1	1
20230331105324	18.35	0.0	-89.56	19.39	18.34	1	1	1	1
20230331105325	18.33	0.0	-89.57	19.37	18.33	1	1	1	1
20230331105326	18.31	0.0	-89.57	19.38	18.36	1	1	1	1
20230331105327	18.31	0.0	-89.57	19.37	18.33	1	1	1	1
20230331105328	18.32	0.0	-89.57	19.37	18.33	1	1	1	1
20230331105329	18.29	0.0	-89.58	19.37	18.33	1	1	1	1
20230331105330	18.31	0.0	-89.57	19.37	18.33	1	1	1	1
20230331105331	18.29	0.0	-89.58	19.37	18.33	1	1	1	1
20230331105332	18.28	0.0	-89.58	19.37	18.33	1	1	1	1
20230331105333	18.28	0.0	-89.58	19.37	18.33	1	1	1	1
20230331105334	18.27	0.0	-89.59	19.38	18.34	1	1	1	1
20230331105336	18.28	0.01	-75.77	19.36	18.33	1	1	1	1
20230331105337	18.28	0.0	-89.58	19.36	18.33	1	1	1	1
20230331105338	18.28	0.0	-89.58	19.36	18.33	1	1	1	1
20230331105339	18.28	0.0	-89.58	19.36	18.34	1	1	1	1
20230331105340	18.25	0.0	-89.59	19.34	18.32	1	1	1	1
20230331105341	18.28	0.0	-89.58	19.34	18.32	1	1	1	1
20230331105342	18.27	0.0	-89.59	19.34	18.32	1	1	1	1
20230331105343	18.27	0.0	-89.59	19.34	18.32	1	1	1	1
20230331105344	18.24	0.0	-89.6	19.34	18.32	1	1	1	1
20230331105345	18.24	0.0	-89.6	19.34	18.32	1	1	1	1
20230331105346	18.22	0.0	-89.6	19.33	18.31	1	1	1	1
20230331105347	18.27	0.0	-89.59	19.33	18.31	1	1	1	1
20230331105348	18.24	0.0	-89.6	19.34	18.32	1	1	1	1
20230331105349	18.21	0.0	-89.61	19.32	18.31	1	1	1	1
20230331105350	18.22	0.0	-89.6	19.32	18.31	1	1	1	1
20230331105351	18.22	0.0	-89.6	19.32	18.3	1	1	1	1
20230331105352	18.22	0.0	-89.6	19.32	18.3	1	1	1	1
20230331105353	18.21	0.0	-89.61	19.32	18.3	1	1	1	1
20230331105354	18.22	0.0	-89.6	19.32	18.29	1	1	1	1
20230331105355	18.21	0.0	-89.61	19.32	18.3	1	1	1	1
20230331105357	18.2	0.0	-89.61	19.33	18.3	1	1	1	1
20230331105358	18.2	0.0	-89.61	19.32	18.3	1	1	1	1
20230331105359	18.2	0.0	-89.61	19.32	18.29	1	1	1	1
20230331105400	18.2	0.0	-89.61	19.31	18.29	1	1	1	1
20230331105401	18.17	0.0	-89.62	19.31	18.29	1	1	1	1
20230331105402	18.18	0.0	-89.62	19.31	18.29	1	1	1	1
20230331105403	18.18	0.0	-89.62	19.31	18.3	1	1	1	1
20230331105404	18.17	0.0	-89.62	19.3	18.29	1	1	1	1
20230331105405	18.2	0.0	-89.61	19.31	18.3	1	1	1	1
20230331105406	18.15	0.0	-89.63	19.3	18.3	1	1	1	1
20230331105407	18.17	0.0	-89.62	19.28	18.29	1	1	1	1
20230331105408	18.15	0.0	-89.63	19.28	18.27	1	1	1	1
20230331105409	18.14	0.0	-89.63	19.28	18.27	1	1	1	1
20230331105410	18.15	0.0	-89.63	19.27	18.27	1	1	1	1
20230331105411	18.14	0.0	-89.63	19.27	18.27	1	1	1	1
20230331105412	18.12	0.0	-89.64	19.27	18.27	1	1	1	1
20230331105413	18.12	0.0	-89.64	19.28	18.27	1	1	1	1
20230331105414	18.11	0.0	-89.64	19.28	18.27	1	1	1	1
20230331105415	18.12	0.0	-89.64	19.27	18.26	1	1	1	1
20230331105416	18.11	0.0	-89.64	19.28	18.27	1	1	1	1
20230331105418	18.09	0.0	-89.65	19.28	18.27	1	1	1	1
20230331105419	18.12	0.0	-89.64	19.26	18.26	1	1	1	1
20230331105420	18.11	0.0	-89.64	19.26	18.25	1	1	1	1
20230331105421	18.09	0.0	-89.65	19.26	18.25	0	1	1	1
20230331105422	18.11	0.0	-89.64	19.25	18.36	0	1	1	1
20230331105423	18.08	0.0	-89.65	19.21	18.58	0	1	1	1
20230331105424	18.08	0.0	-89.65	19.18	18.79	0	1	1	1
20230331105425	18.12	0.0	-89.64	19.14	18.97	0	1	1	1
20230331105426	18.11	0.0	-89.64	19.13	19.1	0	1	1	0
20230331105427	18.11	0.0	-89.64	19.08	19.08	0	1	1	0
20230331105428	18.12	0.0	-89.64	19.08	18.93	0	1	1	0
20230331105429	18.12	0.0	-89.64	19.1	18.77	0	1	1	0
20230331105430	18.11	0.0	-89.64	19.11	18.65	0	1	1	0
20230331105431	18.11	0.0	-89.64	19.11	18.53	0	1	1	0
20230331105432	18.11	0.0	-89.64	19.11	18.44	0	1	1	0
20230331105433	18.14	0.0	-89.63	19.11	18.39	0	1	1	0
20230331105435	18.12	0.0	-89.64	19.12	18.36	0	1	1	0
20230331105436	18.12	0.0	-89.64	19.11	18.29	0	1	1	0
20230331105437	18.12	0.0	-89.64	19.12	18.27	0	1	1	0
20230331105438	18.14	0.0	-89.63	19.12	18.24	0	1	1	0
20230331105439	18.08	0.0	-89.65	19.12	18.23	0	1	1	0
20230331105440	18.12	0.0	-89.64	19.12	18.22	0	1	1	0
20230331105441	18.09	0.04	-66.28	19.12	18.2	0	1	1	0
20230331105442	18.11	0.0	-89.64	19.13	18.2	0	1	1	0
20230331105443	18.11	0.0	-89.64	19.13	18.19	0	1	1	0
20230331105444	18.09	0.0	-89.65	19.12	18.18	0	1	1	0
20230331105445	18.08	0.0	-89.65	19.12	18.18	0	1	1	0
20230331105446	18.08	0.0	-89.65	19.12	18.17	0	1	1	0
20230331105447	18.08	0.0	-89.65	19.12	18.17	0	1	1	0
20230331105448	18.07	0.0	-89.66	19.13	18.17	0	1	1	0
20230331105449	18.05	0.0	-89.66	19.12	18.17	0	1	1	0
20230331105451	18.07	0.0	-89.66	19.13	18.18	0	1	1	0
20230331105452	18.05	0.0	-89.66	19.13	18.17	0	1	1	0
20230331105453	18.04	0.0	-89.67	19.13	18.17	0	1	1	0
20230331105454	18.04	0.0	-89.67	19.15	18.17	0	1	1	0
20230331105455	18.01	0.0	-89.68	19.14	18.17	0	1	1	0
20230331105456	18.03	0.0	-89.67	19.14	18.17	0	1	1	0
20230331105457	18.03	0.0	-89.67	19.15	18.17	0	1	1	0
20230331105458	18.01	0.0	-89.68	19.14	18.17	0	1	1	0
20230331105459	18.03	0.0	-89.67	19.14	18.17	0	1	1	0
20230331105500	18.0	0.0	-89.68	19.17	18.18	0	1	1	0
20230331105501	18.01	0.0	-89.68	19.15	18.17	0	1	1	0
20230331105502	18.01	0.0	-89.68	19.15	18.18	0	1	1	0
20230331105503	18.03	0.0	-89.67	19.17	18.17	0	1	1	0
20230331105504	18.0	0.0	-89.68	19.15	18.17	0	1	1	0
20230331105505	17.98	0.0	-89.69	19.15	18.18	0	1	1	0
20230331105507	18.01	0.0	-89.68	19.17	18.18	0	1	1	0
20230331105508	17.98	0.0	-89.69	19.18	18.18	0	1	1	0
20230331105509	17.98	0.0	-89.69	19.17	18.17	0	1	1	0
20230331105510	17.98	0.0	-89.69	19.18	18.19	0	1	1	0
20230331105511	17.98	0.0	-89.69	19.17	18.18	0	1	1	0
20230331105512	17.97	0.0	-89.69	19.17	18.19	0	1	1	0
20230331105513	17.98	0.0	-89.69	19.18	18.18	0	1	1	0
20230331105514	17.97	0.0	-89.69	19.18	18.19	0	1	1	0
20230331105515	17.98	0.0	-89.69	19.19	18.19	0	1	1	0
20230331105516	17.97	0.0	-89.69	19.18	18.19	0	1	1	0
20230331105517	17.96	0.0	-89.69	19.19	18.19	0	1	1	0
20230331105518	17.94	0.0	-89.7	19.18	18.18	0	1	1	0
20230331105519	17.96	0.0	-89.69	19.19	18.19	0	1	1	0
20230331105520	17.97	0.0	-89.69	19.18	18.19	0	1	1	0
20230331105521	17.94	0.0	-89.7	19.18	18.19	0	1	1	0
20230331105522	17.97	0.0	-89.69	19.18	18.19	0	1	1	0
20230331105524	17.97	0.0	-89.69	19.18	18.19	0	1	1	0
20230331105525	17.94	0.0	-89.7	19.18	18.19	0	1	1	0
20230331105526	17.94	0.0	-89.7	19.18	18.19	0	1	1	0
20230331105527	17.96	0.0	-89.69	19.18	18.19	0	1	1	0
20230331105528	17.96	0.0	-89.69	19.18	18.19	0	1	1	0
20230331105529	17.93	0.0	-89.7	19.19	18.19	0	1	1	0
20230331105530	17.94	0.0	-89.7	19.19	18.19	0	1	1	0
20230331105531	17.93	0.0	-89.7	19.2	18.2	0	1	1	0
20230331105532	17.94	0.0	-89.7	19.2	18.2	0	1	1	0
20230331105533	17.91	0.0	-89.71	19.2	18.19	0	1	1	0
20230331105534	17.91	0.0	-89.71	19.2	18.2	0	1	1	0
20230331105535	17.93	0.0	-89.7	19.19	18.19	0	1	1	0
20230331105536	17.88	0.0	-89.72	19.19	18.2	0	1	1	0
20230331105537	17.91	0.0	-89.71	19.2	18.2	0	1	1	0
20230331105538	17.93	0.0	-89.7	19.2	18.19	0	1	1	0
20230331105540	17.91	0.0	-89.71	19.2	18.2	0	1	1	0
20230331105541	17.89	0.0	-89.72	19.21	18.2	0	1	1	0
20230331105542	17.93	0.0	-89.7	19.21	18.19	0	1	1	0
20230331105543	17.91	0.0	-89.71	19.2	18.2	0	1	1	0
20230331105544	17.87	0.0	-89.73	19.21	18.2	0	1	1	0
20230331105545	17.89	0.0	-89.72	19.23	18.22	0	1	1	0
20230331105546	17.89	0.0	-89.72	19.21	18.19	0	1	1	0
20230331105547	17.89	0.0	-89.72	19.23	18.22	0	1	1	0
20230331105548	17.89	0.0	-89.72	19.23	18.22	0	1	1	0
20230331105549	17.89	0.0	-89.72	19.21	18.2	0	1	1	0
20230331105550	17.88	0.0	-89.72	19.21	18.2	0	1	1	0
20230331105551	17.87	0.0	-89.73	19.21	18.22	0	1	1	0
20230331105552	17.84	0.0	-89.74	19.21	18.2	0	1	1	0
20230331105553	17.88	0.0	-89.72	19.23	18.22	0	1	1	0
20230331105554	17.88	0.0	-89.72	19.23	18.22	0	1	1	0
20230331105556	17.89	0.0	-89.72	19.23	18.22	0	1	1	0
20230331105557	17.87	0.0	-89.73	19.23	18.23	0	1	1	0
20230331105558	17.88	0.0	-89.72	19.23	18.22	0	1	1	0
20230331105559	17.87	0.0	-89.73	19.23	18.22	0	1	1	0
20230331105600	17.85	0.0	-89.73	19.23	18.22	0	1	1	0
20230331105601	17.88	0.0	-89.72	19.23	18.22	0	1	1	0
20230331105602	17.87	0.0	-89.73	19.24	18.22	0	1	1	0
20230331105603	17.87	0.0	-89.73	19.24	18.23	0	1	1	0
20230331105604	17.88	0.0	-89.72	19.24	18.22	0	1	1	0
20230331105605	17.87	0.0	-89.73	19.24	18.24	0	1	1	0
20230331105606	17.87	0.0	-89.73	19.24	18.23	0	1	1	0
20230331105607	17.87	0.0	-89.73	19.25	18.23	0	1	1	0
20230331105608	17.85	0.0	-89.73	19.23	18.23	0	1	1	0
20230331105609	17.85	0.0	-89.73	19.24	18.23	0	1	1	0
20230331105610	17.85	0.0	-89.73	19.25	18.24	0	1	1	0
20230331105612	17.87	0.0	-89.73	19.24	18.23	0	1	1	0
20230331105613	17.85	0.0	-89.73	19.25	18.24	0	1	1	0
20230331105614	17.85	0.0	-89.73	19.25	18.24	0	1	1	0
20230331105615	17.85	0.0	-89.73	19.24	18.23	0	1	1	0
20230331105616	17.87	0.0	-89.73	19.24	18.23	0	1	1	0
20230331105617	17.84	0.0	-89.74	19.24	18.23	0	1	1	0
20230331105618	17.84	0.0	-89.74	19.25	18.24	0	1	1	0
20230331105619	17.84	0.0	-89.74	19.25	18.24	0	1	1	0
20230331105620	17.85	0.0	-89.73	19.24	18.24	0	1	1	0
20230331105621	17.82	0.0	-89.74	19.24	18.24	0	1	1	0
20230331105622	17.85	0.0	-89.73	19.25	18.24	0	1	1	0
20230331105623	17.85	0.0	-89.73	19.24	18.24	0	1	1	0
20230331105624	17.85	0.0	-89.73	19.25	18.24	0	1	1	0
20230331105625	17.84	0.0	-89.74	19.25	18.24	0	1	1	0
20230331105626	17.87	0.0	-89.73	19.25	18.24	0	1	1	0
20230331105628	17.82	0.0	-89.74	19.25	18.24	0	1	1	0
20230331105629	17.84	0.0	-89.74	19.26	18.24	0	1	1	0
20230331105630	17.84	0.0	-89.74	19.25	18.24	0	1	1	0
20230331105631	17.82	0.0	-89.74	19.25	18.24	0	1	1	0
20230331105632	17.85	0.0	-89.73	19.26	18.24	0	1	1	0
20230331105633	17.85	0.0	-89.73	19.26	18.24	0	1	1	0
20230331105634	17.84	0.0	-89.74	19.27	18.25	0	1	1	0
20230331105635	17.81	0.0	-89.75	19.27	18.25	0	1	1	0
20230331105636	17.87	0.0	-89.73	19.27	18.25	0	1	1	0
20230331105637	17.85	0.0	-89.73	19.27	18.24	0	1	1	0
20230331105638	17.84	0.0	-89.74	19.28	18.25	0	1	1	0
20230331105639	17.84	0.0	-89.74	19.26	18.25	0	1	1	0
20230331105640	17.84	0.0	-89.74	19.28	18.26	0	1	1	0
20230331105641	17.84	0.0	-89.74	19.27	18.25	0	1	1	0
20230331105643	17.84	0.0	-89.74	19.28	18.26	0	1	1	0
20230331105644	17.81	0.0	-89.75	19.27	18.25	0	1	1	0
20230331105645	17.82	0.0	-89.74	19.27	18.25	0	1	1	0
20230331105646	17.81	0.0	-89.75	19.27	18.25	0	1	1	0
20230331105647	17.82	0.0	-89.74	19.27	18.25	0	1	1	0
20230331105648	17.84	0.0	-89.74	19.27	18.25	0	1	1	0
20230331105649	17.81	0.0	-89.75	19.28	18.26	0	1	1	0
20230331105650	17.81	0.0	-89.75	19.28	18.26	0	1	1	0
20230331105651	17.84	0.0	-89.74	19.28	18.25	0	1	1	0
20230331105652	17.82	0.0	-89.74	19.28	18.26	0	1	1	0
20230331105653	17.82	0.0	-89.74	19.27	18.26	0	1	1	0
20230331105654	17.81	0.0	-89.75	19.27	18.26	0	1	1	0
20230331105656	17.84	0.0	-89.74	19.27	18.26	0	1	1	0
