EventTime	aTemp	RH	DP	cTemp	mTemp	sLid	sVacuu	sPressure	IsOkay
20230405163233	20.04	43.13	7.11	15.85	1000.0	1	0	0	1
20230405163234	20.03	43.25	7.14	15.85	1000.0	1	0	0	1
20230405163235	20.04	43.3	7.17	15.85	1000.0	1	0	0	1
20230405163236	20.09	43.32	7.22	15.88	1000.0	1	0	0	1
20230405163238	20.1	43.32	7.23	15.85	1000.0	1	0	0	1
20230405163239	20.07	43.37	7.22	15.88	1000.0	1	0	0	1
20230405163240	20.09	43.42	7.26	15.88	1000.0	1	0	0	1
20230405163241	20.1	43.41	7.26	15.88	1000.0	1	0	0	1
20230405163242	20.11	43.43	7.28	15.88	1000.0	1	0	0	1
20230405163243	20.14	43.51	7.33	15.88	1000.0	1	0	0	1
20230405163244	20.14	43.59	7.36	15.88	1000.0	1	0	0	1
20230405163245	20.13	43.55	7.34	15.88	1000.0	1	0	0	1
20230405163246	20.07	43.56	7.28	15.88	1000.0	1	0	0	1
20230405163248	20.1	43.56	7.31	15.88	1000.0	1	0	0	1
20230405163249	20.1	43.51	7.3	15.88	1000.0	1	0	0	1
20230405163250	20.13	43.46	7.31	15.88	1000.0	1	0	0	1
20230405163251	20.13	43.45	7.3	15.9	1000.0	1	0	0	1
20230405163252	20.13	43.28	7.24	15.9	1000.0	1	0	0	1
20230405163253	20.1	43.18	7.18	15.9	1000.0	1	0	0	1
20230405163254	20.09	42.99	7.11	15.88	1000.0	1	0	0	1
20230405163255	20.11	42.89	7.09	15.88	1000.0	1	0	0	1
20230405163256	20.07	42.76	7.01	15.9	1000.0	1	0	0	1
20230405163257	20.04	42.64	6.95	15.9	1000.0	1	0	0	1
20230405163259	20.06	42.56	6.94	15.88	1000.0	1	0	0	1
20230405163300	20.03	42.42	6.86	15.88	1000.0	1	0	0	1
20230405163301	20.0	42.27	6.78	15.9	1000.0	1	0	0	1
20230405163302	19.97	42.2	6.73	15.88	1000.0	1	0	0	1
20230405163303	19.99	42.12	6.72	15.9	1000.0	1	0	0	1
20230405163304	20.01	42.18	6.76	15.88	1000.0	1	0	0	1
20230405163305	19.99	42.03	6.69	15.88	1000.0	1	0	0	1
20230405163306	20.0	42.06	6.71	15.88	1000.0	1	0	0	1
20230405163307	20.0	41.97	6.68	15.88	1000.0	1	0	0	1
20230405163309	20.03	41.95	6.7	15.88	1000.0	1	0	0	1
20230405163310	20.03	42.0	6.72	15.88	1000.0	1	0	0	1
20230405163311	20.01	41.94	6.68	15.85	1000.0	1	0	0	1
20230405163312	20.0	41.88	6.65	15.88	1000.0	1	0	0	1
20230405163313	20.0	41.85	6.64	15.85	1000.0	1	0	0	1
20230405163314	20.01	41.8	6.63	15.85	1000.0	1	0	0	1
20230405163315	20.01	41.77	6.62	15.85	1000.0	1	0	0	1
20230405163316	20.03	41.81	6.65	15.88	1000.0	1	0	0	1
20230405163317	20.03	41.76	6.63	15.85	1000.0	1	0	0	1
20230405163318	20.0	41.78	6.61	15.85	1000.0	1	0	0	1
20230405163320	20.0	41.81	6.62	15.85	1000.0	1	0	0	1
20230405163321	19.99	41.89	6.64	15.88	1000.0	1	0	0	1
20230405163322	20.0	41.91	6.66	15.85	1000.0	1	0	0	1
20230405163323	20.0	41.99	6.69	15.82	1000.0	1	0	0	1
20230405163324	20.03	42.15	6.77	15.85	1000.0	1	0	0	1
20230405163325	20.0	42.2	6.76	15.85	1000.0	1	0	0	1
20230405163326	19.99	42.31	6.79	15.85	1000.0	1	0	0	1
20230405163327	20.03	42.47	6.88	15.85	1000.0	1	0	0	1
20230405163328	20.04	42.54	6.91	15.85	1000.0	1	0	0	1
20230405163330	20.01	42.66	6.93	15.85	1000.0	1	0	0	1
20230405163331	20.01	42.76	6.96	15.85	1000.0	1	0	0	1
20230405163332	20.0	42.87	6.99	15.85	1000.0	1	0	0	1
20230405163333	20.0	42.99	7.03	15.85	1000.0	1	0	0	1
20230405163334	19.99	43.12	7.06	15.85	1000.0	1	0	0	1
20230405163335	19.97	43.35	7.12	15.85	1000.0	1	0	0	1
20230405163336	19.97	43.38	7.13	15.85	1000.0	1	0	0	1
20230405163337	19.99	43.41	7.16	15.85	1000.0	1	0	0	1
20230405163338	19.97	43.48	7.17	15.85	1000.0	1	0	0	1
20230405163339	19.99	43.51	7.2	15.88	1000.0	1	0	0	1
20230405163341	19.99	43.55	7.21	15.85	1000.0	1	0	0	1
20230405163342	19.99	43.61	7.23	15.85	1000.0	1	0	0	1
20230405163343	20.01	43.65	7.26	15.85	1000.0	1	0	0	1
20230405163344	19.99	43.7	7.26	15.85	1000.0	1	0	0	1
20230405163345	19.94	43.81	7.25	15.88	1000.0	1	0	0	1
20230405163346	19.99	43.85	7.31	15.85	1000.0	1	0	0	1
20230405163347	19.97	43.9	7.31	15.88	1000.0	1	0	0	1
20230405163348	19.97	43.91	7.31	15.85	1000.0	1	0	0	1
20230405163349	19.99	43.89	7.32	15.88	1000.0	1	0	0	1
20230405163351	19.94	43.77	7.24	15.85	1000.0	1	0	0	1
20230405163352	19.94	43.68	7.21	15.88	1000.0	1	0	0	1
20230405163353	19.94	43.66	7.2	15.85	1000.0	1	0	0	1
20230405163354	19.91	43.54	7.13	15.88	1000.0	1	0	0	1
20230405163355	19.93	43.31	7.07	15.88	1000.0	1	0	0	1
20230405163356	19.93	43.25	7.05	15.88	1000.0	1	0	0	1
20230405163357	19.9	43.12	6.98	15.85	1000.0	1	0	0	1
20230405163358	19.93	43.08	7.0	15.88	1000.0	1	0	0	1
20230405163359	19.99	43.01	7.03	15.88	1000.0	1	0	0	1
20230405163401	20.1	42.74	7.03	15.88	1000.0	1	0	0	1
20230405163402	20.17	42.44	6.99	15.9	1000.0	1	0	0	1
20230405163403	20.27	42.37	7.06	15.88	1000.0	1	0	0	1
20230405163404	20.37	42.4	7.16	15.88	1000.0	1	0	0	1
20230405163405	20.51	42.25	7.24	15.88	1000.0	1	0	0	1
20230405163406	20.56	42.61	7.4	15.9	1000.0	1	0	0	1
20230405163407	20.64	43.15	7.66	15.88	1000.0	1	0	0	1
20230405163408	20.78	43.72	7.98	15.9	1000.0	1	0	0	1
20230405163409	21.11	44.64	8.59	15.88	1000.0	1	0	0	1
20230405163410	21.19	45.93	9.08	15.88	1000.0	1	0	0	1
20230405163412	21.26	46.2	9.23	15.9	1000.0	1	0	0	1
20230405163413	21.22	45.94	9.11	15.9	1000.0	1	0	0	1
20230405163414	21.25	45.5	9.0	15.88	1000.0	1	0	0	1
20230405163415	21.3	45.0	8.88	15.88	1000.0	1	0	0	1
20230405163416	21.32	45.32	9.0	15.9	1000.0	1	0	0	1
20230405163417	21.36	45.36	9.05	15.93	1000.0	1	0	0	1
20230405163418	21.49	45.82	9.32	15.9	1000.0	1	0	0	1
20230405163419	21.57	46.3	9.55	15.9	1000.0	1	0	0	1
20230405163420	21.57	46.5	9.61	15.93	1000.0	1	0	0	1
20230405163422	21.62	46.62	9.7	15.93	1000.0	1	0	0	1
20230405163423	21.69	46.47	9.71	15.93	1000.0	1	0	0	1
20230405163424	21.73	46.52	9.76	15.93	1000.0	1	0	0	1
20230405163425	21.8	46.41	9.79	15.96	1000.0	1	0	0	1
20230405163426	21.86	46.1	9.75	15.93	1000.0	1	0	0	1
20230405163427	21.84	45.81	9.64	15.93	1000.0	1	0	0	1
20230405163428	21.84	45.31	9.47	15.93	1000.0	1	0	0	1
20230405163429	21.83	44.76	9.28	15.93	1000.0	1	0	0	1
20230405163430	21.78	44.33	9.09	15.93	1000.0	1	0	0	1
20230405163431	21.81	43.93	8.98	15.93	1000.0	1	0	0	1
20230405163433	21.8	43.73	8.91	15.96	1000.0	1	0	0	1
20230405163434	21.77	43.64	8.85	15.98	1000.0	1	0	0	1
20230405163435	21.76	43.13	8.67	15.98	1000.0	1	0	0	1
20230405163436	21.77	42.94	8.61	15.96	1000.0	1	0	0	1
20230405163437	21.76	42.9	8.59	15.96	1000.0	1	0	0	1
20230405163438	21.78	42.82	8.58	15.98	1000.0	1	0	0	1
20230405163439	21.8	42.84	8.6	15.98	1000.0	1	0	0	1
20230405163440	21.78	42.88	8.6	15.98	1000.0	1	0	0	1
20230405163441	21.8	42.81	8.59	16.01	1000.0	1	0	0	1
20230405163443	21.8	42.91	8.63	16.01	1000.0	1	0	0	1
20230405163444	21.84	43.02	8.7	16.03	1000.0	1	0	0	1
20230405163445	21.93	43.53	8.96	16.03	1000.0	1	0	0	1
20230405163446	21.96	43.59	9.01	16.06	1000.0	1	0	0	1
20230405163447	21.91	43.67	8.99	16.06	1000.0	1	0	0	1
20230405163448	21.9	43.49	8.92	16.06	1000.0	1	0	0	1
20230405163449	21.97	43.32	8.92	16.09	1000.0	1	0	0	1
20230405163450	21.98	43.51	9.0	16.11	1000.0	1	0	0	1
20230405163451	22.01	43.5	9.02	16.11	1000.0	1	0	0	1
20230405163453	22.03	43.49	9.03	16.11	1000.0	1	0	0	1
20230405163454	22.0	43.34	8.96	16.14	1000.0	1	0	0	1
20230405163455	22.01	42.85	8.8	16.14	1000.0	1	0	0	1
20230405163456	22.07	42.85	8.85	16.16	1000.0	1	0	0	1
20230405163457	22.07	42.84	8.85	16.14	1000.0	1	0	0	1
20230405163458	22.07	42.62	8.77	16.16	1000.0	1	0	0	1
20230405163459	22.04	42.35	8.65	16.14	1000.0	1	0	0	1
20230405163500	22.08	42.24	8.65	16.16	1000.0	1	0	0	1
20230405163501	22.07	42.21	8.63	16.16	1000.0	1	0	1	1
20230405163502	22.08	42.1	8.6	16.14	1000.0	1	0	0	1
20230405163504	22.08	42.02	8.57	16.14	1000.0	1	0	0	1
20230405163505	22.01	41.66	8.38	16.14	1000.0	1	1	0	1
20230405163506	22.03	41.23	8.25	16.14	1000.0	1	1	0	1
20230405163507	22.0	40.95	8.12	16.14	1000.0	1	1	0	1
20230405163508	21.98	40.75	8.03	16.14	1000.0	1	1	0	1
20230405163509	21.94	40.54	7.92	16.16	1000.0	1	1	0	1
20230405163510	21.94	40.42	7.87	16.14	1000.0	1	1	0	1
20230405163511	21.91	40.35	7.82	16.14	1000.0	1	1	0	1
20230405163512	21.94	40.19	7.79	16.14	1000.0	1	1	0	1
20230405163514	21.94	40.19	7.79	16.16	1000.0	1	1	0	1
20230405163515	21.98	40.42	7.91	16.14	1000.0	1	1	0	1
20230405163516	21.97	40.33	7.87	16.14	1000.0	1	1	0	1
20230405163517	22.04	40.52	8.0	16.14	1000.0	1	1	0	1
20230405163518	22.07	40.83	8.14	16.14	1000.0	1	1	0	1
20230405163519	22.16	41.08	8.31	16.11	1000.0	1	1	0	1
20230405163520	22.17	41.59	8.5	16.14	1000.0	1	1	0	1
20230405163521	22.21	41.98	8.67	16.14	1000.0	1	1	0	1
20230405163522	22.25	42.57	8.92	16.14	1000.0	1	1	0	1
20230405163524	22.29	43.17	9.16	16.14	1000.0	1	1	0	1
20230405163525	22.39	43.92	9.51	16.14	1000.0	1	1	0	1
20230405163526	22.28	43.92	9.41	16.16	1000.0	1	1	0	1
20230405163527	22.18	43.28	9.1	16.16	1000.0	1	1	0	1
20230405163528	22.07	42.64	8.78	16.16	1000.0	1	1	0	1
20230405163529	21.96	42.04	8.47	16.16	1000.0	1	1	0	1
20230405163530	21.86	41.67	8.25	16.14	1000.0	1	1	0	1
20230405163531	21.78	41.38	8.07	16.14	1000.0	1	1	0	1
20230405163532	21.73	41.2	7.96	16.14	1000.0	1	1	0	1
20230405163534	21.66	41.13	7.88	16.16	1000.0	1	1	0	1
20230405163535	21.54	41.07	7.75	16.14	1000.0	1	1	0	1
20230405163536	21.49	41.05	7.7	16.14	1000.0	1	1	0	1
20230405163537	21.45	41.12	7.68	16.14	1000.0	1	1	0	1
20230405163538	21.37	41.14	7.62	16.14	1000.0	1	1	0	1
20230405163539	21.32	41.23	7.61	16.14	1000.0	1	1	0	1
20230405163540	21.3	41.34	7.63	16.14	1000.0	1	1	0	1
20230405163541	21.3	41.45	7.67	16.16	1000.0	1	1	0	1
20230405163542	21.33	41.57	7.74	16.16	1000.0	1	1	0	1
20230405163544	21.36	41.75	7.83	16.16	1000.0	1	1	0	1
20230405163545	21.47	42.35	8.14	16.16	1000.0	1	0	0	1
20230405163546	21.5	42.78	8.31	16.16	1000.0	1	1	0	1
20230405163547	21.59	43.09	8.5	16.16	1000.0	1	1	0	1
20230405163548	21.63	43.34	8.62	16.16	1000.0	1	1	0	1
20230405163549	21.67	43.64	8.76	16.19	1000.0	1	1	0	1
20230405163550	21.73	43.76	8.85	16.19	1000.0	1	1	0	1
20230405163551	21.74	43.74	8.86	16.19	1000.0	1	1	0	1
20230405163552	21.72	43.66	8.81	16.19	1000.0	1	1	0	1
20230405163553	21.67	43.4	8.68	16.19	1000.0	1	1	0	1
20230405163555	21.59	42.53	8.31	16.19	1000.0	1	1	0	1
20230405163556	21.53	42.11	8.11	16.19	1000.0	1	1	0	1
20230405163557	21.53	41.8	8.0	16.22	1000.0	1	1	0	1
20230405163558	21.54	41.79	8.0	16.16	1000.0	1	1	0	1
20230405163559	21.5	42.08	8.07	16.19	1000.0	1	1	0	1
20230405163600	21.43	41.97	7.97	16.22	1000.0	1	1	0	1
20230405163601	21.39	41.74	7.85	16.19	1000.0	1	1	0	1
20230405163602	21.33	41.42	7.68	16.22	1000.0	1	1	0	1
20230405163603	21.25	41.14	7.51	16.19	1000.0	1	1	0	1
20230405163605	21.15	40.7	7.26	16.22	1000.0	1	1	0	1
20230405163606	21.11	40.57	7.18	16.19	1000.0	1	1	0	1
20230405163607	21.06	40.51	7.12	16.19	1000.0	1	1	0	1
20230405163608	21.08	40.43	7.1	16.19	1000.0	1	1	0	1
20230405163609	21.03	40.42	7.06	16.19	1000.0	1	1	0	1
20230405163610	20.96	40.31	6.95	16.22	1000.0	1	1	0	1
20230405163611	20.93	40.29	6.92	16.19	1000.0	1	1	0	1
20230405163612	20.91	40.24	6.88	16.19	1000.0	1	1	0	1
20230405163613	20.86	40.3	6.86	16.22	1000.0	1	1	0	1
20230405163615	20.82	40.3	6.82	16.19	1000.0	1	1	0	1
20230405163616	20.81	40.34	6.83	16.22	1000.0	1	1	0	1
20230405163617	20.78	40.4	6.82	16.22	1000.0	1	1	0	1
20230405163618	20.78	40.45	6.84	16.19	1000.0	1	1	0	1
20230405163619	20.78	40.52	6.87	16.19	1000.0	1	1	0	1
20230405163620	20.86	40.65	6.99	16.19	1000.0	1	1	0	1
20230405163621	20.93	40.9	7.14	16.22	1000.0	1	1	0	1
20230405163622	20.93	40.91	7.14	16.22	1000.0	1	1	0	1
20230405163623	20.91	40.96	7.14	16.22	1000.0	1	1	0	1
20230405163624	20.86	40.93	7.09	16.22	1000.0	1	1	0	1
20230405163626	20.89	40.96	7.12	16.22	1000.0	1	1	0	1
20230405163627	20.89	41.01	7.14	16.24	1000.0	1	1	0	1
20230405163628	20.83	41.03	7.1	16.22	1000.0	1	1	0	1
20230405163629	20.79	41.15	7.1	16.22	1000.0	1	1	0	1
20230405163630	20.79	41.27	7.14	16.22	1000.0	1	1	0	1
20230405163631	20.78	41.39	7.18	16.22	1000.0	1	1	0	1
20230405163632	20.75	41.52	7.2	16.24	1000.0	1	1	0	1
20230405163633	20.74	41.71	7.25	16.24	1000.0	1	1	0	1
20230405163634	20.71	41.92	7.3	16.24	1000.0	1	1	0	1
20230405163636	20.7	42.02	7.33	16.24	1000.0	1	1	0	1
20230405163637	20.68	42.07	7.33	16.24	1000.0	1	1	0	1
20230405163638	20.65	42.16	7.33	16.24	1000.0	1	1	0	1
20230405163639	20.65	42.26	7.37	16.27	1000.0	1	1	0	1
20230405163640	20.67	42.38	7.42	16.24	1000.0	1	1	0	1
20230405163641	20.65	42.55	7.47	16.24	1000.0	1	1	0	1
20230405163642	20.62	42.7	7.49	16.24	1000.0	1	1	0	1
20230405163643	20.64	42.74	7.52	16.24	1000.0	1	1	0	1
20230405163644	20.61	42.96	7.57	16.24	1000.0	1	1	0	1
20230405163645	20.65	43.11	7.66	16.24	1000.0	1	1	0	1
20230405163647	20.75	43.3	7.81	16.24	1000.0	1	1	0	1
20230405163648	20.78	43.4	7.87	16.24	1000.0	1	1	0	1
20230405163649	20.82	43.48	7.94	16.27	1000.0	1	1	0	1
20230405163650	20.82	43.49	7.94	16.27	1000.0	1	1	0	1
20230405163651	20.85	43.42	7.94	16.24	1000.0	1	1	0	1
20230405163652	20.83	43.38	7.91	16.24	1000.0	1	1	0	1
20230405163653	20.81	43.35	7.88	16.24	1000.0	1	1	0	1
20230405163654	20.78	43.18	7.8	16.27	1000.0	1	1	0	1
20230405163655	20.76	43.06	7.74	16.3	1000.0	1	1	0	1
20230405163657	20.75	42.96	7.7	16.27	1000.0	1	1	0	1
20230405163658	20.81	42.91	7.73	16.24	1000.0	1	1	0	1
20230405163659	20.88	42.92	7.8	16.3	1000.0	1	1	0	1
20230405163700	20.86	42.85	7.76	16.27	1000.0	1	1	0	1
20230405163701	20.85	42.77	7.72	16.27	1000.0	1	1	0	1
20230405163702	20.81	42.53	7.6	16.27	1000.0	1	1	0	1
20230405163703	20.78	42.31	7.5	16.27	1000.0	1	1	0	1
20230405163704	20.75	41.93	7.34	16.27	1000.0	1	1	0	1
20230405163705	20.74	41.78	7.28	16.27	17.3	1	1	0	1
20230405163707	20.71	41.64	7.2	16.27	17.33	1	1	0	1
20230405163708	20.71	41.53	7.16	16.27	17.3	1	1	0	1
20230405163709	20.7	41.44	7.12	16.32	17.3	1	1	0	1
20230405163710	20.65	41.39	7.06	16.3	17.33	1	1	0	1
20230405163711	20.74	41.35	7.13	16.27	17.33	1	1	0	1
20230405163712	20.81	41.87	7.37	16.27	17.36	1	1	0	1
20230405163713	20.83	42.75	7.7	16.3	17.36	1	1	0	1
20230405163714	20.89	43.57	8.03	16.27	17.33	1	1	0	1
20230405163715	20.83	44.23	8.2	16.3	17.3	1	1	0	1
20230405163716	20.85	43.8	8.07	16.27	17.3	1	1	0	1
20230405163718	20.81	43.4	7.9	16.27	17.27	1	1	0	1
20230405163719	20.78	43.02	7.74	16.3	17.3	1	1	0	1
20230405163720	20.78	42.68	7.63	16.3	17.27	1	1	0	1
20230405163721	20.78	42.55	7.58	16.3	17.3	1	1	0	1
20230405163722	20.83	42.73	7.69	16.27	17.27	1	1	0	1
20230405163723	20.88	43.27	7.92	16.3	17.3	1	1	0	1
20230405163724	20.86	43.48	7.97	16.3	17.27	1	1	0	1
20230405163725	20.79	42.97	7.74	16.27	17.24	1	1	0	1
20230405163726	20.75	42.7	7.61	16.27	17.24	1	1	0	1
20230405163728	20.74	42.52	7.54	16.3	17.27	1	1	0	1
20230405163729	20.68	42.33	7.42	16.3	17.27	1	1	0	1
20230405163730	20.7	42.24	7.4	16.3	17.27	1	1	0	1
20230405163731	20.68	42.31	7.41	16.27	17.24	1	1	0	1
20230405163732	20.67	42.3	7.4	16.27	17.21	1	1	0	1
20230405163733	20.67	42.34	7.41	16.3	17.24	1	1	0	1
20230405163734	20.64	42.35	7.39	16.3	17.24	1	1	0	1
20230405163735	20.62	42.53	7.43	16.3	17.24	1	1	0	1
20230405163736	20.62	42.64	7.47	16.3	17.24	1	1	0	1
20230405163737	20.62	42.77	7.51	16.3	17.24	1	1	0	1
20230405163739	20.6	42.86	7.53	16.3	17.24	1	1	0	1
20230405163740	20.58	42.91	7.53	16.3	17.24	1	1	0	1
20230405163741	20.58	42.99	7.55	16.32	17.27	1	1	0	1
20230405163742	20.55	43.05	7.55	16.3	17.27	1	1	0	1
20230405163743	20.55	43.11	7.57	16.32	17.24	1	1	0	1
20230405163744	20.54	43.25	7.61	16.3	17.27	1	1	0	1
20230405163745	20.55	43.4	7.67	16.32	17.24	1	1	0	1
20230405163746	20.54	43.5	7.69	16.3	17.24	1	1	0	1
20230405163747	20.54	43.58	7.72	16.32	17.27	1	1	0	1
20230405163749	20.51	43.64	7.71	16.32	17.27	1	1	0	1
20230405163750	20.51	43.64	7.71	16.32	17.27	1	1	0	1
20230405163751	20.51	43.64	7.71	16.32	17.24	1	1	0	1
20230405163752	20.47	43.71	7.7	16.32	17.27	1	1	0	1
20230405163753	20.47	43.7	7.69	16.32	17.24	1	1	0	1
20230405163754	20.44	43.77	7.69	16.32	17.24	1	1	0	1
20230405163755	20.44	43.75	7.68	16.3	17.27	1	1	0	1
20230405163756	20.42	43.76	7.67	16.32	17.24	1	1	0	1
20230405163757	20.4	43.67	7.62	16.32	17.24	1	1	0	1
20230405163758	20.38	43.64	7.59	16.32	17.24	1	1	0	1
20230405163800	20.37	43.56	7.56	16.32	17.21	1	1	0	1
20230405163801	20.35	43.46	7.5	16.32	17.21	1	1	0	1
20230405163802	20.34	43.3	7.44	16.32	17.21	1	1	0	1
20230405163803	20.35	43.22	7.42	16.32	17.24	1	1	0	1
20230405163804	20.35	43.09	7.38	16.32	17.24	1	1	0	1
20230405163805	20.34	42.93	7.32	16.32	17.24	1	1	0	1
20230405163806	20.31	42.81	7.25	16.32	17.24	1	1	0	1
20230405163807	20.32	42.72	7.23	16.32	17.24	1	1	0	1
20230405163808	20.3	42.55	7.15	16.3	17.24	1	1	0	1
20230405163810	20.31	42.49	7.14	16.32	17.24	1	1	0	1
20230405163811	20.3	42.33	7.07	16.3	17.24	1	1	0	1
20230405163812	20.31	42.3	7.07	16.3	17.21	1	1	0	1
20230405163813	20.27	42.2	7.0	16.32	17.21	1	1	0	1
20230405163814	20.3	42.22	7.04	16.3	17.18	1	1	0	1
20230405163815	20.34	42.14	7.04	16.3	17.18	1	1	0	1
20230405163816	20.34	42.11	7.03	16.3	17.18	1	1	0	1
20230405163817	20.35	42.08	7.03	16.3	17.18	1	1	0	1
20230405163818	20.34	42.08	7.02	16.3	17.15	1	1	0	1
20230405163819	20.35	42.06	7.03	16.3	17.18	1	1	0	1
20230405163821	20.35	42.07	7.03	16.3	17.18	1	1	0	1
20230405163822	20.34	42.01	7.0	16.3	17.18	1	1	0	1
20230405163823	20.32	42.0	6.98	16.27	17.18	1	1	0	1
20230405163824	20.32	41.95	6.96	16.3	17.15	1	1	0	1
20230405163825	20.34	41.94	6.97	16.3	17.21	1	1	0	1
20230405163826	20.3	41.98	6.95	16.27	17.24	1	1	0	1
20230405163827	20.31	41.98	6.96	16.27	17.33	1	1	0	1
20230405163828	20.27	41.85	6.88	16.3	17.48	1	1	0	1
20230405163829	20.19	41.38	6.64	16.3	17.42	1	1	0	1
20230405163831	20.06	39.98	6.03	16.32	17.54	1	1	0	1
20230405163832	20.01	37.26	4.97	16.3	17.51	1	1	0	1
20230405163833	19.94	33.89	3.55	16.32	17.54	1	1	0	1
20230405163834	19.89	30.29	1.92	16.35	17.54	1	1	0	1
20230405163835	19.84	27.13	0.34	16.32	17.51	1	1	1	1
20230405163836	19.73	21.76	-2.76	16.32	17.51	1	1	1	1
20230405163837	19.72	19.47	-4.26	16.32	17.51	1	1	1	1
20230405163838	19.65	17.51	-5.72	16.32	17.51	1	1	1	1
20230405163839	19.6	15.81	-7.1	16.32	17.48	1	1	1	1
20230405163840	19.57	14.38	-8.35	16.32	17.51	1	1	1	1
20230405163842	19.52	13.11	-9.57	16.35	17.48	1	1	1	1
20230405163843	19.5	11.96	-10.75	16.35	17.48	1	1	1	1
20230405163844	19.46	10.89	-11.96	16.35	17.48	1	1	1	1
20230405163845	19.44	9.98	-13.06	16.37	17.48	1	1	0	1
20230405163846	19.41	8.46	-15.1	16.35	17.45	1	1	0	1
20230405163847	19.35	7.84	-16.07	16.37	17.45	1	1	0	1
20230405163848	19.34	7.23	-17.05	16.37	17.42	1	1	0	1
20230405163849	19.31	6.74	-17.9	16.37	17.45	1	1	1	1
20230405163850	19.26	6.27	-18.79	16.37	17.45	1	1	1	1
20230405163852	19.23	5.87	-19.59	16.37	17.42	1	1	1	1
20230405163853	19.21	5.56	-20.23	16.37	17.42	1	1	1	1
20230405163854	19.19	5.2	-21.02	16.37	17.42	1	1	1	1
20230405163855	19.19	4.95	-21.58	16.37	17.42	1	1	1	1
20230405163856	19.14	4.42	-22.91	16.37	17.39	1	1	1	1
20230405163857	19.11	4.23	-23.43	16.37	17.39	1	1	1	1
20230405163858	19.06	3.93	-24.29	16.37	17.39	1	1	1	1
20230405163859	19.05	3.93	-24.29	16.37	17.36	1	1	1	1
20230405163900	19.04	3.65	-25.12	16.37	17.36	1	1	1	1
20230405163902	19.04	3.52	-25.53	16.37	17.36	1	1	1	1
20230405163903	18.98	3.44	-25.82	16.37	17.36	1	1	1	1
20230405163904	18.97	3.25	-26.45	16.37	17.36	1	1	1	1
20230405163905	18.97	3.18	-26.69	16.37	17.36	1	1	1	1
20230405163906	18.91	2.97	-27.48	16.37	17.39	1	1	1	1
20230405163907	18.88	2.89	-27.79	16.37	17.36	1	1	1	1
20230405163908	18.88	2.8	-28.13	16.37	17.36	1	1	1	1
20230405163909	18.85	2.76	-28.31	16.37	17.33	1	1	1	1
20230405163910	18.84	2.72	-28.47	16.37	17.33	1	1	1	1
20230405163911	18.83	2.65	-28.76	16.37	17.3	1	1	1	1
20230405163913	18.81	2.53	-29.27	16.37	17.3	1	1	1	1
20230405163914	18.8	2.48	-29.49	16.37	17.3	1	1	1	1
20230405163915	18.78	2.44	-29.68	16.37	17.3	1	1	1	1
20230405163916	18.75	2.4	-29.87	16.4	17.3	1	1	1	1
20230405163917	18.73	2.32	-30.24	16.4	17.3	1	1	1	1
20230405163918	18.73	2.4	-29.88	16.4	17.27	1	1	1	1
20230405163919	18.7	2.28	-30.45	16.37	17.24	1	1	1	1
20230405163920	18.68	2.28	-30.46	16.37	17.24	1	1	1	1
20230405163921	18.66	2.22	-30.75	16.37	17.24	1	1	1	1
20230405163923	18.63	2.17	-31.01	16.37	17.24	1	1	1	1
20230405163924	18.63	2.17	-31.01	16.4	17.27	1	1	1	1
20230405163925	18.61	2.13	-31.22	16.37	17.24	1	1	1	1
20230405163926	18.57	2.09	-31.45	16.37	17.24	1	1	1	1
20230405163927	18.57	2.05	-31.65	16.37	17.24	1	1	1	1
20230405163928	18.53	2.01	-31.88	16.37	17.24	1	1	1	1
20230405163929	18.51	2.07	-31.59	16.37	17.24	1	1	1	1
20230405163930	18.51	2.0	-31.95	16.37	17.24	1	1	1	1
20230405163931	18.48	1.97	-32.12	16.37	17.18	1	1	1	1
20230405163932	18.5	2.03	-31.8	16.37	17.21	1	1	1	1
20230405163934	18.47	1.96	-32.18	16.37	17.21	1	1	1	1
20230405163935	18.43	1.95	-32.26	16.37	17.21	1	1	1	1
20230405163936	18.44	1.9	-32.52	16.37	17.21	1	1	1	1
20230405163937	18.4	1.92	-32.44	16.37	17.18	1	1	1	1
20230405163938	18.41	1.9	-32.54	16.37	17.18	1	1	1	1
20230405163939	18.39	1.9	-32.56	16.37	17.18	1	1	1	1
20230405163940	18.39	1.86	-32.78	16.37	17.15	1	1	1	1
20230405163941	18.37	1.86	-32.79	16.37	17.18	1	1	1	1
20230405163942	18.36	1.9	-32.57	16.37	17.18	1	1	1	1
20230405163943	18.33	1.9	-32.59	16.37	17.15	1	1	1	1
20230405163945	18.33	1.88	-32.7	16.37	17.15	1	1	1	1
20230405163946	18.31	1.76	-33.4	16.37	17.15	1	1	1	1
20230405163947	18.31	1.82	-33.05	16.37	17.15	1	1	1	1
20230405163948	18.29	1.8	-33.18	16.37	17.15	1	1	1	1
20230405163949	18.27	1.8	-33.19	16.4	17.15	1	1	1	1
20230405163950	18.26	1.82	-33.08	16.37	17.12	1	1	1	1
20230405163951	18.26	1.82	-33.08	16.37	17.12	1	1	1	1
20230405163952	18.24	1.73	-33.62	16.37	17.12	1	1	1	1
20230405163953	18.21	1.7	-33.82	16.37	17.12	1	1	1	1
20230405163954	18.2	1.74	-33.58	16.37	17.12	1	1	1	1
20230405163956	18.19	1.72	-33.71	16.37	17.12	1	1	1	1
20230405163957	18.2	1.76	-33.47	16.37	17.12	1	1	1	1
20230405163958	18.17	1.72	-33.72	16.37	17.12	1	1	1	1
20230405163959	18.16	1.68	-33.97	16.37	17.12	1	1	1	1
20230405164000	18.15	1.74	-33.62	16.37	17.12	1	1	1	1
20230405164001	18.15	1.67	-34.04	16.37	17.12	1	1	1	1
20230405164002	18.12	1.7	-33.87	16.37	17.09	1	1	1	1
20230405164003	18.12	1.66	-34.12	16.37	17.09	1	1	1	1
20230405164004	18.09	1.64	-34.26	16.37	17.09	1	1	1	1
20230405164005	18.09	1.68	-34.01	16.37	17.09	1	1	1	1
20230405164007	18.09	1.7	-33.89	16.37	17.06	1	1	1	1
20230405164008	18.08	1.63	-34.33	16.37	17.06	1	1	1	1
20230405164009	18.06	1.64	-34.28	16.35	17.06	1	1	1	1
20230405164010	18.05	1.68	-34.04	16.35	17.03	1	1	1	1
20230405164011	18.02	1.61	-34.49	16.37	17.03	1	1	1	1
20230405164012	18.03	1.68	-34.05	16.35	17.03	1	1	1	1
20230405164013	18.0	1.59	-34.63	16.35	17.0	1	1	1	1
20230405164014	17.96	1.6	-34.59	16.35	17.0	1	1	1	1
20230405164015	17.99	1.62	-34.45	16.35	17.0	1	1	1	1
20230405164016	17.98	1.64	-34.33	16.32	17.0	1	1	1	1
20230405164017	17.95	1.64	-34.35	16.32	17.0	1	1	1	1
20230405164019	17.95	1.62	-34.47	16.32	17.0	1	1	1	1
20230405164020	17.95	1.58	-34.73	16.32	17.0	1	1	1	1
20230405164021	17.89	1.6	-34.64	16.32	17.0	1	1	1	1
20230405164022	17.9	1.62	-34.51	16.32	17.0	1	1	1	1
20230405164023	17.9	1.57	-34.82	16.32	16.97	1	1	1	1
20230405164024	17.88	1.6	-34.64	16.27	16.97	1	1	1	1
20230405164025	17.88	1.56	-34.9	16.32	16.97	1	1	1	1
20230405164026	17.83	1.56	-34.93	16.32	16.97	1	1	1	1
20230405164027	17.86	1.56	-34.91	16.3	16.93	1	1	1	1
20230405164028	17.86	1.54	-35.04	16.3	16.93	1	1	1	1
20230405164030	17.82	1.56	-34.94	16.3	16.93	1	1	1	1
20230405164031	17.82	1.5	-35.34	16.3	16.93	1	1	1	1
20230405164032	17.82	1.5	-35.34	16.3	16.93	1	1	1	1
20230405164033	17.79	1.56	-34.96	16.3	16.97	1	1	1	1
20230405164034	17.79	1.54	-35.09	16.27	16.9	1	1	1	1
20230405164035	17.79	1.52	-35.22	16.3	16.9	1	1	1	1
20230405164036	17.79	1.48	-35.49	16.27	16.9	1	1	1	1
20230405164037	17.78	1.62	-34.58	16.3	16.9	1	1	1	1
20230405164038	17.78	1.52	-35.23	16.27	16.9	1	1	1	1
20230405164039	17.76	1.54	-35.11	16.27	16.9	1	1	1	1
20230405164041	17.73	1.54	-35.13	16.27	16.9	1	1	1	1
20230405164042	17.73	1.5	-35.39	16.27	16.9	1	1	1	1
20230405164043	17.72	1.5	-35.4	16.27	16.87	1	1	1	1
20230405164044	17.72	1.52	-35.27	16.27	16.9	1	1	1	1
20230405164045	17.69	1.52	-35.28	16.27	16.87	1	1	1	1
20230405164046	17.7	1.56	-35.02	16.27	16.87	1	1	1	1
20230405164047	17.69	1.44	-35.83	16.27	16.87	1	1	1	1
20230405164048	17.68	1.48	-35.56	16.27	16.87	1	1	1	1
20230405164049	17.68	1.52	-35.29	16.27	16.87	1	1	1	1
20230405164050	17.68	1.52	-35.29	16.27	16.87	1	1	1	1
20230405164052	17.66	1.44	-35.85	16.27	16.87	1	1	1	1
20230405164053	17.65	1.57	-34.98	16.27	16.87	1	1	1	1
20230405164054	17.66	1.46	-35.71	16.24	16.87	1	1	1	1
20230405164055	17.65	1.48	-35.58	16.24	16.87	1	1	1	1
20230405164056	17.62	1.48	-35.6	16.24	16.84	1	1	1	1
20230405164057	17.62	1.48	-35.6	16.24	16.84	1	1	1	1
20230405164058	17.64	1.46	-35.72	16.24	16.84	1	1	1	1
20230405164059	17.62	1.46	-35.73	16.24	16.84	1	1	1	1
20230405164100	17.61	1.44	-35.88	16.24	16.84	1	1	1	1
20230405164101	17.61	1.42	-36.02	16.24	16.81	1	1	1	1
20230405164103	17.59	1.54	-35.22	16.24	16.84	1	1	1	1
20230405164104	17.61	1.44	-35.88	16.24	16.81	1	1	1	1
20230405164105	17.56	1.42	-36.05	16.24	16.81	1	1	1	1
20230405164106	17.55	1.44	-35.92	16.24	16.81	1	1	1	1
20230405164107	17.55	1.44	-35.92	16.24	16.78	1	1	1	1
20230405164108	17.55	1.46	-35.78	16.24	16.78	1	1	1	1
20230405164109	17.52	1.38	-36.36	16.22	16.78	1	1	1	1
20230405164110	17.54	1.44	-35.92	16.22	16.78	1	1	1	1
20230405164111	17.52	1.42	-36.08	16.22	16.75	1	1	1	1
20230405164112	17.52	1.44	-35.94	16.22	16.75	1	1	1	1
20230405164114	17.49	1.42	-36.09	16.19	16.75	1	1	1	1
20230405164115	17.49	1.43	-36.02	16.22	16.75	1	1	1	1
20230405164116	17.48	1.4	-36.24	16.22	16.75	1	1	1	1
20230405164117	17.48	1.43	-36.03	16.19	16.75	1	1	1	1
20230405164118	17.47	1.45	-35.9	16.19	16.78	1	1	1	1
20230405164119	17.47	1.4	-36.25	16.19	16.75	1	1	1	1
20230405164120	17.44	1.42	-36.13	16.19	16.75	1	1	1	1
20230405164121	17.45	1.4	-36.26	16.16	16.75	1	1	1	1
20230405164122	17.44	1.45	-35.92	16.16	16.75	1	1	1	1
20230405164123	17.42	1.38	-36.42	16.16	16.75	1	1	1	1
20230405164124	17.42	1.41	-36.21	16.16	16.72	1	1	1	1
20230405164126	17.39	1.41	-36.23	16.16	16.72	1	1	1	1
20230405164127	17.41	1.38	-36.43	16.14	16.69	1	1	1	1
20230405164128	17.41	1.41	-36.22	16.14	16.69	1	1	1	1
20230405164129	17.39	1.4	-36.3	16.14	16.69	1	1	1	1
20230405164130	17.37	1.39	-36.38	16.16	16.69	1	1	1	1
20230405164131	17.37	1.32	-36.9	16.14	16.69	1	1	1	1
20230405164132	17.39	1.4	-36.3	16.14	16.69	1	1	1	1
20230405164133	17.38	1.41	-36.23	16.14	16.69	1	1	1	1
20230405164134	17.35	1.39	-36.4	16.14	16.72	1	1	1	1
20230405164135	17.35	1.39	-36.4	16.14	16.69	1	1	1	1
20230405164137	17.34	1.34	-36.77	16.14	16.66	1	1	1	1
20230405164138	17.33	1.43	-36.13	16.14	16.66	1	1	1	1
20230405164139	17.35	1.41	-36.25	16.14	16.66	1	1	1	1
20230405164140	17.34	1.37	-36.55	16.14	16.66	1	1	1	1
20230405164141	17.35	1.41	-36.25	16.14	16.66	1	1	1	1
20230405164142	17.33	1.37	-36.55	16.14	16.66	1	1	1	1
20230405164143	17.33	1.37	-36.55	16.14	16.66	1	1	1	1
20230405164144	17.33	1.39	-36.41	16.14	16.66	1	1	1	1
20230405164145	17.33	1.39	-36.41	16.14	16.66	1	1	1	1
20230405164146	17.3	1.36	-36.64	16.14	16.63	1	1	1	1
20230405164147	17.3	1.34	-36.79	16.14	16.63	1	1	1	1
20230405164149	17.28	1.34	-36.8	16.14	16.63	1	1	1	1
20230405164150	17.28	1.34	-36.8	16.14	16.63	1	1	1	1
20230405164151	17.3	1.37	-36.57	16.14	16.63	1	1	1	1
20230405164152	17.27	1.36	-36.66	16.14	16.6	1	1	1	1
20230405164153	17.27	1.36	-36.66	16.14	16.63	1	1	1	1
20230405164154	17.27	1.32	-36.96	16.14	16.6	1	1	1	1
20230405164155	17.25	1.32	-36.97	16.14	16.6	1	1	1	1
20230405164156	17.25	1.37	-36.6	16.14	16.63	1	1	1	1
20230405164157	17.25	1.3	-37.12	16.14	16.6	1	1	1	1
20230405164158	17.24	1.3	-37.13	16.14	16.6	1	1	1	1
20230405164200	17.23	1.32	-36.99	16.11	16.6	1	1	1	1
20230405164201	17.23	1.3	-37.14	16.11	16.6	1	1	1	1
20230405164202	17.24	1.33	-36.9	16.11	16.6	1	1	1	1
20230405164203	17.21	1.32	-37.0	16.11	16.6	1	1	1	1
20230405164204	17.19	1.24	-37.63	16.11	16.6	1	1	1	1
20230405164205	17.23	1.33	-36.91	16.11	16.6	1	1	1	1
20230405164206	17.19	1.35	-36.79	16.11	16.6	1	1	1	1
20230405164207	17.21	1.32	-37.0	16.09	16.6	1	1	1	1
20230405164208	17.19	1.26	-37.47	16.11	16.6	1	1	1	1
20230405164209	17.19	1.41	-36.35	16.09	16.57	1	1	1	1
20230405164211	17.19	1.3	-37.16	16.09	16.57	1	1	1	1
20230405164212	17.18	1.37	-36.65	16.09	16.57	1	1	1	1
20230405164213	17.15	1.3	-37.19	16.06	16.57	1	1	1	1
20230405164214	17.17	1.31	-37.1	16.06	16.57	1	1	1	1
20230405164215	17.15	1.39	-36.52	16.06	16.54	1	1	1	1
20230405164216	17.15	1.27	-37.42	16.06	16.54	1	1	1	1
20230405164217	17.14	1.29	-37.27	16.03	16.57	1	1	1	1
20230405164218	17.13	1.27	-37.43	16.03	16.54	1	1	1	1
20230405164219	17.14	1.29	-37.27	16.03	16.54	1	1	1	1
20230405164220	17.14	1.35	-36.82	16.03	16.54	1	1	1	1
20230405164222	17.1	1.33	-36.99	16.06	16.51	1	1	1	1
20230405164223	17.11	1.31	-37.14	16.03	16.51	1	1	1	1
20230405164224	17.11	1.33	-36.99	16.03	16.51	1	1	1	1
20230405164225	17.11	1.29	-37.29	16.03	16.51	1	1	1	1
20230405164226	17.11	1.33	-36.99	16.03	16.51	1	1	1	1
20230405164227	17.1	1.29	-37.29	16.03	16.51	1	1	1	1
20230405164228	17.1	1.29	-37.29	16.03	16.48	1	1	1	1
20230405164229	17.08	1.31	-37.15	16.03	16.48	1	1	1	1
20230405164230	17.1	1.33	-36.99	16.03	16.48	1	1	1	1
20230405164231	17.08	1.25	-37.62	16.03	16.48	1	1	1	1
20230405164232	17.07	1.27	-37.47	16.03	16.48	1	1	1	1
20230405164234	17.04	1.25	-37.64	16.03	16.48	1	1	1	1
20230405164235	17.07	1.27	-37.47	16.01	16.48	1	1	1	1
20230405164236	17.04	1.35	-36.88	16.03	16.48	1	1	1	1
20230405164237	17.05	1.33	-37.02	16.03	16.48	1	1	1	1
20230405164238	17.05	1.31	-37.17	16.03	16.48	1	1	1	1
20230405164239	17.05	1.29	-37.33	16.03	16.48	1	1	1	1
20230405164240	17.05	1.35	-36.88	16.03	16.48	1	1	1	1
20230405164241	17.03	1.31	-37.19	16.03	16.48	1	1	1	1
20230405164242	17.01	1.29	-37.35	16.01	16.48	1	1	1	1
20230405164243	17.03	1.27	-37.49	16.01	16.48	1	1	1	1
20230405164245	17.03	1.29	-37.34	16.03	16.48	1	1	1	1
20230405164246	17.03	1.33	-37.04	16.01	16.48	1	1	1	1
20230405164247	17.01	1.29	-37.35	16.03	16.48	1	1	1	1
20230405164248	17.01	1.27	-37.51	16.01	16.48	1	1	1	1
20230405164249	17.01	1.33	-37.05	16.01	16.48	1	1	1	1
20230405164250	17.03	1.27	-37.49	16.01	16.48	1	1	1	1
20230405164251	17.0	1.29	-37.36	16.03	16.48	1	1	1	1
20230405164252	16.97	1.32	-37.15	16.01	16.48	1	1	1	1
20230405164253	17.0	1.21	-37.99	16.01	16.45	1	1	1	1
20230405164254	17.0	1.27	-37.51	16.01	16.48	1	1	1	1
20230405164255	17.0	1.27	-37.51	16.01	16.48	1	1	1	1
20230405164257	17.0	1.29	-37.36	16.01	16.45	1	1	1	1
20230405164258	16.97	1.25	-37.69	16.01	16.45	1	1	1	1
20230405164259	17.0	1.25	-37.67	15.98	16.48	1	1	1	1
20230405164300	16.98	1.29	-37.37	15.98	16.45	1	1	1	1
20230405164301	16.98	1.21	-38.0	15.98	16.45	1	1	1	1
20230405164302	16.97	1.25	-37.69	15.98	16.45	1	1	1	1
20230405164303	16.97	1.25	-37.69	15.98	16.42	1	1	1	1
20230405164304	16.94	1.31	-37.24	15.96	16.42	1	1	1	1
20230405164305	16.97	1.23	-37.85	15.98	16.45	1	1	1	1
20230405164306	16.94	1.25	-37.71	15.96	16.45	1	1	1	1
20230405164308	16.97	1.19	-38.17	15.98	16.42	1	1	1	1
20230405164309	16.94	1.23	-37.86	15.93	16.45	1	1	1	1
20230405164310	16.95	1.25	-37.7	15.96	16.42	1	1	1	1
20230405164311	16.98	1.25	-37.68	15.96	16.42	1	1	1	1
20230405164312	16.93	1.27	-37.56	15.96	16.39	1	1	1	1
20230405164313	16.94	1.27	-37.55	15.96	16.39	1	1	1	1
20230405164314	16.9	1.23	-37.89	15.93	16.39	1	1	1	1
20230405164315	16.93	1.19	-38.19	15.93	16.39	1	1	1	1
