EventTime	aTemp	RH	DP	cTemp	mTemp	sLid	sVacuu	sPressure	IsOkay
20230403142547	15.32	0.0	-90.61	19.3	19.79	0	1	1	1
20230403142548	15.34	0.0	-90.6	19.3	19.79	0	1	1	1
20230403142549	15.37	0.0	-90.59	19.3	19.79	0	1	1	1
20230403142550	15.34	0.0	-90.6	19.31	19.8	0	1	1	1
20230403142551	15.37	0.0	-90.59	19.31	19.8	0	1	1	1
20230403142552	15.36	0.0	-90.6	19.31	19.8	0	1	1	1
20230403142553	15.37	0.0	-90.59	19.31	19.82	0	1	1	1
20230403142555	15.36	0.0	-90.6	19.33	19.82	0	1	1	1
20230403142556	15.36	0.0	-90.6	19.33	19.8	0	1	1	1
20230403142557	15.37	0.0	-90.59	19.33	19.8	0	1	1	1
20230403142558	15.39	0.0	-90.59	19.33	19.82	0	1	1	1
20230403142559	15.39	0.0	-90.59	19.33	19.82	0	1	1	1
20230403142600	15.4	0.0	-90.58	19.33	19.82	0	1	1	1
20230403142601	15.37	0.0	-90.59	19.33	19.8	0	1	1	1
20230403142602	15.42	0.0	-90.57	19.33	19.83	0	1	1	1
20230403142603	15.4	0.0	-90.58	19.33	19.8	0	1	1	1
20230403142604	15.4	0.0	-90.58	19.34	19.83	0	1	1	1
20230403142605	15.39	0.0	-90.59	19.35	19.82	0	1	1	1
20230403142606	15.43	0.0	-90.57	19.35	19.82	0	1	1	1
20230403142607	15.4	0.0	-90.58	19.35	19.82	0	1	1	1
20230403142608	15.37	0.0	-90.59	19.35	19.8	0	1	1	1
20230403142609	15.4	0.0	-90.58	19.35	19.82	0	1	1	1
20230403142610	15.39	0.0	-90.59	19.35	19.8	0	1	1	1
20230403142611	15.36	0.0	-90.6	19.33	19.8	0	1	1	1
20230403142612	15.36	0.0	-90.6	19.33	19.76	0	1	1	1
20230403142613	15.34	0.0	-90.6	19.31	19.78	0	1	1	1
20230403142615	15.33	0.0	-90.61	19.29	19.75	0	1	1	1
20230403142616	15.3	0.0	-90.62	19.28	19.74	0	1	1	1
20230403142617	15.29	0.0	-90.62	19.24	19.71	0	1	1	1
20230403142618	15.25	0.0	-90.63	19.23	19.71	0	1	1	1
20230403142619	15.25	0.0	-90.63	19.21	19.67	0	1	1	1
20230403142620	15.22	0.0	-90.64	19.19	19.64	0	1	1	1
20230403142621	15.19	0.0	-90.66	19.15	19.62	0	1	1	1
20230403142622	15.16	0.0	-90.67	19.13	19.59	0	1	1	1
20230403142623	15.12	0.0	-90.68	19.08	19.55	0	1	1	1
20230403142624	15.07	0.0	-90.7	19.06	19.52	0	1	1	1
20230403142625	15.03	0.0	-90.71	19.03	19.5	0	1	1	1
20230403142626	14.93	0.0	-90.75	18.99	19.46	0	1	1	1
20230403142627	14.93	0.0	-90.75	18.97	19.42	0	1	1	1
20230403142628	14.9	0.0	-90.76	18.92	19.38	0	1	1	1
20230403142629	14.85	0.0	-90.77	18.88	19.34	0	1	1	1
20230403142630	14.79	0.0	-90.79	18.84	19.31	0	1	1	1
20230403142631	14.76	0.0	-90.8	18.81	19.27	0	1	1	1
20230403142632	14.69	0.0	-90.83	18.77	19.24	0	1	1	1
20230403142634	14.65	0.0	-90.84	18.74	19.2	0	1	1	1
20230403142635	14.61	0.0	-90.86	18.68	19.14	0	1	1	1
20230403142636	14.55	0.0	-90.88	18.63	19.1	0	1	1	1
20230403142637	14.48	0.0	-90.9	18.61	19.07	0	1	1	1
20230403142638	14.46	0.0	-90.91	18.59	19.03	0	1	1	1
20230403142639	14.39	0.0	-90.93	18.55	18.99	0	1	1	1
20230403142640	14.34	0.0	-90.95	18.52	18.96	0	1	1	1
20230403142641	14.31	0.0	-90.96	18.47	18.91	0	1	1	1
20230403142642	14.18	0.0	-91.01	18.41	18.86	0	1	1	1
20230403142643	14.12	0.0	-91.03	18.39	18.83	0	1	1	1
20230403142644	14.05	0.0	-91.05	18.36	18.78	0	1	1	1
20230403142645	14.0	0.0	-91.07	18.3	18.75	1	1	1	1
20230403142646	13.93	0.0	-91.09	18.26	18.68	1	1	1	1
20230403142647	13.88	0.0	-91.11	18.24	18.67	0	1	1	1
20230403142648	13.81	0.0	-91.14	18.21	18.63	0	1	1	1
20230403142649	13.76	0.0	-91.15	18.17	18.59	0	1	1	1
20230403142650	13.68	0.0	-91.18	18.13	18.55	0	1	1	1
20230403142651	13.64	0.0	-91.2	18.09	18.51	0	1	1	1
20230403142652	13.54	0.0	-91.23	18.06	18.47	0	1	1	1
20230403142654	13.49	0.0	-91.25	18.02	18.42	0	1	1	1
20230403142655	13.44	0.0	-91.27	17.95	18.39	1	1	1	1
20230403142656	13.37	0.0	-91.29	17.94	18.34	1	1	1	1
20230403142657	13.34	0.0	-91.3	17.91	18.32	0	1	1	1
20230403142658	13.26	0.0	-91.33	17.87	18.27	0	1	1	1
20230403142659	13.22	0.0	-91.34	17.83	18.23	1	1	1	1
20230403142700	13.06	0.0	-91.4	17.79	18.2	1	1	1	1
20230403142701	13.02	0.0	-91.41	17.77	18.16	1	1	1	1
20230403142702	12.93	0.0	-91.45	17.73	18.14	1	1	1	1
20230403142703	12.86	0.0	-91.47	17.69	18.07	1	1	1	1
20230403142704	12.82	0.0	-91.48	17.65	18.04	1	1	1	1
20230403142705	12.75	0.0	-91.51	17.62	18.02	1	1	1	1
20230403142706	12.68	0.0	-91.53	17.57	17.96	1	1	1	1
20230403142707	12.64	0.0	-91.55	17.55	17.95	1	1	1	1
20230403142708	12.56	0.0	-91.58	17.52	17.92	1	1	1	1
20230403142709	12.52	0.0	-91.59	17.48	17.88	1	1	1	1
20230403142710	12.44	0.0	-91.62	17.45	17.84	1	1	1	1
20230403142711	12.39	0.0	-91.63	17.41	17.82	1	1	1	1
20230403142712	12.32	0.0	-91.66	17.39	17.78	1	1	1	1
20230403142713	12.27	0.0	-91.68	17.35	17.75	1	1	1	1
20230403142715	12.21	0.0	-91.7	17.32	17.71	1	1	1	1
20230403142716	12.17	0.0	-91.71	17.27	17.68	1	1	1	1
20230403142717	12.1	0.0	-91.74	17.23	17.64	1	1	1	1
20230403142718	12.01	0.0	-91.77	17.04	17.59	1	1	1	1
20230403142719	11.94	0.0	-91.79	16.86	17.52	1	1	1	1
20230403142720	11.84	0.0	-91.83	16.64	17.43	1	1	1	1
20230403142721	11.77	0.0	-91.85	16.4	17.29	1	1	1	1
20230403142722	11.74	0.0	-91.86	16.18	17.15	1	1	1	1
20230403142723	11.7	0.0	-91.88	15.95	17.01	1	1	1	1
20230403142724	11.61	0.0	-91.91	15.74	16.86	1	1	1	1
20230403142725	11.57	0.0	-91.92	15.5	16.69	1	1	1	1
20230403142726	11.51	0.0	-91.94	15.3	16.54	1	1	1	1
20230403142727	11.44	0.0	-91.97	15.09	16.39	1	1	1	1
20230403142728	11.37	0.0	-91.99	14.86	16.24	1	1	1	1
20230403142729	11.33	0.0	-92.01	14.67	16.08	1	1	1	1
20230403142730	11.25	0.0	-92.04	14.46	15.92	1	1	1	1
20230403142731	11.16	0.0	-92.07	14.27	15.78	1	1	1	1
20230403142732	11.1	0.0	-92.09	14.04	15.59	1	1	1	1
20230403142733	11.05	0.0	-92.11	13.86	15.46	1	1	1	1
20230403142734	10.98	0.0	-92.13	13.65	15.29	1	1	1	1
20230403142736	10.92	0.0	-92.15	13.46	15.16	1	1	1	1
20230403142737	10.86	0.0	-92.17	13.28	15.02	1	1	1	1
20230403142738	10.76	0.0	-92.21	13.07	14.85	1	1	1	1
20230403142739	10.65	0.0	-92.25	12.91	14.72	1	1	1	1
20230403142740	10.56	0.0	-92.28	12.71	14.58	1	1	1	1
20230403142741	10.49	0.0	-92.3	12.52	14.42	1	1	1	1
20230403142742	10.45	0.0	-92.32	12.35	14.3	1	1	1	1
20230403142743	10.38	0.0	-92.34	12.17	14.13	1	1	1	1
20230403142744	10.32	0.0	-92.36	12.0	14.02	1	1	1	1
20230403142745	10.25	0.0	-92.39	11.83	13.88	1	1	1	1
20230403142746	10.17	0.0	-92.42	11.65	13.75	1	1	1	1
20230403142747	10.11	0.0	-92.44	11.48	13.61	1	1	1	1
20230403142748	10.04	0.0	-92.46	11.31	13.49	1	1	1	1
20230403142749	9.97	0.0	-92.49	11.13	13.37	1	1	1	1
20230403142750	9.88	0.0	-92.52	10.96	13.24	1	1	1	1
20230403142751	9.81	0.0	-92.55	10.8	13.09	1	1	1	1
20230403142752	9.76	0.0	-92.56	10.64	12.96	1	1	1	1
20230403142753	9.69	0.0	-92.59	10.47	12.84	1	1	1	1
20230403142754	9.63	0.0	-92.61	10.32	12.71	1	1	1	1
20230403142755	9.54	0.0	-92.64	10.16	12.6	1	1	1	1
20230403142756	9.49	0.0	-92.66	9.99	12.5	1	1	1	1
20230403142758	9.42	0.0	-92.68	9.84	12.37	1	1	1	1
20230403142759	9.27	0.0	-92.74	9.68	12.25	1	1	1	1
20230403142800	9.22	0.0	-92.75	9.53	12.12	1	1	1	1
20230403142801	9.15	0.0	-92.78	9.38	12.03	1	1	1	1
20230403142802	9.08	0.0	-92.8	9.21	11.91	1	1	1	1
20230403142803	8.99	0.0	-92.84	9.08	11.79	1	1	1	1
20230403142804	8.96	0.0	-92.85	8.92	11.68	1	1	1	1
20230403142805	8.88	0.0	-92.88	8.77	11.62	1	1	1	1
20230403142806	8.83	0.0	-92.89	8.62	11.45	1	1	0	1
20230403142807	8.76	0.0	-92.92	8.5	11.36	1	1	1	1
20230403142808	8.69	0.0	-92.94	8.35	11.24	1	1	1	1
20230403142809	8.61	0.0	-92.97	8.19	11.12	1	1	1	1
20230403142810	8.55	0.0	-92.99	8.05	11.03	1	1	1	1
20230403142811	8.49	0.0	-93.01	7.91	10.91	1	1	1	1
20230403142812	8.41	0.0	-93.04	7.77	10.83	1	1	1	1
20230403142813	8.37	0.0	-93.06	7.64	10.74	1	1	1	1
20230403142814	8.28	0.0	-93.09	7.5	10.6	1	1	1	1
20230403142815	8.22	0.0	-93.11	7.37	10.51	1	1	1	1
20230403142816	8.17	0.0	-93.13	7.25	10.42	1	1	1	1
20230403142817	8.07	0.0	-93.16	7.1	10.3	1	1	1	1
20230403142818	7.9	0.0	-93.22	6.97	10.19	1	1	1	1
20230403142820	7.87	0.0	-93.24	6.8	10.08	1	1	1	1
20230403142821	7.77	0.0	-93.27	6.71	10.0	1	1	1	1
20230403142822	7.73	0.0	-93.29	6.57	9.92	1	1	1	1
20230403142823	7.66	0.0	-93.31	6.45	9.81	1	1	1	1
20230403142824	7.6	0.0	-93.33	6.32	9.7	1	1	1	1
20230403142825	7.53	0.0	-93.36	6.2	9.6	1	1	1	1
20230403142826	7.46	0.0	-93.38	6.08	9.49	1	1	1	1
20230403142827	7.41	0.0	-93.4	5.96	9.41	1	1	1	1
20230403142828	7.33	0.0	-93.43	5.83	9.35	1	1	1	1
20230403142829	7.27	0.0	-93.45	5.71	9.3	1	1	1	1
20230403142830	7.23	0.0	-93.46	5.6	9.12	1	1	1	1
20230403142831	7.13	0.0	-93.5	5.48	9.02	1	1	1	1
20230403142832	7.09	0.0	-93.51	5.33	8.94	1	1	1	1
20230403142833	7.0	0.0	-93.55	5.22	8.89	1	1	1	1
20230403142834	6.94	0.0	-93.57	5.13	8.79	1	1	1	1
20230403142835	6.87	0.0	-93.59	5.02	8.71	1	1	1	1
20230403142836	6.84	0.0	-93.6	4.89	8.66	1	1	1	1
20230403142837	6.75	0.0	-93.64	4.79	8.55	1	1	1	1
20230403142838	6.63	0.0	-93.68	4.68	8.48	1	1	1	1
20230403142839	6.55	0.0	-93.71	4.57	8.41	1	1	1	1
20230403142841	6.52	0.0	-93.72	4.45	8.28	1	1	1	1
20230403142842	6.43	0.0	-93.75	4.31	8.24	1	1	1	1
20230403142843	6.37	0.0	-93.77	4.26	8.07	1	1	1	1
20230403142844	6.31	0.0	-93.79	4.14	8.07	1	1	1	1
20230403142845	6.23	0.0	-93.82	4.04	8.01	1	1	1	1
20230403142846	6.16	0.0	-93.85	3.94	7.85	1	1	1	1
20230403142847	6.11	0.0	-93.86	3.84	7.84	1	1	1	1
20230403142848	6.03	0.0	-93.89	3.74	7.73	1	1	1	1
20230403142849	5.97	0.0	-93.91	3.63	7.68	1	1	1	1
20230403142850	5.92	0.0	-93.93	3.53	7.59	1	1	1	1
20230403142851	5.85	0.0	-93.96	3.43	7.54	1	1	1	1
20230403142852	5.73	0.0	-94.0	3.34	7.49	1	1	1	1
20230403142853	5.71	0.0	-94.01	3.19	7.33	1	1	1	1
20230403142854	5.62	0.0	-94.04	3.13	7.28	1	1	1	1
20230403142855	5.56	0.0	-94.06	3.02	7.19	1	1	1	1
20230403142856	5.5	0.0	-94.08	2.89	7.12	1	1	1	1
20230403142857	5.38	0.0	-94.13	2.81	7.03	1	1	1	1
20230403142858	5.29	0.0	-94.16	2.74	6.98	1	1	1	1
20230403142859	5.23	0.0	-94.18	2.65	6.91	1	1	1	1
20230403142900	5.18	0.0	-94.2	2.56	6.82	1	1	1	1
20230403142901	5.12	0.0	-94.22	2.45	6.82	1	1	1	1
20230403142903	5.09	0.0	-94.23	2.36	6.69	1	1	1	1
20230403142904	5.02	0.0	-94.26	2.29	6.58	1	1	1	1
20230403142905	4.92	0.0	-94.29	2.2	6.54	1	1	1	1
20230403142906	4.85	0.0	-94.32	2.11	6.47	1	1	1	1
20230403142907	4.84	0.0	-94.32	2.04	6.43	1	1	1	1
20230403142908	4.77	0.0	-94.35	1.94	6.36	1	1	1	1
20230403142909	4.71	0.0	-94.37	1.87	6.31	1	1	1	1
20230403142910	4.63	0.0	-94.4	1.78	6.21	1	1	1	1
20230403142911	4.6	0.0	-94.41	1.68	6.14	1	1	1	1
20230403142912	4.53	0.0	-94.43	1.59	6.12	1	1	1	1
20230403142913	4.47	0.0	-94.45	1.51	6.01	1	1	1	1
20230403142914	4.43	0.0	-94.47	1.44	5.97	1	1	1	1
20230403142915	4.36	0.0	-94.49	1.32	5.88	1	1	1	1
20230403142916	4.3	0.0	-94.52	1.27	5.86	1	1	1	1
20230403142917	4.16	0.0	-94.57	1.19	5.74	1	1	1	1
20230403142918	4.09	0.0	-94.59	1.07	5.7	1	1	1	1
20230403142919	4.06	0.0	-94.6	1.02	5.69	1	1	0	1
20230403142920	3.96	0.0	-94.64	0.97	5.55	1	1	1	1
20230403142921	3.92	0.0	-94.65	0.89	5.53	1	1	1	1
20230403142922	3.85	0.0	-94.68	0.81	5.47	1	1	1	1
20230403142923	3.79	0.0	-94.7	0.71	5.44	1	1	1	1
20230403142925	3.72	0.0	-94.73	0.61	5.38	1	1	1	1
20230403142926	3.67	0.0	-94.74	0.58	5.34	1	1	1	1
20230403142927	3.61	0.0	-94.76	0.5	5.26	1	1	1	1
20230403142928	3.55	0.0	-94.79	0.42	5.22	1	1	1	1
20230403142929	3.48	0.0	-94.81	0.34	5.2	1	1	1	1
20230403142930	3.43	0.0	-94.83	0.29	5.1	1	1	1	1
20230403142931	3.35	0.0	-94.86	0.2	5.04	1	1	1	1
20230403142932	3.31	0.0	-94.87	0.15	4.97	1	1	1	1
20230403142933	3.25	0.0	-94.9	0.1	4.89	1	1	1	1
20230403142934	3.19	0.0	-94.92	-0.07	4.89	1	1	1	1
20230403142935	3.12	0.0	-94.94	-0.07	4.83	1	1	1	1
20230403142936	3.02	0.0	-94.98	-0.15	4.71	1	1	1	1
20230403142937	2.92	0.0	-95.01	-0.21	4.64	1	1	1	1
20230403142938	2.92	0.0	-95.01	-0.27	4.62	1	1	1	1
20230403142939	2.83	0.0	-95.05	-0.32	4.56	1	1	1	1
20230403142940	2.77	0.0	-95.07	-0.38	4.54	1	1	1	1
20230403142941	2.74	0.0	-95.08	-0.47	4.42	1	1	1	1
20230403142942	2.68	0.0	-95.1	-0.53	4.4	1	1	1	1
20230403142943	2.61	0.0	-95.13	-0.58	4.34	1	1	1	1
20230403142944	2.55	0.0	-95.15	-0.64	4.32	1	1	1	1
20230403142945	2.5	0.0	-95.17	-0.79	4.26	1	1	1	1
20230403142947	2.44	0.0	-95.19	-0.79	4.24	1	1	1	1
20230403142948	2.38	0.0	-95.21	-0.88	4.17	1	1	1	1
20230403142949	2.33	0.0	-95.23	-0.91	4.05	1	1	1	1
20230403142950	2.27	0.0	-95.25	-0.97	4.07	1	1	1	1
20230403142951	2.21	0.0	-95.27	-1.03	4.07	1	1	1	1
20230403142952	2.16	0.0	-95.29	-1.09	4.01	1	1	1	1
20230403142953	2.1	0.0	-95.31	-1.18	3.88	1	1	1	1
20230403142954	2.05	0.0	-95.33	-1.31	3.82	1	1	1	1
20230403142955	2.02	0.0	-95.34	-1.25	3.84	1	1	1	1
20230403142956	1.89	0.0	-95.39	-1.4	3.69	1	1	1	1
20230403142957	1.83	0.0	-95.41	-1.4	3.75	1	1	1	1
20230403142958	1.75	0.0	-95.44	-1.43	3.69	1	1	1	1
20230403142959	1.72	0.0	-95.45	-1.5	3.69	1	1	1	1
20230403143000	1.65	0.0	-95.48	-1.59	3.62	1	1	1	1
20230403143001	1.61	0.0	-95.49	-1.62	3.62	1	1	1	1
20230403143002	1.52	0.0	-95.52	-1.66	3.6	1	1	1	1
20230403143003	1.45	0.0	-95.55	-1.79	3.52	1	1	1	1
20230403143004	1.43	0.0	-95.56	-1.79	3.45	1	1	1	1
20230403143005	1.39	0.0	-95.57	-1.82	3.36	1	1	1	1
20230403143006	1.32	0.0	-95.6	-1.95	3.32	1	1	1	1
20230403143008	1.27	0.0	-95.61	-1.92	3.26	1	1	1	1
20230403143009	1.24	0.0	-95.62	-2.05	3.21	1	1	1	1
20230403143010	1.17	0.0	-95.65	-2.12	3.15	1	1	1	1
20230403143011	1.11	0.0	-95.67	-2.05	3.1	1	1	1	1
20230403143012	1.05	0.0	-95.69	-2.08	3.17	1	1	1	1
20230403143013	0.98	0.0	-95.72	-2.22	3.1	1	1	1	1
20230403143014	0.92	0.0	-95.74	-2.22	2.99	1	1	1	1
20230403143015	0.83	0.0	-95.77	-2.29	2.92	1	1	1	1
20230403143016	0.77	0.0	-95.8	-2.35	2.92	1	1	1	1
20230403143017	0.74	0.0	-95.81	-2.39	2.99	1	1	1	1
20230403143018	0.7	0.0	-95.82	-2.46	2.92	1	1	1	1
20230403143019	0.61	0.0	-95.85	-2.49	2.88	1	1	1	1
20230403143020	0.59	0.0	-95.86	-2.53	2.83	1	1	1	1
20230403143021	0.52	0.0	-95.89	-2.6	2.74	1	1	1	1
20230403143022	0.47	0.0	-95.91	-2.7	2.72	1	1	1	1
20230403143023	0.43	0.0	-95.92	-2.74	2.72	1	1	1	1
20230403143024	0.33	0.0	-95.96	-2.78	2.61	1	1	1	1
20230403143025	0.3	0.0	-95.97	-2.78	2.61	1	1	1	1
20230403143026	0.24	0.0	-95.99	-2.85	2.61	1	1	1	1
20230403143027	0.19	0.0	-96.01	-2.88	2.54	1	1	1	1
20230403143028	0.12	0.0	-96.03	-2.92	2.51	1	1	1	1
20230403143030	0.09	0.0	-96.04	-2.92	2.51	1	1	1	1
20230403143031	0.06	0.0	-96.06	-2.99	2.47	1	1	1	1
20230403143032	-0.01	0.0	-92.39	-3.07	2.4	1	1	1	1
20230403143033	-0.07	0.0	-92.42	-3.1	2.33	1	1	1	1
20230403143034	-0.14	0.0	-92.45	-3.14	2.33	1	1	1	1
20230403143035	-0.22	0.0	-92.48	-3.18	2.33	1	1	1	1
20230403143036	-0.26	0.0	-92.5	-3.29	2.26	1	1	1	1
20230403143037	-0.28	0.0	-92.51	-3.25	2.24	1	1	1	1
20230403143038	-0.38	0.0	-92.55	-3.37	2.16	1	1	1	1
20230403143039	-0.39	0.0	-92.56	-3.4	2.07	1	1	1	1
20230403143040	-0.46	0.0	-92.59	-3.4	2.09	1	1	1	1
20230403143041	-0.51	0.0	-92.61	-3.4	2.07	1	1	1	1
20230403143042	-0.55	0.0	-92.63	-3.48	2.14	1	1	1	1
20230403143043	-0.61	0.0	-92.65	-3.52	1.95	1	1	1	1
20230403143044	-0.64	0.0	-92.67	-3.63	1.9	1	1	1	1
20230403143045	-0.69	0.0	-92.69	-3.6	1.93	1	1	1	1
20230403143046	-0.78	0.0	-92.73	-3.63	1.95	1	1	1	1
20230403143047	-0.8	0.0	-92.74	-3.71	1.78	1	1	1	1
20230403143048	-0.86	0.0	-92.76	-3.67	1.86	1	1	1	1
20230403143049	-0.9	0.0	-92.78	-3.79	1.73	1	1	1	1
20230403143050	-0.94	0.0	-92.8	-3.79	1.73	1	1	1	1
20230403143052	-1.0	0.0	-92.82	-3.79	1.78	1	1	1	1
20230403143053	-1.03	0.0	-92.84	-3.87	1.73	1	1	1	1
20230403143054	-1.12	0.0	-92.88	-3.87	1.61	1	1	1	1
20230403143055	-1.17	0.0	-92.9	-3.91	1.66	1	1	0	1
20230403143056	-1.23	0.0	-92.93	-3.95	1.59	1	1	1	1
20230403143057	-1.32	0.0	-92.96	-4.03	1.56	1	1	1	1
20230403143058	-1.36	0.0	-92.98	-4.11	1.49	1	1	1	1
20230403143059	-1.37	0.0	-92.99	-4.15	1.42	1	1	1	1
20230403143100	-1.44	0.0	-93.02	-4.11	1.49	1	1	1	1
20230403143101	-1.47	0.0	-93.03	-4.15	1.49	1	1	1	1
20230403143102	-1.51	0.0	-93.05	-4.24	1.39	1	1	1	1
20230403143103	-1.53	0.0	-93.06	-4.2	1.39	1	1	1	1
20230403143104	-1.61	0.0	-93.09	-4.24	1.39	1	1	1	1
20230403143105	-1.64	0.0	-93.11	-4.24	1.37	1	1	1	1
20230403143106	-1.7	0.0	-93.13	-4.28	1.24	1	1	1	1
20230403143107	-1.75	0.0	-93.15	-4.32	1.27	1	1	1	1
20230403143108	-1.81	0.0	-93.18	-4.4	1.24	1	1	1	1
20230403143109	-1.84	0.0	-93.19	-4.4	1.27	1	1	1	1
20230403143110	-1.88	0.0	-93.21	-4.4	1.22	1	1	1	1
20230403143111	-1.92	0.0	-93.23	-4.49	1.24	1	1	1	1
20230403143112	-2.04	0.0	-93.28	-4.57	1.19	1	1	1	1
20230403143114	-2.05	0.0	-93.29	-4.53	1.12	1	1	1	1
20230403143115	-2.08	0.0	-93.3	-4.57	1.04	1	1	1	1
20230403143116	-2.14	0.0	-93.32	-4.57	1.09	1	1	1	1
20230403143117	-2.15	0.0	-93.33	-4.62	1.02	1	1	1	1
20230403143118	-2.19	0.0	-93.35	-4.66	1.07	1	1	1	1
20230403143119	-2.22	0.0	-93.36	-4.7	1.02	1	1	1	1
20230403143120	-2.26	0.0	-93.38	-4.79	1.02	1	1	1	1
20230403143121	-2.31	0.0	-93.4	-4.75	1.02	1	1	1	1
20230403143122	-2.36	0.0	-93.42	-4.75	0.91	1	1	1	1
20230403143123	-2.41	0.0	-93.44	-4.75	0.99	1	1	1	1
20230403143124	-2.46	0.0	-93.47	-4.75	0.86	1	1	1	1
20230403143125	-2.53	0.0	-93.5	-4.79	0.91	1	1	1	1
20230403143126	-2.56	0.0	-93.51	-4.79	0.91	1	1	1	1
20230403143127	-2.62	0.0	-93.54	-4.83	0.89	1	1	1	1
20230403143128	-2.69	0.0	-93.57	-4.88	0.89	1	1	1	1
20230403143129	-2.74	0.0	-93.59	-4.97	0.86	1	1	1	1
20230403143130	-2.84	0.0	-93.63	-5.01	0.76	1	1	1	1
20230403143131	-2.87	0.0	-93.65	-4.92	0.78	1	1	1	1
20230403143132	-2.99	0.0	-93.7	-4.92	0.81	1	1	1	1
20230403143133	-3.07	0.0	-93.73	-4.97	0.81	1	1	1	1
20230403143135	-3.1	0.0	-93.75	-4.97	0.84	1	1	1	1
20230403143136	-3.17	0.0	-93.78	-5.1	0.66	1	1	1	1
20230403143137	-3.21	0.0	-93.8	-5.1	0.71	1	1	1	1
20230403143138	-3.28	0.0	-93.83	-5.01	0.76	1	1	1	1
20230403143139	-3.36	0.0	-93.86	-5.06	0.73	1	1	1	1
20230403143140	-3.43	0.0	-93.89	-5.1	0.71	1	1	1	1
20230403143141	-3.48	0.0	-93.91	-5.06	0.73	1	1	1	1
20230403143142	-3.52	0.0	-93.93	-5.15	0.6	1	1	1	1
20230403143143	-3.6	0.0	-93.97	-5.15	0.66	1	1	1	1
20230403143144	-3.64	0.0	-93.99	-5.15	0.58	1	1	1	1
20230403143145	-3.71	0.0	-94.02	-5.24	0.6	1	1	1	1
20230403143146	-3.72	0.0	-94.02	-5.19	0.6	1	1	1	1
20230403143147	-3.81	0.0	-94.06	-5.28	0.47	1	1	1	1
20230403143148	-3.83	0.0	-94.07	-5.24	0.5	1	1	1	1
20230403143149	-3.88	0.0	-94.09	-5.24	0.47	1	1	1	1
20230403143150	-3.95	0.0	-94.12	-5.38	0.5	1	1	1	1
20230403143151	-4.02	0.0	-94.15	-5.33	0.47	1	1	1	1
20230403143152	-4.1	0.0	-94.19	-5.28	0.47	1	1	1	1
20230403143153	-4.15	0.0	-94.21	-5.33	0.39	1	1	1	1
20230403143154	-4.19	0.0	-94.23	-5.33	0.42	1	1	1	1
20230403143155	-4.26	0.0	-94.26	-5.42	0.29	1	1	1	1
20230403143157	-4.29	0.0	-94.27	-5.47	0.37	1	1	1	1
20230403143158	-4.33	0.0	-94.29	-5.38	0.37	1	1	1	1
20230403143159	-4.37	0.0	-94.31	-5.42	0.29	1	1	1	1
20230403143200	-4.43	0.0	-94.33	-5.52	0.26	1	1	1	1
20230403143201	-4.49	0.0	-94.36	-5.42	0.29	1	1	1	1
20230403143202	-4.53	0.0	-94.38	-5.57	0.26	1	1	1	1
20230403143203	-4.57	0.0	-94.4	-5.47	0.31	1	1	1	1
20230403143204	-4.61	0.0	-94.41	-5.52	0.23	1	1	1	1
20230403143205	-4.67	0.0	-94.44	-5.52	0.21	1	1	1	1
20230403143206	-4.7	0.0	-94.45	-5.52	0.18	1	1	1	1
20230403143207	-4.76	0.0	-94.48	-5.57	0.18	1	1	1	1
20230403143208	-4.8	0.0	-94.5	-5.57	0.18	1	1	1	1
20230403143209	-4.83	0.0	-94.51	-5.61	0.18	1	1	1	1
20230403143210	-4.93	0.0	-94.55	-5.57	0.23	1	1	1	1
20230403143211	-4.95	0.0	-94.56	-5.61	0.18	1	1	1	1
20230403143212	-5.01	0.0	-94.59	-5.71	0.21	1	1	1	1
20230403143213	-5.05	0.0	-94.61	-5.66	0.07	1	1	1	1
20230403143214	-5.08	0.0	-94.62	-5.71	0.02	1	1	1	1
20230403143215	-5.14	0.0	-94.65	-5.71	0.04	1	1	1	1
20230403143216	-5.18	0.0	-94.67	-5.71	0.02	1	1	1	1
20230403143218	-5.21	0.0	-94.68	-5.85	-0.07	1	1	1	1
20230403143219	-5.28	0.0	-94.71	-5.71	-0.04	1	1	1	1
20230403143220	-5.31	0.0	-94.72	-5.76	0.02	1	1	1	1
20230403143221	-5.35	0.0	-94.74	-5.76	-0.07	1	1	1	1
20230403143222	-5.36	0.0	-94.75	-5.81	0.02	1	1	1	1
20230403143223	-5.42	0.0	-94.77	-5.81	-0.12	1	1	1	1
20230403143224	-5.47	0.0	-94.79	-5.85	-0.09	1	1	1	1
20230403143225	-5.48	0.0	-94.8	-5.95	-0.15	1	1	1	1
20230403143226	-5.55	0.0	-94.83	-5.85	-0.15	1	1	1	1
20230403143227	-5.59	0.0	-94.85	-5.85	-0.09	1	1	1	1
20230403143228	-5.66	0.0	-94.88	-5.9	-0.15	1	1	1	1
20230403143229	-5.69	0.0	-94.89	-5.9	-0.07	1	1	1	1
20230403143230	-5.75	0.0	-94.92	-5.9	-0.12	1	1	1	1
20230403143231	-5.76	0.0	-94.92	-5.9	-0.12	1	1	1	1
20230403143232	-5.83	0.0	-94.95	-5.9	-0.18	1	1	1	1
20230403143233	-5.85	0.0	-94.96	-5.9	-0.18	1	1	1	1
20230403143234	-5.89	0.0	-94.98	-5.95	-0.2	1	1	1	1
20230403143235	-5.92	0.0	-94.99	-6.1	-0.26	1	1	1	1
20230403143236	-5.97	0.0	-95.02	-6.05	-0.23	1	1	1	1
20230403143237	-6.0	0.0	-95.03	-6.05	-0.2	1	1	1	1
20230403143239	-6.05	0.0	-95.05	-6.15	-0.34	1	1	1	1
20230403143240	-6.07	0.0	-95.06	-6.1	-0.26	1	1	1	1
20230403143241	-6.11	0.0	-95.08	-6.1	-0.43	1	1	1	1
20230403143242	-6.16	0.0	-95.1	-6.1	-0.32	1	1	1	1
20230403143243	-6.19	0.0	-95.11	-6.15	-0.23	1	1	1	1
20230403143244	-6.2	0.0	-95.12	-6.15	-0.34	1	1	1	1
20230403143245	-6.26	0.0	-95.14	-6.15	-0.34	1	1	1	1
20230403143246	-6.3	0.0	-95.16	-6.15	-0.37	1	1	1	1
20230403143247	-6.38	0.0	-95.2	-6.25	-0.4	1	1	1	1
20230403143248	-6.41	0.0	-95.21	-6.15	-0.46	1	1	1	1
20230403143249	-6.43	0.0	-95.22	-6.2	-0.43	1	1	1	1
20230403143250	-6.44	0.0	-95.22	-6.2	-0.46	1	1	1	1
20230403143251	-6.5	0.0	-95.25	-6.2	-0.48	1	1	1	1
20230403143252	-6.51	0.0	-95.26	-6.2	-0.51	1	1	1	1
20230403143253	-6.54	0.0	-95.27	-6.25	-0.54	1	1	1	1
20230403143254	-6.6	0.0	-95.3	-6.31	-0.54	1	1	1	1
20230403143255	-6.64	0.0	-95.31	-6.41	-0.57	1	1	1	1
20230403143256	-6.65	0.0	-95.32	-6.41	-0.48	1	1	1	1
20230403143257	-6.71	0.0	-95.34	-6.31	-0.51	1	1	1	1
20230403143259	-6.74	0.0	-95.36	-6.36	-0.57	1	1	1	1
20230403143300	-6.77	0.0	-95.37	-6.36	-0.6	1	1	1	1
20230403143301	-6.8	0.0	-95.38	-6.46	-0.57	1	1	1	1
20230403143302	-6.82	0.0	-95.39	-6.36	-0.63	1	1	1	1
20230403143303	-6.88	0.0	-95.42	-6.36	-0.57	1	1	1	1
20230403143304	-6.91	0.0	-95.43	-6.51	-0.6	1	1	1	1
20230403143305	-6.95	0.0	-95.45	-6.41	-0.63	1	1	1	1
20230403143306	-7.01	0.0	-95.48	-6.41	-0.71	1	1	1	1
20230403143307	-7.07	0.0	-95.5	-6.51	-0.74	1	1	1	1
20230403143308	-7.07	0.0	-95.5	-6.51	-0.68	1	1	1	1
20230403143309	-7.09	0.0	-95.51	-6.56	-0.8	1	1	1	1
20230403143310	-7.12	0.0	-95.53	-6.51	-0.68	1	1	1	1
20230403143311	-7.19	0.0	-95.56	-6.51	-0.77	1	1	1	1
20230403143312	-7.21	0.0	-95.57	-6.51	-0.68	1	1	1	1
20230403143313	-7.22	0.0	-95.57	-6.62	-0.8	1	1	1	1
20230403143314	-7.26	0.0	-95.59	-6.41	-0.8	1	1	1	1
20230403143315	-7.31	0.0	-95.61	-6.56	-0.74	1	1	1	1
20230403143316	-7.33	0.0	-95.62	-6.51	-0.83	1	1	1	1
20230403143317	-7.38	0.0	-95.64	-6.67	-0.86	1	1	1	1
20230403143318	-7.39	0.0	-95.65	-6.67	-0.89	1	1	1	1
20230403143320	-7.39	0.0	-95.65	-6.56	-0.86	1	1	1	1
20230403143321	-7.43	0.0	-95.66	-6.56	-0.92	1	1	1	1
20230403143322	-7.46	0.0	-95.68	-6.62	-0.97	1	1	1	1
20230403143323	-7.52	0.0	-95.7	-6.56	-0.86	1	1	1	1
20230403143324	-7.55	0.0	-95.72	-6.56	-0.8	1	1	1	1
20230403143325	-7.59	0.0	-95.74	-6.62	-0.83	1	1	1	1
20230403143326	-7.63	0.0	-95.75	-6.67	-0.92	1	1	1	1
20230403143327	-7.66	0.0	-95.77	-6.72	-0.92	1	1	1	1
20230403143328	-7.69	0.0	-95.78	-6.72	-0.92	1	1	1	1
20230403143329	-7.69	0.0	-95.78	-6.67	-0.92	1	1	1	1
20230403143330	-7.75	0.0	-95.81	-6.72	-0.92	1	1	1	1
20230403143331	-7.75	0.0	-95.81	-6.89	-1.03	1	1	1	1
20230403143332	-7.82	0.0	-95.84	-6.78	-1.03	1	1	1	1
20230403143333	-7.82	0.0	-95.84	-6.78	-1.0	1	1	1	1
20230403143334	-7.86	0.0	-95.86	-6.78	-1.0	1	1	1	1
20230403143335	-7.89	0.0	-95.87	-6.78	-0.97	1	1	1	1
20230403143336	-7.93	0.0	-95.89	-6.89	-1.06	1	1	1	1
20230403143337	-7.97	0.0	-95.91	-6.89	-1.06	1	1	1	1
20230403143338	-8.01	0.0	-95.92	-6.83	-1.0	1	1	1	1
20230403143339	-8.01	0.0	-95.92	-6.78	-1.0	1	1	1	1
20230403143341	-8.04	0.0	-95.94	-6.83	-1.03	1	1	1	1
20230403143342	-8.07	0.0	-95.95	-6.83	-1.09	1	1	1	1
20230403143343	-8.11	0.0	-95.97	-6.94	-1.15	1	1	1	1
20230403143344	-8.17	0.0	-95.99	-6.83	-1.12	1	1	1	1
20230403143345	-8.18	0.0	-96.0	-6.89	-1.12	1	1	1	1
20230403143346	-8.21	0.0	-96.01	-7.0	-1.09	1	1	1	1
20230403143347	-8.24	0.0	-96.03	-6.89	-1.18	1	1	1	1
20230403143348	-8.27	0.0	-96.04	-6.94	-1.18	1	1	1	1
20230403143349	-8.28	0.0	-96.04	-6.94	-1.18	1	1	1	1
20230403143350	-8.3	0.0	-96.05	-6.94	-1.27	1	1	1	1
20230403143351	-8.34	0.0	-96.07	-7.0	-1.21	1	1	1	1
20230403143352	-8.35	0.0	-96.07	-6.94	-1.24	1	1	1	1
20230403143353	-8.4	0.0	-96.1	-7.0	-1.21	1	1	1	1
20230403143354	-8.44	0.0	-96.11	-7.0	-1.24	1	1	1	1
20230403143355	-8.44	0.0	-96.11	-7.16	-1.36	1	1	1	1
20230403143356	-8.48	0.0	-96.13	-7.0	-1.27	1	1	1	1
20230403143357	-8.49	0.0	-96.14	-7.0	-1.3	1	1	1	1
20230403143358	-8.52	0.0	-96.15	-7.0	-1.27	1	1	1	1
20230403143359	-8.55	0.0	-96.16	-7.0	-1.21	1	1	1	1
20230403143400	-8.59	0.0	-96.18	-7.16	-1.24	1	1	1	1
20230403143402	-8.61	0.0	-96.19	-7.05	-1.3	1	1	1	1
20230403143403	-8.65	0.0	-96.21	-7.22	-1.27	1	1	1	1
20230403143404	-8.66	0.0	-96.21	-7.05	-1.3	1	1	1	1
20230403143405	-8.69	0.0	-96.23	-7.16	-1.33	1	1	1	1
20230403143406	-8.7	0.0	-96.23	-7.11	-1.3	1	1	1	1
20230403143407	-8.73	0.0	-96.24	-7.16	-1.36	1	1	1	1
20230403143408	-8.78	0.0	-96.27	-7.05	-1.36	1	1	1	1
20230403143409	-8.79	0.0	-96.27	-7.11	-1.3	1	1	1	1
20230403143410	-8.81	0.0	-96.28	-7.22	-1.42	1	1	1	1
20230403143411	-8.85	0.0	-96.3	-7.16	-1.42	1	1	1	1
20230403143412	-8.88	0.0	-96.31	-7.28	-1.33	1	1	1	1
20230403143413	-8.89	0.0	-96.32	-7.16	-1.42	1	1	1	1
20230403143414	-8.92	0.0	-96.33	-7.28	-1.51	1	1	1	1
20230403143415	-8.95	0.0	-96.34	-7.22	-1.36	1	1	1	1
20230403143416	-8.98	0.0	-96.36	-7.22	-1.42	1	1	1	1
20230403143417	-9.03	0.0	-96.38	-7.22	-1.36	1	1	1	1
20230403143418	-9.02	0.0	-96.37	-7.22	-1.3	1	1	1	1
20230403143419	-9.08	0.0	-96.4	-7.22	-1.45	1	1	1	1
20230403143420	-9.09	0.0	-96.41	-7.22	-1.51	1	1	1	1
20230403143421	-9.13	0.0	-96.42	-7.22	-1.45	1	1	1	1
20230403143423	-9.17	0.0	-96.44	-7.22	-1.51	1	1	1	1
20230403143424	-9.19	0.0	-96.45	-7.22	-1.42	1	1	1	1
20230403143425	-9.24	0.0	-96.47	-7.28	-1.54	1	1	1	1
20230403143426	-9.26	0.0	-96.48	-7.28	-1.54	1	1	1	1
20230403143427	-9.27	0.0	-96.49	-7.28	-1.57	1	1	1	1
20230403143428	-9.3	0.0	-96.5	-7.33	-1.51	1	1	1	1
20230403143429	-9.34	0.0	-96.52	-7.33	-1.57	1	1	1	1
20230403143430	-9.32	0.0	-96.51	-7.33	-1.48	1	1	1	1
20230403143431	-9.37	0.0	-96.53	-7.45	-1.6	1	1	1	1
20230403143432	-9.4	0.0	-96.54	-7.33	-1.51	1	1	1	1
20230403143433	-9.42	0.0	-96.55	-7.51	-1.63	1	1	1	1
20230403143434	-9.44	0.0	-96.56	-7.39	-1.6	1	1	1	1
20230403143435	-9.44	0.0	-96.56	-7.39	-1.6	1	1	1	1
20230403143436	-9.46	0.0	-96.57	-7.45	-1.54	1	1	1	1
20230403143437	-9.5	0.0	-96.59	-7.45	-1.48	1	1	1	1
20230403143438	-9.53	0.0	-96.6	-7.45	-1.54	1	1	1	1
20230403143439	-9.57	0.0	-96.62	-7.33	-1.54	1	1	1	1
20230403143440	-9.56	0.0	-96.62	-7.45	-1.57	1	1	1	1
20230403143441	-9.58	0.0	-96.62	-7.45	-1.7	1	1	1	1
20230403143442	-9.61	0.0	-96.64	-7.51	-1.6	1	1	1	1
20230403143444	-9.64	0.0	-96.65	-7.51	-1.67	1	1	1	1
20230403143445	-9.64	0.0	-96.65	-7.51	-1.57	1	1	1	1
20230403143446	-9.68	0.0	-96.67	-7.62	-1.63	1	1	1	1
20230403143447	-9.7	0.0	-96.68	-7.51	-1.54	1	1	1	1
20230403143448	-9.74	0.0	-96.7	-7.51	-1.67	1	1	1	1
20230403143449	-9.72	0.0	-96.69	-7.51	-1.73	1	1	1	1
20230403143450	-9.77	0.0	-96.71	-7.57	-1.67	1	1	1	1
20230403143451	-9.78	0.0	-96.71	-7.51	-1.73	1	1	1	1
20230403143452	-9.8	0.0	-96.72	-7.57	-1.67	1	1	1	1
20230403143453	-9.81	0.0	-96.73	-7.57	-1.67	1	1	1	1
20230403143454	-9.85	0.0	-96.75	-7.57	-1.79	1	1	1	1
20230403143455	-9.85	0.0	-96.75	-7.57	-1.79	1	1	1	1
20230403143456	-9.93	0.0	-96.78	-7.62	-1.7	1	1	1	1
20230403143457	-9.94	0.0	-96.79	-7.62	-1.7	1	1	1	1
20230403143458	-9.95	0.0	-96.79	-7.62	-1.79	1	1	1	1
20230403143459	-10.0	0.0	-96.81	-7.62	-1.67	1	1	1	1
20230403143500	-10.02	0.0	-96.82	-7.62	-1.79	1	1	1	1
20230403143501	-10.01	0.0	-96.82	-7.62	-1.79	1	1	1	1
20230403143502	-10.02	0.0	-96.82	-7.68	-1.76	1	1	1	1
20230403143503	-10.05	0.0	-96.84	-7.68	-1.79	1	1	1	1
20230403143505	-10.1	0.0	-96.86	-7.8	-1.73	1	1	1	1
20230403143506	-10.1	0.0	-96.86	-7.68	-1.85	1	1	1	1
20230403143507	-10.11	0.0	-96.86	-7.8	-1.98	1	1	1	1
20230403143508	-10.14	0.0	-96.88	-7.86	-1.98	1	1	1	1
20230403143509	-10.18	0.0	-96.89	-7.8	-1.95	1	1	1	1
20230403143510	-10.19	0.0	-96.9	-7.74	-1.92	1	1	1	1
20230403143511	-10.19	0.0	-96.9	-7.74	-1.79	1	1	1	1
20230403143512	-10.24	0.0	-96.92	-7.86	-1.88	1	1	1	1
20230403143513	-10.24	0.0	-96.92	-7.74	-1.82	1	1	1	1
20230403143514	-10.25	0.0	-96.92	-7.74	-2.23	1	1	0	1
20230403143515	-10.25	0.0	-96.92	-7.92	-2.14	1	1	1	1
20230403143516	-10.24	0.0	-96.92	-7.92	-2.11	1	1	1	1
20230403143517	-10.21	0.0	-96.91	-7.8	-2.14	1	1	1	1
20230403143518	-10.24	0.0	-96.92	-7.99	-2.2	1	1	1	1
20230403143519	-10.24	0.0	-96.92	-7.8	-2.2	1	1	1	1
20230403143520	-10.24	0.0	-96.92	-7.92	-2.2	1	1	1	1
20230403143521	-10.26	0.0	-96.93	-7.86	-2.17	1	1	1	1
20230403143522	-10.25	0.0	-96.92	-7.92	-2.17	1	1	1	1
20230403143523	-10.28	0.0	-96.94	-7.92	-2.11	1	1	1	1
20230403143525	-10.32	0.0	-96.96	-7.92	-2.14	1	1	1	1
20230403143526	-10.32	0.0	-96.96	-7.92	-2.14	1	1	1	1
20230403143527	-10.34	0.0	-96.97	-7.99	-2.14	1	1	1	1
20230403143528	-10.35	0.0	-96.97	-8.11	-2.01	1	1	1	1
20230403143529	-10.39	0.0	-96.99	-7.99	-2.04	1	1	1	1
20230403143530	-10.38	0.0	-96.98	-7.99	-2.07	1	1	1	1
20230403143531	-10.41	0.0	-97.0	-8.11	-2.14	1	1	1	1
20230403143532	-10.44	0.0	-97.01	-8.11	-2.14	1	1	1	1
20230403143533	-10.46	0.0	-97.02	-7.99	-2.07	1	1	1	1
20230403143534	-10.49	0.0	-97.03	-7.99	-2.07	1	1	1	1
20230403143535	-10.5	0.0	-97.04	-7.99	-2.07	1	1	1	1
20230403143536	-10.52	0.0	-97.05	-8.17	-2.17	1	1	1	1
20230403143537	-10.56	0.0	-97.06	-7.99	-2.17	1	1	1	1
20230403143538	-10.55	0.0	-97.06	-8.05	-2.14	1	1	1	1
20230403143539	-10.6	0.0	-97.08	-8.05	-2.14	1	1	1	1
20230403143540	-10.59	0.0	-97.08	-8.05	-2.17	1	1	1	1
20230403143541	-10.62	0.0	-97.09	-8.11	-2.17	1	1	1	1
20230403143542	-10.63	0.0	-97.1	-8.11	-2.07	1	1	1	1
20230403143543	-10.63	0.0	-97.1	-8.11	-2.2	1	1	1	1
20230403143544	-10.65	0.0	-97.1	-8.11	-2.2	1	1	1	1
20230403143546	-10.69	0.0	-97.12	-8.24	-2.27	1	1	1	1
20230403143547	-10.66	0.0	-97.11	-8.24	-2.14	1	1	1	1
20230403143548	-10.7	0.0	-97.13	-8.3	-2.27	1	1	1	1
20230403143549	-10.73	0.0	-97.14	-8.17	-2.2	1	1	1	1
20230403143550	-10.73	0.0	-97.14	-8.17	-2.17	1	1	1	1
20230403143551	-10.79	0.0	-97.17	-8.17	-2.17	1	1	1	1
20230403143552	-10.8	0.0	-97.17	-8.11	-2.2	1	1	1	1
20230403143553	-10.8	0.0	-97.17	-8.24	-2.2	1	1	1	1
20230403143554	-10.82	0.0	-97.18	-8.24	-2.2	1	1	1	1
20230403143555	-10.83	0.0	-97.19	-8.17	-2.2	1	1	1	1
20230403143556	-10.87	0.0	-97.2	-8.24	-2.27	1	1	1	1
20230403143557	-10.87	0.0	-97.2	-8.36	-2.36	1	1	1	1
20230403143558	-10.9	0.0	-97.22	-8.24	-2.33	1	1	1	1
20230403143559	-10.92	0.0	-97.23	-8.24	-2.27	1	1	1	1
20230403143600	-10.93	0.0	-97.23	-8.43	-2.4	1	1	1	1
20230403143601	-10.93	0.0	-97.23	-8.24	-2.36	1	1	1	1
20230403143602	-10.96	0.0	-97.24	-8.43	-2.4	1	1	1	1
20230403143603	-10.97	0.0	-97.25	-8.24	-2.36	1	1	1	1
20230403143604	-11.02	0.0	-97.27	-8.3	-2.36	1	1	1	1
20230403143605	-11.03	0.0	-97.27	-8.43	-2.4	1	1	1	1
20230403143607	-11.06	0.0	-97.29	-8.3	-2.36	1	1	1	1
20230403143608	-11.09	0.0	-97.3	-8.49	-2.33	1	1	1	1
20230403143609	-11.12	0.0	-97.32	-8.3	-2.33	1	1	1	1
20230403143610	-11.13	0.0	-97.32	-8.3	-2.33	1	1	1	1
20230403143611	-11.13	0.0	-97.32	-8.3	-2.4	1	1	1	1
20230403143612	-11.16	0.0	-97.33	-8.36	-2.46	1	1	1	1
20230403143613	-11.16	0.0	-97.33	-8.43	-2.46	1	1	1	1
20230403143614	-11.19	0.0	-97.35	-8.43	-2.4	1	1	1	1
20230403143615	-11.2	0.0	-97.35	-8.43	-2.36	1	1	1	1
20230403143616	-11.24	0.0	-97.37	-8.62	-2.49	1	1	1	1
20230403143617	-11.24	0.0	-97.37	-8.56	-2.53	1	1	1	1
20230403143618	-11.27	0.0	-97.38	-8.43	-2.43	1	1	1	1
20230403143619	-11.27	0.0	-97.38	-8.43	-2.56	1	1	1	1
20230403143620	-11.3	0.0	-97.4	-8.43	-2.46	1	1	1	1
20230403143621	-11.31	0.0	-97.4	-8.43	-2.49	1	1	1	1
20230403143622	-11.31	0.0	-97.4	-8.49	-2.49	1	1	1	1
20230403143623	-11.34	0.0	-97.41	-8.49	-2.49	1	1	1	1
20230403143624	-11.34	0.0	-97.41	-8.49	-2.46	1	1	1	1
20230403143625	-11.37	0.0	-97.43	-8.49	-2.49	1	1	1	1
20230403143626	-11.38	0.0	-97.43	-8.49	-2.53	1	1	1	1
20230403143628	-11.43	0.0	-97.45	-8.49	-2.56	1	1	1	1
20230403143629	-11.44	0.0	-97.46	-8.49	-2.53	1	1	1	1
20230403143630	-11.44	0.0	-97.46	-8.49	-2.59	1	1	1	1
20230403143631	-11.47	0.0	-97.47	-8.49	-2.59	1	1	1	1
20230403143632	-11.48	0.0	-97.48	-8.49	-2.66	1	1	1	1
20230403143633	-11.5	0.0	-97.49	-8.56	-2.63	1	1	1	1
20230403143634	-11.5	0.0	-97.49	-8.49	-2.66	1	1	1	1
20230403143635	-11.54	0.0	-97.5	-8.49	-2.59	1	1	1	1
20230403143636	-11.54	0.0	-97.5	-8.69	-2.69	1	1	1	1
20230403143637	-11.55	0.0	-97.51	-8.62	-2.59	1	1	1	1
20230403143638	-11.58	0.0	-97.52	-8.56	-2.59	1	1	1	1
20230403143639	-11.62	0.0	-97.54	-8.56	-2.69	1	1	1	1
20230403143640	-11.61	0.0	-97.54	-8.76	-2.76	1	1	1	1
20230403143641	-11.62	0.0	-97.54	-8.76	-2.76	1	1	1	1
20230403143642	-11.67	0.0	-97.56	-8.76	-2.79	1	1	1	1
20230403143643	-11.67	0.0	-97.56	-8.62	-2.66	1	1	1	1
20230403143644	-11.67	0.0	-97.56	-8.62	-2.66	1	1	1	1
20230403143645	-11.71	0.0	-97.58	-8.62	-2.69	1	1	1	1
20230403143646	-11.72	0.0	-97.59	-8.69	-2.63	1	1	1	1
20230403143647	-11.75	0.0	-97.6	-8.62	-2.63	1	1	1	1
20230403143649	-11.77	0.0	-97.61	-8.69	-2.66	1	1	1	1
20230403143650	-11.78	0.0	-97.61	-8.69	-2.66	1	1	1	1
20230403143651	-11.79	0.0	-97.62	-8.76	-2.73	1	1	1	1
20230403143652	-11.81	0.0	-97.63	-8.69	-2.59	1	1	1	1
20230403143653	-11.82	0.0	-97.63	-8.76	-2.76	1	1	1	1
20230403143654	-11.83	0.0	-97.63	-8.76	-2.66	1	1	1	1
20230403143655	-11.85	0.0	-97.64	-8.76	-2.73	1	1	1	1
20230403143656	-11.86	0.0	-97.65	-8.76	-2.76	1	1	1	1
20230403143657	-11.89	0.0	-97.66	-8.89	-2.73	1	1	1	1
20230403143658	-11.92	0.0	-97.68	-8.76	-2.73	1	1	1	1
20230403143659	-11.92	0.0	-97.68	-8.76	-2.79	1	1	1	1
20230403143700	-11.93	0.0	-97.68	-8.76	-2.73	1	1	1	1
20230403143701	-11.98	0.0	-97.7	-8.76	-2.83	1	1	1	1
20230403143702	-11.99	0.0	-97.71	-8.76	-2.76	1	1	1	1
20230403143703	-11.99	0.0	-97.71	-8.89	-2.9	1	1	1	1
20230403143704	-12.03	0.0	-97.72	-8.76	-2.86	1	1	1	1
20230403143705	-12.05	0.0	-97.73	-8.76	-2.9	1	1	1	1
20230403143706	-12.06	0.0	-97.74	-8.76	-2.83	1	1	1	1
20230403143707	-12.08	0.0	-97.75	-8.76	-2.76	1	1	1	1
20230403143708	-12.11	0.0	-97.76	-8.82	-2.9	1	1	1	1
20230403143710	-12.09	0.0	-97.75	-8.82	-2.86	1	1	1	1
20230403143711	-12.12	0.0	-97.77	-8.82	-2.79	1	1	1	1
20230403143712	-12.15	0.0	-97.78	-8.76	-2.83	1	1	1	1
20230403143713	-12.15	0.0	-97.78	-8.82	-2.86	1	1	1	1
20230403143714	-12.18	0.0	-97.79	-8.82	-3.0	1	1	1	1
20230403143715	-12.19	0.0	-97.8	-8.82	-2.9	1	1	1	1
20230403143716	-12.19	0.0	-97.8	-8.96	-2.96	1	1	1	1
20230403143717	-12.24	0.0	-97.82	-8.82	-2.93	1	1	1	1
20230403143718	-12.22	0.0	-97.81	-8.82	-2.9	1	1	1	1
20230403143719	-12.25	0.0	-97.82	-8.82	-2.96	1	1	1	1
20230403143720	-12.28	0.0	-97.84	-8.89	-2.83	1	1	1	1
20230403143721	-12.29	0.0	-97.84	-8.82	-2.9	1	1	1	1
20230403143722	-12.33	0.0	-97.86	-8.89	-2.9	1	1	1	1
20230403143723	-12.32	0.0	-97.86	-8.89	-2.96	1	1	1	1
20230403143724	-12.35	0.0	-97.87	-8.96	-2.9	1	1	1	1
20230403143725	-12.35	0.0	-97.87	-8.89	-2.93	1	1	1	1
20230403143726	-12.35	0.0	-97.87	-8.89	-2.93	1	1	1	1
20230403143727	-12.4	0.0	-97.89	-8.89	-3.0	1	1	1	1
20230403143728	-12.4	0.0	-97.89	-8.96	-3.0	1	1	1	1
20230403143730	-12.43	0.0	-97.9	-8.96	-2.93	1	1	1	1
20230403143731	-12.45	0.0	-97.91	-8.96	-3.03	1	1	1	1
20230403143732	-12.45	0.0	-97.91	-8.96	-2.93	1	1	1	1
20230403143733	-12.46	0.0	-97.92	-8.89	-3.03	1	1	1	1
20230403143734	-12.48	0.0	-97.93	-9.1	-3.1	1	1	1	1
20230403143735	-12.5	0.0	-97.94	-8.96	-3.03	1	1	1	1
20230403143736	-12.52	0.0	-97.95	-8.96	-3.03	1	1	1	1
20230403143737	-12.53	0.0	-97.95	-9.03	-2.93	1	1	1	1
20230403143738	-12.54	0.0	-97.95	-8.96	-3.0	1	1	1	1
20230403143739	-12.57	0.0	-97.97	-9.1	-3.03	1	1	1	1
20230403143740	-12.59	0.0	-97.98	-9.03	-3.0	1	1	1	1
20230403143741	-12.6	0.0	-97.98	-9.03	-3.03	1	1	1	1
20230403143742	-12.61	0.0	-97.99	-9.03	-3.1	1	1	1	1
20230403143743	-12.63	0.0	-98.0	-9.1	-3.07	1	1	1	1
20230403143744	-12.64	0.0	-98.0	-9.03	-3.07	1	1	1	1
20230403143745	-12.66	0.0	-98.01	-9.17	-3.17	1	1	1	1
20230403143746	-12.66	0.0	-98.01	-9.24	-3.1	1	1	1	1
20230403143747	-12.69	0.0	-98.02	-9.24	-3.03	1	1	1	1
20230403143748	-12.7	0.0	-98.03	-9.1	-3.1	1	1	1	1
20230403143749	-12.7	0.0	-98.03	-9.1	-3.03	1	1	1	1
20230403143751	-12.76	0.0	-98.05	-9.1	-3.07	1	1	1	1
20230403143752	-12.77	0.0	-98.06	-9.1	-3.1	1	1	1	1
20230403143753	-12.79	0.0	-98.07	-9.24	-3.14	1	1	1	1
20230403143754	-12.81	0.0	-98.08	-9.1	-3.07	1	1	1	1
20230403143755	-12.77	0.0	-98.06	-9.1	-3.03	1	1	1	1
20230403143756	-12.81	0.0	-98.08	-9.17	-3.03	1	1	1	1
20230403143757	-12.81	0.0	-98.08	-9.24	-3.14	1	1	1	1
20230403143758	-12.85	0.0	-98.09	-9.24	-3.1	1	1	1	1
20230403143759	-12.85	0.0	-98.09	-9.17	-3.1	1	1	1	1
20230403143800	-12.9	0.0	-98.12	-9.1	-3.1	1	1	1	1
20230403143801	-12.9	0.0	-98.12	-9.17	-3.07	1	1	1	1
20230403143802	-12.93	0.0	-98.13	-9.1	-3.14	1	1	1	1
20230403143803	-12.94	0.0	-98.14	-9.17	-3.14	1	1	1	1
20230403143804	-12.95	0.0	-98.14	-9.17	-3.1	1	1	1	1
20230403143805	-12.98	0.0	-98.15	-9.31	-3.28	1	1	1	1
20230403143806	-12.97	0.0	-98.15	-9.24	-3.21	1	1	1	1
20230403143807	-13.0	0.0	-98.16	-9.24	-3.17	1	1	1	1
20230403143808	-13.03	0.0	-98.18	-9.1	-3.1	1	1	1	1
20230403143809	-12.98	0.0	-98.15	-9.17	-3.21	1	1	1	1
20230403143810	-13.03	0.0	-98.18	-9.17	-3.17	1	1	1	1
20230403143812	-13.05	0.0	-98.18	-9.24	-3.17	1	1	1	1
20230403143813	-13.05	0.0	-98.18	-9.24	-3.14	1	1	1	1
20230403143814	-13.05	0.0	-98.18	-9.38	-3.17	1	1	1	1
20230403143815	-13.07	0.0	-98.19	-9.24	-3.17	1	1	1	1
20230403143816	-13.11	0.0	-98.21	-9.31	-3.17	1	1	1	1
20230403143817	-13.12	0.0	-98.22	-9.24	-3.24	1	1	1	1
20230403143818	-13.14	0.0	-98.23	-9.24	-3.21	1	1	1	1
20230403143819	-13.14	0.0	-98.23	-9.24	-3.24	1	1	1	1
20230403143820	-13.17	0.0	-98.24	-9.31	-3.24	1	1	1	1
20230403143821	-13.21	0.0	-98.26	-9.31	-3.24	1	1	1	1
20230403143822	-13.22	0.0	-98.26	-9.38	-3.21	1	1	1	1
20230403143823	-13.22	0.0	-98.26	-9.38	-3.17	1	1	1	1
20230403143824	-13.24	0.0	-98.27	-9.31	-3.24	1	1	1	1
20230403143825	-13.25	0.0	-98.28	-9.31	-3.24	1	1	1	1
20230403143826	-13.24	0.0	-98.27	-9.45	-3.35	1	1	1	1
20230403143827	-13.24	0.0	-98.27	-9.31	-3.31	1	1	1	1
20230403143828	-13.27	0.0	-98.28	-9.31	-3.31	1	1	1	1
20230403143829	-13.31	0.0	-98.3	-9.31	-3.31	1	1	1	1
20230403143830	-13.32	0.0	-98.31	-9.31	-3.35	1	1	1	1
20230403143831	-13.32	0.0	-98.31	-9.38	-3.31	1	1	1	1
20230403143833	-13.35	0.0	-98.32	-9.17	-3.24	1	1	1	1
20230403143834	-13.35	0.0	-98.32	-9.38	-3.21	1	1	1	1
20230403143835	-13.38	0.0	-98.33	-9.38	-3.24	1	1	1	1
20230403143836	-13.38	0.0	-98.33	-9.38	-3.28	1	1	1	1
20230403143837	-13.42	0.0	-98.35	-9.31	-3.31	1	1	1	1
20230403143838	-13.42	0.0	-98.35	-9.38	-3.31	1	1	1	1
20230403143839	-13.47	0.0	-98.37	-9.38	-3.31	1	1	1	1
20230403143840	-13.47	0.0	-98.37	-9.38	-3.35	1	1	1	1
20230403143841	-13.49	0.0	-98.38	-9.38	-3.42	1	1	1	1
20230403143842	-13.49	0.0	-98.38	-9.52	-3.31	1	1	1	1
20230403143843	-13.49	0.0	-98.38	-9.38	-3.35	1	1	1	1
20230403143844	-13.54	0.0	-98.41	-9.38	-3.31	1	1	1	1
20230403143845	-13.55	0.0	-98.41	-9.38	-3.31	1	1	1	1
20230403143846	-13.52	0.0	-98.4	-9.38	-3.42	1	1	1	1
20230403143847	-13.55	0.0	-98.41	-9.38	-3.38	1	1	1	1
20230403143849	-13.56	0.0	-98.42	-9.45	-3.45	1	1	1	1
20230403143850	-13.58	0.0	-98.42	-9.38	-3.31	1	1	1	1
20230403143851	-13.59	0.0	-98.43	-9.38	-3.31	1	1	1	1
20230403143852	-13.63	0.0	-98.45	-9.45	-3.42	1	1	1	1
20230403143853	-13.65	0.0	-98.46	-9.38	-3.31	1	1	1	1
20230403143854	-13.65	0.0	-98.46	-9.45	-3.38	1	1	1	1
20230403143855	-13.66	0.0	-98.46	-9.45	-3.45	1	1	1	1
20230403143856	-13.65	0.0	-98.46	-9.38	-3.38	1	1	1	1
20230403143857	-13.66	0.0	-98.46	-9.45	-3.45	1	1	1	1
20230403143858	-13.71	0.0	-98.48	-9.45	-3.38	1	1	1	1
20230403143859	-13.69	0.0	-98.47	-9.38	-3.42	1	1	1	1
20230403143900	-13.71	0.0	-98.48	-9.45	-3.42	1	1	1	1
20230403143901	-13.75	0.0	-98.5	-9.52	-3.35	1	1	1	1
20230403143902	-13.76	0.0	-98.51	-9.52	-3.49	1	1	1	1
20230403143903	-13.78	0.0	-98.51	-9.45	-3.49	1	1	1	1
20230403143905	-13.79	0.0	-98.52	-9.52	-3.38	1	1	1	1
20230403143906	-13.81	0.0	-98.53	-9.45	-3.38	1	1	1	1
20230403143907	-13.83	0.0	-98.54	-9.52	-3.49	1	1	1	1
20230403143908	-13.82	0.0	-98.53	-9.45	-3.38	1	1	1	1
20230403143909	-13.83	0.0	-98.54	-9.45	-3.49	1	1	1	1
20230403143910	-13.85	0.0	-98.55	-9.45	-3.49	1	1	1	1
20230403143911	-13.87	0.0	-98.56	-9.52	-3.49	1	1	1	1
20230403143912	-13.86	0.0	-98.55	-9.52	-3.6	1	1	1	1
20230403143913	-13.89	0.0	-98.56	-9.52	-3.49	1	1	1	1
20230403143914	-13.87	0.0	-98.56	-9.52	-3.49	1	1	1	1
20230403143915	-13.89	0.0	-98.56	-9.52	-3.52	1	1	1	1
20230403143916	-13.93	0.0	-98.58	-9.6	-3.52	1	1	1	1
20230403143917	-13.93	0.0	-98.58	-9.52	-3.49	1	1	1	1
20230403143918	-13.97	0.0	-98.6	-9.67	-3.6	1	1	1	1
20230403143919	-13.99	0.0	-98.61	-9.52	-3.49	1	1	1	1
20230403143921	-13.99	0.0	-98.61	-9.52	-3.49	1	1	1	1
20230403143922	-14.0	0.0	-98.61	-9.6	-3.56	1	1	1	1
20230403143923	-13.99	0.0	-98.61	-9.6	-3.52	1	1	1	1
20230403143924	-14.02	0.0	-98.62	-9.6	-3.49	1	1	1	1
20230403143925	-14.03	0.0	-98.63	-9.6	-3.56	1	1	1	1
20230403143926	-14.03	0.0	-98.63	-9.6	-3.49	1	1	1	1
20230403143927	-14.06	0.0	-98.64	-9.67	-3.56	1	1	1	1
20230403143928	-14.09	0.0	-98.66	-9.67	-3.52	1	1	1	1
20230403143929	-14.07	0.0	-98.65	-9.6	-3.52	1	1	1	1
20230403143930	-14.1	0.0	-98.66	-9.6	-3.52	1	1	1	1
20230403143931	-14.09	0.0	-98.66	-9.67	-3.56	1	1	1	1
20230403143932	-14.13	0.0	-98.67	-9.82	-3.6	1	1	1	1
20230403143933	-14.14	0.0	-98.68	-9.82	-3.63	1	1	1	1
20230403143934	-14.17	0.0	-98.69	-9.6	-3.6	1	1	1	1
20230403143935	-14.17	0.0	-98.69	-9.67	-3.63	1	1	1	1
20230403143936	-14.19	0.0	-98.7	-9.67	-3.63	1	1	1	1
20230403143937	-14.19	0.0	-98.7	-9.67	-3.67	1	1	1	1
20230403143938	-14.21	0.0	-98.71	-9.67	-3.52	1	1	1	1
20230403143940	-14.21	0.0	-98.71	-9.67	-3.56	1	1	1	1
20230403143941	-14.23	0.0	-98.72	-9.67	-3.63	1	1	1	1
20230403143942	-14.23	0.0	-98.72	-9.67	-3.6	1	1	1	1
20230403143943	-14.27	0.0	-98.74	-9.67	-3.63	1	1	1	1
20230403143944	-14.29	0.0	-98.75	-9.67	-3.63	1	1	1	1
20230403143945	-14.27	0.0	-98.74	-9.67	-3.63	1	1	1	1
20230403143946	-14.29	0.0	-98.75	-9.67	-3.63	1	1	1	1
20230403143947	-14.31	0.0	-98.75	-9.9	-3.67	1	1	1	1
20230403143948	-14.33	0.0	-98.76	-9.67	-3.67	1	1	1	1
20230403143949	-14.31	0.0	-98.75	-9.67	-3.63	1	1	1	1
20230403143950	-14.36	0.0	-98.78	-9.67	-3.67	1	1	1	1
20230403143951	-14.36	0.0	-98.78	-9.75	-3.63	1	1	1	1
20230403143952	-14.36	0.0	-98.78	-9.67	-3.67	1	1	1	1
20230403143953	-14.38	0.0	-98.79	-9.75	-3.67	1	1	1	1
20230403143954	-14.41	0.0	-98.8	-9.75	-3.67	1	1	1	1
20230403143955	-14.41	0.0	-98.8	-9.75	-3.7	1	1	1	1
20230403143956	-14.4	0.0	-98.8	-9.9	-3.74	1	1	1	1
20230403143957	-14.44	0.0	-98.81	-9.67	-3.7	1	1	1	1
20230403143958	-14.44	0.0	-98.81	-9.75	-3.74	1	1	1	1
20230403144000	-14.44	0.0	-98.81	-9.75	-3.7	1	1	1	1
20230403144001	-14.48	0.0	-98.83	-9.67	-3.74	1	1	1	1
20230403144002	-14.47	0.0	-98.83	-9.67	-3.67	1	1	1	1
20230403144003	-14.48	0.0	-98.83	-9.75	-3.78	1	1	1	1
20230403144004	-14.5	0.0	-98.84	-9.67	-3.74	1	1	1	1
20230403144005	-14.51	0.0	-98.85	-9.67	-3.78	1	1	1	1
20230403144006	-14.54	0.0	-98.86	-9.67	-3.81	1	1	1	1
20230403144007	-14.57	0.0	-98.87	-9.75	-3.78	1	1	1	1
20230403144008	-14.57	0.0	-98.87	-9.75	-3.78	1	1	1	1
20230403144009	-14.58	0.0	-98.88	-9.9	-3.85	1	1	1	1
20230403144010	-14.6	0.0	-98.89	-9.82	-3.67	1	1	1	1
20230403144011	-14.6	0.0	-98.89	-9.97	-3.78	1	1	1	1
20230403144012	-14.63	0.0	-98.9	-9.82	-3.78	1	1	1	1
20230403144013	-14.63	0.0	-98.9	-9.75	-3.78	1	1	1	1
20230403144014	-14.63	0.0	-98.9	-9.75	-3.78	1	1	1	1
20230403144015	-14.64	0.0	-98.9	-9.82	-3.81	1	1	1	1
20230403144016	-14.65	0.0	-98.91	-9.75	-3.92	1	1	1	1
20230403144017	-14.68	0.0	-98.92	-9.82	-3.78	1	1	1	1
20230403144018	-14.7	0.0	-98.93	-9.82	-3.67	1	1	1	1
20230403144020	-14.71	0.0	-98.94	-9.97	-3.81	1	1	1	1
20230403144021	-14.73	0.0	-98.95	-9.82	-3.81	1	1	1	1
20230403144022	-14.71	0.0	-98.94	-9.82	-3.78	1	1	1	1
20230403144023	-14.74	0.0	-98.95	-9.82	-3.81	1	1	1	1
20230403144024	-14.75	0.0	-98.95	-9.82	-3.81	1	1	1	1
20230403144025	-14.75	0.0	-98.95	-9.82	-3.89	1	1	1	1
20230403144026	-14.77	0.0	-98.96	-9.97	-3.85	1	1	1	1
20230403144027	-14.75	0.0	-98.95	-9.82	-3.85	1	1	1	1
20230403144028	-14.8	0.0	-98.98	-9.9	-3.81	1	1	1	1
20230403144029	-14.81	0.0	-98.98	-9.82	-3.89	1	1	1	1
20230403144030	-14.83	0.0	-98.99	-9.97	-3.89	1	1	1	1
20230403144031	-14.81	0.0	-98.98	-9.82	-3.78	1	1	1	1
20230403144032	-14.83	0.0	-98.99	-10.05	-3.92	1	1	1	1
20230403144033	-14.84	0.0	-98.99	-9.82	-3.89	1	1	1	1
20230403144034	-14.85	0.0	-99.0	-10.05	-3.96	1	1	1	1
20230403144035	-14.85	0.0	-99.0	-9.9	-3.92	1	1	1	1
20230403144036	-14.87	0.0	-99.01	-9.82	-3.89	1	1	1	1
20230403144037	-14.88	0.0	-99.01	-10.05	-3.92	1	1	1	1
20230403144038	-14.88	0.0	-99.01	-9.9	-3.85	1	1	1	1
20230403144039	-14.91	0.0	-99.03	-9.9	-3.81	1	1	1	1
20230403144040	-14.89	0.0	-99.02	-9.9	-3.85	1	1	1	1
20230403144042	-14.94	0.0	-99.04	-9.9	-3.92	1	1	1	1
20230403144043	-14.92	0.0	-99.03	-9.9	-3.92	1	1	1	1
20230403144044	-14.97	0.0	-99.05	-9.9	-3.85	1	1	1	1
20230403144045	-14.95	0.0	-99.04	-9.9	-3.92	1	1	1	1
20230403144046	-14.95	0.0	-99.04	-9.9	-3.92	1	1	1	1
20230403144047	-14.99	0.0	-99.06	-9.9	-3.89	1	1	1	1
20230403144048	-15.01	0.0	-99.07	-9.9	-3.92	1	1	1	1
20230403144049	-15.02	0.0	-99.08	-9.97	-3.92	1	1	1	1
20230403144050	-15.05	0.0	-99.09	-9.97	-3.85	1	1	1	1
20230403144051	-15.02	0.0	-99.08	-9.97	-3.92	1	1	1	1
20230403144052	-15.09	0.0	-99.11	-9.97	-3.92	1	1	1	1
20230403144053	-15.08	0.0	-99.1	-9.97	-3.92	1	1	1	1
20230403144054	-15.07	0.0	-99.1	-9.97	-3.92	1	1	1	1
20230403144055	-15.11	0.0	-99.12	-9.97	-3.92	1	1	1	1
20230403144056	-15.11	0.0	-99.12	-9.97	-3.92	1	1	1	1
20230403144057	-15.11	0.0	-99.12	-9.97	-3.92	1	1	1	1
20230403144058	-15.12	0.0	-99.12	-9.97	-3.96	1	1	1	1
20230403144059	-15.15	0.0	-99.14	-9.97	-4.03	1	1	1	1
20230403144100	-15.15	0.0	-99.14	-10.13	-4.03	1	1	1	1
20230403144102	-15.16	0.0	-99.14	-9.97	-3.96	1	1	1	1
20230403144103	-15.16	0.0	-99.14	-9.97	-3.92	1	1	1	1
20230403144104	-15.19	0.0	-99.15	-9.97	-3.92	1	1	1	1
20230403144105	-15.21	0.0	-99.16	-9.97	-4.0	1	1	1	1
20230403144106	-15.21	0.0	-99.16	-9.97	-3.92	1	1	1	1
20230403144107	-15.22	0.0	-99.17	-9.97	-4.0	1	1	1	1
20230403144108	-15.21	0.0	-99.16	-9.97	-3.96	1	1	1	1
20230403144109	-15.23	0.0	-99.17	-9.97	-3.92	1	1	1	1
20230403144110	-15.26	0.0	-99.19	-9.97	-3.92	1	1	1	1
20230403144111	-15.25	0.0	-99.18	-9.97	-3.96	1	1	1	1
20230403144112	-15.26	0.0	-99.19	-9.97	-4.0	1	1	1	1
20230403144113	-15.29	0.0	-99.2	-9.97	-4.0	1	1	1	1
20230403144114	-15.29	0.0	-99.2	-10.21	-4.11	1	1	1	1
20230403144115	-15.29	0.0	-99.2	-9.97	-4.07	1	1	1	1
20230403144116	-15.32	0.0	-99.21	-9.97	-4.07	1	1	1	1
20230403144117	-15.33	0.0	-99.22	-9.97	-4.0	1	1	1	1
20230403144118	-15.33	0.0	-99.22	-9.97	-4.07	1	1	1	1
20230403144119	-15.36	0.0	-99.23	-10.21	-4.07	1	1	1	1
20230403144120	-15.35	0.0	-99.23	-10.21	-4.03	1	1	1	1
20230403144121	-15.38	0.0	-99.24	-10.05	-3.92	1	1	1	1
20230403144122	-15.39	0.0	-99.24	-10.05	-3.96	1	1	1	1
20230403144124	-15.39	0.0	-99.24	-9.97	-4.03	1	1	1	1
20230403144125	-15.42	0.0	-99.26	-9.97	-4.0	1	1	1	1
20230403144126	-15.43	0.0	-99.26	-9.97	-4.07	1	1	1	1
20230403144127	-15.42	0.0	-99.26	-10.05	-4.03	1	1	1	1
20230403144128	-15.44	0.0	-99.27	-9.97	-4.18	1	1	1	1
20230403144129	-15.46	0.0	-99.28	-10.05	-4.07	1	1	1	1
20230403144130	-15.47	0.0	-99.28	-10.05	-4.07	1	1	1	1
20230403144131	-15.47	0.0	-99.28	-10.13	-4.07	1	1	1	1
20230403144132	-15.47	0.0	-99.28	-10.05	-4.15	1	1	1	1
20230403144133	-15.5	0.0	-99.29	-10.13	-4.07	1	1	1	1
20230403144134	-15.52	0.0	-99.3	-10.13	-4.18	1	1	1	1
20230403144135	-15.52	0.0	-99.3	-10.13	-4.15	1	1	1	1
20230403144136	-15.52	0.0	-99.3	-10.05	-4.15	1	1	1	1
20230403144137	-15.53	0.0	-99.31	-10.13	-4.11	1	1	1	1
20230403144138	-15.55	0.0	-99.32	-10.21	-4.07	1	1	1	1
20230403144139	-15.55	0.0	-99.32	-10.13	-4.07	1	1	1	1
20230403144140	-15.57	0.0	-99.33	-10.13	-4.07	1	1	1	1
20230403144141	-15.57	0.0	-99.33	-10.05	-4.07	1	1	1	1
20230403144142	-15.57	0.0	-99.33	-10.21	-4.18	1	1	1	1
20230403144144	-15.6	0.0	-99.34	-10.21	-4.18	1	1	1	1
20230403144145	-15.62	0.0	-99.35	-10.13	-4.15	1	1	1	1
20230403144146	-15.63	0.0	-99.35	-10.21	-4.15	1	1	1	1
20230403144147	-15.63	0.0	-99.35	-10.21	-4.11	1	1	1	1
20230403144148	-15.63	0.0	-99.35	-10.21	-4.07	1	1	1	1
20230403144149	-15.63	0.0	-99.35	-10.36	-4.18	1	1	1	1
20230403144150	-15.65	0.0	-99.36	-10.28	-4.18	1	1	1	1
20230403144151	-15.65	0.0	-99.36	-10.36	-4.26	1	1	1	1
20230403144152	-15.66	0.0	-99.37	-10.45	-4.26	1	1	1	1
20230403144153	-15.66	0.0	-99.37	-10.21	-4.15	1	1	1	1
20230403144154	-15.7	0.0	-99.39	-10.21	-4.22	1	1	1	1
20230403144155	-15.69	0.0	-99.38	-10.21	-4.15	1	1	1	1
20230403144156	-15.7	0.0	-99.39	-10.28	-4.11	1	1	1	1
20230403144157	-15.71	0.0	-99.39	-10.28	-4.26	1	1	1	1
20230403144158	-15.73	0.0	-99.4	-10.28	-4.15	1	1	1	1
20230403144159	-15.74	0.0	-99.4	-10.45	-4.3	1	1	1	1
20230403144200	-15.76	0.0	-99.41	-10.45	-4.18	1	1	1	1
20230403144201	-15.77	0.0	-99.42	-10.45	-4.18	1	1	1	1
20230403144202	-15.78	0.0	-99.42	-10.21	-4.18	1	1	1	1
20230403144203	-15.78	0.0	-99.42	-10.28	-4.22	1	1	1	1
20230403144205	-15.8	0.0	-99.43	-10.28	-4.15	1	1	1	1
20230403144206	-15.8	0.0	-99.43	-10.28	-4.15	1	1	1	1
20230403144207	-15.81	0.0	-99.44	-10.28	-4.18	1	1	1	1
20230403144208	-15.83	0.0	-99.44	-10.28	-4.18	1	1	1	1
20230403144209	-15.83	0.0	-99.44	-10.28	-4.22	1	1	1	1
20230403144210	-15.84	0.0	-99.45	-10.28	-4.22	1	1	1	1
20230403144211	-15.87	0.0	-99.46	-10.28	-4.3	1	1	1	1
20230403144212	-15.87	0.0	-99.46	-10.45	-4.22	1	1	1	1
20230403144213	-15.89	0.0	-99.47	-10.28	-4.26	1	1	1	1
20230403144214	-15.84	0.0	-99.45	-10.28	-4.26	1	1	1	1
20230403144215	-15.86	0.0	-99.46	-10.28	-4.22	1	1	1	1
20230403144216	-15.87	0.0	-99.46	-10.53	-4.22	1	1	1	1
20230403144217	-15.9	0.0	-99.48	-10.28	-4.18	1	1	1	1
20230403144218	-15.91	0.0	-99.48	-10.53	-4.26	1	1	1	1
20230403144219	-15.9	0.0	-99.48	-10.53	-4.3	1	1	1	1
20230403144220	-15.94	0.0	-99.49	-10.53	-4.34	1	1	1	1
20230403144221	-15.95	0.0	-99.5	-10.28	-4.26	1	1	1	1
20230403144222	-15.95	0.0	-99.5	-10.28	-4.3	1	1	1	1
20230403144223	-15.95	0.0	-99.5	-10.28	-4.22	1	1	1	1
20230403144224	-15.97	0.0	-99.51	-10.28	-4.22	1	1	1	1
20230403144226	-15.98	0.0	-99.51	-10.28	-4.3	1	1	1	1
20230403144227	-15.98	0.0	-99.51	-10.36	-4.22	1	1	1	1
20230403144228	-16.0	0.0	-99.52	-10.53	-4.34	1	1	1	1
20230403144229	-16.0	0.0	-99.52	-10.53	-4.34	1	1	1	1
20230403144230	-16.01	0.0	-99.53	-10.28	-4.22	1	1	1	1
20230403144231	-16.04	0.0	-99.54	-10.28	-4.34	1	1	1	1
20230403144232	-16.04	0.0	-99.54	-10.53	-4.34	1	1	1	1
20230403144233	-16.04	0.0	-99.54	-10.36	-4.26	1	1	1	1
20230403144234	-16.07	0.0	-99.55	-10.53	-4.34	1	1	1	1
20230403144235	-16.09	0.0	-99.56	-10.28	-4.34	1	1	1	1
20230403144236	-16.09	0.0	-99.56	-10.36	-4.34	1	1	1	1
20230403144237	-16.07	0.0	-99.55	-10.36	-4.34	1	1	1	1
20230403144238	-16.07	0.0	-99.55	-10.36	-4.41	1	1	1	1
20230403144239	-16.1	0.0	-99.57	-10.28	-4.41	1	1	1	1
20230403144240	-16.11	0.0	-99.57	-10.36	-4.38	1	1	1	1
20230403144241	-16.1	0.0	-99.57	-10.53	-4.41	1	1	1	1
20230403144242	-16.13	0.0	-99.58	-10.36	-4.38	1	1	1	1
20230403144243	-16.16	0.0	-99.59	-10.36	-4.26	1	1	1	1
20230403144244	-16.16	0.0	-99.59	-10.36	-4.38	1	1	1	1
20230403144245	-16.16	0.0	-99.59	-10.61	-4.49	1	1	1	1
20230403144247	-16.16	0.0	-99.59	-10.53	-4.45	1	1	1	1
20230403144248	-16.16	0.0	-99.59	-10.53	-4.49	1	1	1	1
20230403144249	-16.2	0.0	-99.61	-10.61	-4.49	1	1	1	1
20230403144250	-16.2	0.0	-99.61	-10.45	-4.41	1	1	1	1
20230403144251	-16.22	0.0	-99.62	-10.36	-4.41	1	1	1	1
20230403144252	-16.21	0.0	-99.62	-10.45	-4.34	1	1	1	1
20230403144253	-16.22	0.0	-99.62	-10.36	-4.41	1	1	1	1
20230403144254	-16.24	0.0	-99.63	-10.45	-4.49	1	1	1	1
20230403144255	-16.24	0.0	-99.63	-10.61	-4.49	1	1	1	1
20230403144256	-16.25	0.0	-99.64	-10.45	-4.41	1	1	1	1
20230403144257	-16.27	0.0	-99.64	-10.61	-4.57	1	1	1	1
20230403144258	-16.3	0.0	-99.66	-10.69	-4.49	1	1	1	1
20230403144259	-16.28	0.0	-99.65	-10.53	-4.41	1	1	1	1
20230403144300	-16.31	0.0	-99.66	-10.61	-4.41	1	1	1	1
20230403144301	-16.28	0.0	-99.65	-10.61	-4.53	1	1	1	1
20230403144302	-16.3	0.0	-99.66	-10.69	-4.45	1	1	1	1
20230403144303	-16.32	0.0	-99.67	-10.95	-4.65	1	1	1	1
20230403144304	-16.31	0.0	-99.66	-10.78	-4.53	1	1	1	1
20230403144305	-16.32	0.0	-99.67	-11.12	-4.65	1	1	1	1
20230403144307	-16.35	0.0	-99.68	-10.95	-4.73	1	1	1	1
20230403144308	-16.37	0.0	-99.69	-10.95	-4.73	1	1	1	1
20230403144309	-16.38	0.0	-99.69	-11.03	-4.69	1	1	1	1
20230403144310	-16.37	0.0	-99.69	-11.03	-4.69	1	1	1	1
20230403144311	-16.37	0.0	-99.69	-11.03	-4.73	1	1	1	1
20230403144312	-16.42	0.0	-99.71	-11.03	-4.73	1	1	1	1
20230403144313	-16.42	0.0	-99.71	-11.03	-4.73	1	1	1	1
20230403144314	-16.42	0.0	-99.71	-11.21	-4.84	1	1	1	1
20230403144315	-16.44	0.0	-99.72	-11.21	-4.88	1	1	1	1
20230403144316	-16.45	0.0	-99.73	-11.39	-4.88	1	1	1	1
20230403144317	-16.46	0.0	-99.73	-11.21	-4.84	1	1	1	1
20230403144318	-16.46	0.0	-99.73	-11.21	-4.88	1	1	1	1
20230403144319	-16.46	0.0	-99.73	-11.3	-4.92	1	1	1	1
20230403144320	-16.48	0.0	-99.74	-11.48	-4.96	1	1	1	1
20230403144321	-16.49	0.0	-99.75	-11.3	-4.92	1	1	1	1
20230403144322	-16.46	0.0	-99.73	-11.3	-4.92	1	1	1	1
20230403144323	-16.51	0.0	-99.75	-11.39	-5.01	1	1	1	1
20230403144324	-16.51	0.0	-99.75	-11.48	-4.96	1	1	1	1
20230403144325	-16.52	0.0	-99.76	-11.39	-5.05	1	1	1	1
20230403144326	-16.52	0.0	-99.76	-11.39	-5.05	1	1	1	1
20230403144328	-16.58	0.0	-99.79	-11.57	-5.09	1	1	1	1
20230403144329	-16.58	0.0	-99.79	-11.39	-5.01	1	1	1	1
20230403144330	-16.59	0.0	-99.79	-11.39	-5.05	1	1	1	1
20230403144331	-16.56	0.0	-99.78	-11.48	-5.13	1	1	1	1
20230403144332	-16.58	0.0	-99.79	-11.66	-5.17	1	1	1	1
20230403144333	-16.59	0.0	-99.79	-11.57	-5.13	1	1	1	1
20230403144334	-16.61	0.0	-99.8	-11.57	-5.05	1	1	1	1
20230403144335	-16.64	0.0	-99.81	-11.57	-5.13	1	1	1	1
20230403144336	-16.64	0.0	-99.81	-11.48	-5.05	1	1	1	1
20230403144337	-16.64	0.0	-99.81	-11.85	-5.29	1	1	1	1
20230403144338	-16.68	0.0	-99.83	-11.57	-5.21	1	1	1	1
20230403144339	-16.66	0.0	-99.82	-11.85	-5.29	1	1	1	1
20230403144340	-16.66	0.0	-99.82	-11.75	-5.21	1	1	1	1
20230403144341	-16.68	0.0	-99.83	-11.66	-5.25	1	1	1	1
20230403144342	-16.71	0.0	-99.85	-11.85	-5.33	1	1	1	1
20230403144343	-16.71	0.0	-99.85	-11.75	-5.17	1	1	1	1
20230403144344	-16.73	0.0	-99.85	-11.75	-5.21	1	1	1	1
20230403144345	-16.73	0.0	-99.85	-11.85	-5.33	1	1	1	1
20230403144346	-16.75	0.0	-99.86	-11.75	-5.29	1	1	1	1
20230403144347	-16.73	0.0	-99.85	-11.75	-5.25	1	1	1	1
20230403144349	-16.76	0.0	-99.87	-11.75	-5.25	1	1	1	1
20230403144350	-16.75	0.0	-99.86	-11.94	-5.33	1	1	1	1
20230403144351	-16.76	0.0	-99.87	-11.85	-5.37	1	1	1	1
20230403144352	-16.79	0.0	-99.88	-11.85	-5.33	1	1	1	1
20230403144353	-16.79	0.0	-99.88	-12.04	-5.33	1	1	1	1
20230403144354	-16.79	0.0	-99.88	-11.75	-5.29	1	1	1	1
20230403144355	-16.82	0.0	-99.9	-11.85	-5.33	1	1	1	1
20230403144356	-16.83	0.0	-99.9	-11.85	-5.33	1	1	1	1
20230403144357	-16.83	0.0	-99.9	-12.04	-5.54	1	1	1	1
20230403144358	-16.83	0.0	-99.9	-11.94	-5.42	1	1	1	1
20230403144359	-16.86	0.0	-99.91	-12.14	-5.46	1	1	1	1
20230403144400	-16.89	0.0	-99.93	-12.14	-5.5	1	1	1	1
20230403144401	-16.86	0.0	-99.91	-11.94	-5.42	1	1	1	1
20230403144402	-16.89	0.0	-99.93	-11.94	-5.46	1	1	1	1
20230403144403	-16.89	0.0	-99.93	-12.04	-5.46	1	1	1	1
20230403144404	-16.9	0.0	-99.93	-12.14	-5.37	1	1	1	1
20230403144405	-16.89	0.0	-99.93	-11.94	-5.42	1	1	1	1
20230403144406	-16.96	0.0	-99.96	-12.04	-5.46	1	1	1	1
20230403144407	-16.95	0.0	-99.95	-12.04	-5.54	1	1	1	1
20230403144408	-16.93	0.0	-99.95	-12.04	-5.5	1	1	1	1
20230403144410	-16.95	0.0	-99.95	-12.04	-5.42	1	1	1	1
20230403144411	-16.97	0.0	-99.96	-12.14	-5.5	1	1	1	1
20230403144412	-16.99	0.0	-99.97	-12.14	-5.59	1	1	1	1
20230403144413	-16.99	0.0	-99.97	-12.14	-5.59	1	1	1	1
20230403144414	-17.0	0.0	-99.98	-12.14	-5.59	1	1	1	1
20230403144415	-16.99	0.0	-99.97	-12.14	-5.5	1	1	1	1
20230403144416	-17.0	0.0	-99.98	-12.14	-5.5	1	1	1	1
20230403144417	-17.02	0.0	-99.99	-12.34	-5.5	1	1	1	1
20230403144418	-17.03	0.0	-99.99	-12.44	-5.67	1	1	1	1
20230403144419	-17.04	0.0	-100.0	-12.14	-5.54	1	1	1	1
20230403144420	-17.04	0.0	-100.0	-12.14	-5.67	1	1	1	1
20230403144421	-17.04	0.0	-100.0	-12.14	-5.63	1	1	1	1
20230403144422	-17.04	0.0	-100.0	-12.44	-5.71	1	1	1	1
20230403144423	-17.07	0.0	-100.01	-12.44	-5.67	1	1	1	1
20230403144424	-17.09	0.0	-100.02	-12.14	-5.59	1	1	1	1
20230403144425	-17.1	0.0	-100.02	-12.14	-5.59	1	1	1	1
20230403144426	-17.1	0.0	-100.02	-12.44	-5.59	1	1	1	1
20230403144427	-17.1	0.0	-100.02	-12.44	-5.71	1	1	1	1
20230403144428	-17.12	0.0	-100.03	-12.54	-5.67	1	1	1	1
20230403144430	-17.14	0.0	-100.04	-12.24	-5.59	1	1	1	1
20230403144431	-17.14	0.0	-100.04	-12.44	-5.76	1	1	1	1
20230403144432	-17.16	0.0	-100.05	-12.24	-5.76	1	1	1	1
20230403144433	-17.16	0.0	-100.05	-12.34	-5.76	1	1	1	1
20230403144434	-17.17	0.0	-100.06	-12.34	-5.71	1	1	1	1
20230403144435	-17.19	0.0	-100.06	-12.34	-5.76	1	1	1	1
20230403144436	-17.19	0.0	-100.06	-12.34	-5.71	1	1	1	1
20230403144437	-17.17	0.0	-100.06	-12.34	-5.76	1	1	1	1
20230403144438	-17.2	0.0	-100.07	-12.34	-5.71	1	1	1	1
20230403144439	-17.23	0.0	-100.08	-12.44	-5.8	1	1	1	1
20230403144440	-17.2	0.0	-100.07	-12.44	-5.89	1	1	1	1
20230403144441	-17.23	0.0	-100.08	-12.44	-5.76	1	1	1	1
20230403144442	-17.26	0.0	-100.1	-12.44	-5.89	1	1	1	1
20230403144443	-17.24	0.0	-100.09	-12.65	-5.76	1	1	1	1
20230403144444	-17.27	0.0	-100.1	-12.44	-5.76	1	1	1	1
20230403144445	-17.28	0.0	-100.11	-12.65	-5.89	1	1	1	1
20230403144446	-17.28	0.0	-100.11	-12.54	-5.84	1	1	1	1
20230403144447	-17.28	0.0	-100.11	-12.54	-5.76	1	1	1	1
20230403144448	-17.3	0.0	-100.11	-12.75	-5.93	1	1	1	1
20230403144449	-17.31	0.0	-100.12	-12.54	-5.89	1	1	1	1
20230403144450	-17.33	0.0	-100.13	-12.54	-5.71	1	1	1	1
20230403144452	-17.34	0.0	-100.13	-12.54	-5.76	1	1	1	1
20230403144453	-17.36	0.0	-100.14	-12.75	-5.93	1	1	1	1
20230403144454	-17.34	0.0	-100.13	-12.75	-5.84	1	1	1	1
20230403144455	-17.36	0.0	-100.14	-12.54	-5.76	1	1	1	1
20230403144456	-17.34	0.0	-100.13	-12.54	-5.89	1	1	1	1
20230403144457	-17.38	0.0	-100.15	-12.54	-5.89	1	1	1	1
20230403144458	-17.36	0.0	-100.14	-12.54	-5.8	1	1	1	1
20230403144459	-17.38	0.0	-100.15	-12.54	-5.93	1	1	1	1
20230403144500	-17.37	0.0	-100.15	-12.54	-5.93	1	1	1	1
20230403144501	-17.43	0.0	-100.17	-12.54	-5.89	1	1	1	1
20230403144502	-17.42	0.0	-100.17	-12.86	-5.93	1	1	1	1
20230403144503	-17.43	0.0	-100.17	-12.65	-5.97	1	1	1	1
20230403144504	-17.43	0.0	-100.17	-12.65	-5.93	1	1	1	1
20230403144505	-17.44	0.0	-100.18	-12.54	-5.93	1	1	1	1
20230403144506	-17.44	0.0	-100.18	-12.86	-6.02	1	1	1	1
20230403144507	-17.46	0.0	-100.19	-12.86	-6.02	1	1	1	1
20230403144508	-17.47	0.0	-100.19	-12.65	-5.97	1	1	1	1
20230403144509	-17.47	0.0	-100.19	-12.65	-5.93	1	1	1	1
20230403144510	-17.48	0.0	-100.2	-12.65	-5.93	1	1	1	1
20230403144511	-17.48	0.0	-100.2	-12.54	-5.93	1	1	1	1
20230403144513	-17.5	0.0	-100.21	-12.86	-6.02	1	1	1	1
20230403144514	-17.53	0.0	-100.22	-12.86	-6.06	1	1	1	1
20230403144515	-17.51	0.0	-100.21	-12.54	-6.02	1	1	1	1
20230403144516	-17.54	0.0	-100.22	-12.86	-6.02	1	1	1	1
20230403144517	-17.53	0.0	-100.22	-12.65	-5.93	1	1	1	1
20230403144518	-17.54	0.0	-100.22	-12.86	-6.06	1	1	1	1
20230403144519	-17.56	0.0	-100.23	-12.65	-6.02	1	1	1	1
20230403144520	-17.56	0.0	-100.23	-12.65	-6.02	1	1	1	1
20230403144521	-17.57	0.0	-100.24	-12.65	-6.02	1	1	1	1
20230403144522	-17.57	0.0	-100.24	-12.86	-6.02	1	1	1	1
20230403144523	-17.58	0.0	-100.24	-12.75	-5.97	1	1	1	1
20230403144524	-17.61	0.0	-100.26	-12.86	-6.02	1	1	1	1
20230403144525	-17.6	0.0	-100.25	-12.65	-6.02	1	1	1	1
20230403144526	-17.61	0.0	-100.26	-12.97	-6.11	1	1	1	1
20230403144527	-17.61	0.0	-100.26	-12.86	-6.15	1	1	1	1
20230403144528	-17.63	0.0	-100.27	-12.97	-6.15	1	1	1	1
20230403144529	-17.64	0.0	-100.27	-12.86	-6.06	1	1	1	1
20230403144530	-17.64	0.0	-100.27	-12.97	-6.06	1	1	1	1
20230403144531	-17.68	0.0	-100.29	-12.86	-5.97	1	1	1	1
20230403144532	-17.67	0.0	-100.28	-12.86	-6.11	1	1	1	1
20230403144533	-17.67	0.0	-100.28	-12.75	-5.97	1	1	1	1
20230403144535	-17.68	0.0	-100.29	-12.75	-6.11	1	1	1	1
20230403144536	-17.7	0.0	-100.3	-12.75	-6.06	1	1	1	1
20230403144537	-17.68	0.0	-100.29	-12.86	-6.2	1	1	1	1
20230403144538	-17.7	0.0	-100.3	-13.08	-6.51	1	1	1	1
20230403144539	-17.68	0.0	-100.29	-12.75	-6.38	1	1	1	1
20230403144540	-17.67	0.0	-100.28	-13.19	-6.42	1	1	1	1
20230403144541	-17.68	0.0	-100.29	-13.08	-6.42	1	1	1	1
20230403144542	-17.71	0.0	-100.3	-12.86	-6.29	1	1	1	1
20230403144543	-17.7	0.0	-100.3	-12.86	-6.24	1	1	1	1
20230403144544	-17.7	0.0	-100.3	-12.97	-6.42	1	1	1	1
20230403144545	-17.73	0.0	-100.31	-12.86	-6.38	1	1	1	1
20230403144546	-17.73	0.0	-100.31	-13.19	-6.29	1	1	1	1
20230403144547	-17.74	0.0	-100.32	-12.97	-6.2	1	1	1	1
20230403144548	-17.75	0.0	-100.32	-13.19	-6.33	1	1	1	1
20230403144549	-17.74	0.0	-100.32	-12.97	-6.24	1	1	1	1
20230403144550	-17.77	0.0	-100.33	-12.97	-6.24	1	1	1	1
20230403144551	-17.75	0.0	-100.32	-12.97	-6.29	1	1	1	1
20230403144552	-17.78	0.0	-100.33	-12.97	-6.24	1	1	1	1
20230403144553	-17.8	0.0	-100.34	-12.97	-6.29	1	1	1	1
20230403144554	-17.8	0.0	-100.34	-12.97	-6.2	1	1	1	1
20230403144556	-17.81	0.0	-100.35	-13.19	-6.29	1	1	1	1
20230403144557	-17.81	0.0	-100.35	-12.86	-6.29	1	1	1	1
20230403144558	-17.84	0.0	-100.36	-13.19	-6.24	1	1	1	1
20230403144559	-17.84	0.0	-100.36	-12.97	-6.42	1	1	1	1
20230403144600	-17.84	0.0	-100.36	-12.97	-6.29	1	1	1	1
20230403144601	-17.84	0.0	-100.36	-12.97	-6.33	1	1	1	1
20230403144602	-17.84	0.0	-100.36	-12.97	-6.38	1	1	1	1
20230403144603	-17.84	0.0	-100.36	-12.97	-6.2	1	1	1	1
20230403144604	-17.87	0.0	-100.37	-12.97	-6.33	1	1	1	1
20230403144605	-17.88	0.0	-100.38	-12.97	-6.33	1	1	1	1
20230403144606	-17.9	0.0	-100.39	-13.3	-6.42	1	1	1	1
20230403144607	-17.88	0.0	-100.38	-13.3	-6.33	1	1	1	1
20230403144608	-17.9	0.0	-100.39	-12.97	-6.24	1	1	1	1
20230403144609	-17.91	0.0	-100.39	-13.3	-6.33	1	1	1	1
20230403144610	-17.94	0.0	-100.41	-13.3	-6.42	1	1	1	1
20230403144611	-17.94	0.0	-100.41	-13.3	-6.38	1	1	1	1
20230403144612	-17.95	0.0	-100.41	-13.08	-6.47	1	1	1	1
20230403144613	-17.97	0.0	-100.42	-13.3	-6.47	1	1	1	1
20230403144614	-17.97	0.0	-100.42	-13.3	-6.47	1	1	1	1
20230403144615	-17.99	0.0	-100.43	-12.97	-6.47	1	1	1	1
20230403144616	-17.97	0.0	-100.42	-13.08	-6.38	1	1	1	1
20230403144618	-17.99	0.0	-100.43	-13.3	-6.42	1	1	1	1
20230403144619	-18.01	0.0	-100.44	-13.08	-6.47	1	1	1	1
20230403144620	-17.99	0.0	-100.43	-13.08	-6.33	1	1	1	1
20230403144621	-18.01	0.0	-100.44	-13.3	-6.42	1	1	1	1
20230403144622	-18.02	0.0	-100.44	-13.3	-6.56	1	1	1	1
20230403144623	-18.02	0.0	-100.44	-13.08	-6.38	1	1	1	1
20230403144624	-18.04	0.0	-100.45	-13.08	-6.38	1	1	1	1
20230403144625	-18.05	0.0	-100.46	-13.3	-6.51	1	1	1	1
20230403144626	-18.05	0.0	-100.46	-13.08	-6.42	1	1	1	1
20230403144627	-18.06	0.0	-100.46	-12.97	-6.51	1	1	1	1
20230403144628	-18.06	0.0	-100.46	-13.3	-6.56	1	1	1	1
20230403144629	-18.08	0.0	-100.47	-13.08	-6.47	1	1	1	1
20230403144630	-18.08	0.0	-100.47	-13.41	-6.61	1	1	1	1
20230403144631	-18.11	0.0	-100.48	-13.3	-6.56	1	1	1	1
20230403144632	-18.09	0.0	-100.48	-13.3	-6.61	1	1	1	1
20230403144633	-18.09	0.0	-100.48	-13.3	-6.51	1	1	1	1
20230403144634	-18.12	0.0	-100.49	-13.3	-6.51	1	1	1	1
20230403144635	-18.12	0.0	-100.49	-13.19	-6.42	1	1	1	1
20230403144636	-18.14	0.0	-100.5	-13.19	-6.33	1	1	1	1
20230403144637	-18.16	0.0	-100.51	-13.19	-6.47	1	1	1	1
20230403144639	-18.15	0.0	-100.5	-13.41	-6.38	1	1	1	1
20230403144640	-18.16	0.0	-100.51	-13.19	-6.51	1	1	1	1
20230403144641	-18.15	0.0	-100.5	-13.41	-6.61	1	1	1	1
20230403144642	-18.16	0.0	-100.51	-13.41	-6.56	1	1	1	1
20230403144643	-18.18	0.0	-100.52	-13.41	-6.56	1	1	1	1
20230403144644	-18.15	0.0	-100.5	-13.19	-6.47	1	1	1	1
20230403144645	-18.19	0.0	-100.52	-13.19	-6.47	1	1	1	1
20230403144646	-18.21	0.0	-100.53	-13.19	-6.56	1	1	1	1
20230403144647	-18.19	0.0	-100.52	-13.19	-6.51	1	1	1	1
20230403144648	-18.22	0.0	-100.53	-13.19	-6.47	1	1	1	1
20230403144649	-18.21	0.0	-100.53	-13.3	-6.47	1	1	1	1
20230403144650	-18.22	0.0	-100.53	-13.41	-6.65	1	1	1	1
20230403144651	-18.24	0.0	-100.54	-13.53	-6.56	1	1	1	1
20230403144652	-18.24	0.0	-100.54	-13.53	-6.61	1	1	1	1
20230403144653	-18.25	0.0	-100.55	-13.19	-6.51	1	1	1	1
20230403144654	-18.26	0.0	-100.55	-13.53	-6.56	1	1	1	1
20230403144655	-18.24	0.0	-100.54	-13.19	-6.51	1	1	1	1
20230403144656	-18.28	0.0	-100.56	-13.3	-6.51	1	1	1	1
20230403144657	-18.28	0.0	-100.56	-13.3	-6.51	1	1	1	1
20230403144658	-18.3	0.0	-100.57	-13.3	-6.51	1	1	1	1
20230403144700	-18.32	0.0	-100.58	-13.3	-6.56	1	1	1	1
20230403144701	-18.3	0.0	-100.57	-13.3	-6.51	1	1	1	1
20230403144702	-18.3	0.0	-100.57	-13.3	-6.56	1	1	1	1
20230403144703	-18.33	0.0	-100.59	-13.3	-6.56	1	1	1	1
20230403144704	-18.35	0.0	-100.59	-13.3	-6.61	1	1	1	1
20230403144705	-18.32	0.0	-100.58	-13.41	-6.51	1	1	1	1
20230403144706	-18.33	0.0	-100.59	-13.3	-6.56	1	1	1	1
20230403144707	-18.35	0.0	-100.59	-13.3	-6.61	1	1	1	1
20230403144708	-18.38	0.0	-100.61	-13.53	-6.75	1	1	1	1
20230403144709	-18.39	0.0	-100.61	-13.3	-6.65	1	1	1	1
20230403144710	-18.38	0.0	-100.61	-13.3	-6.56	1	1	1	1
20230403144711	-18.39	0.0	-100.61	-13.3	-6.61	1	1	1	1
20230403144712	-18.43	0.0	-100.63	-13.3	-6.56	1	1	1	1
20230403144713	-18.43	0.0	-100.63	-13.53	-6.79	1	1	1	1
20230403144714	-18.43	0.0	-100.63	-13.53	-6.75	1	1	1	1
20230403144715	-18.43	0.0	-100.63	-13.3	-6.7	1	1	1	1
20230403144716	-18.45	0.0	-100.64	-13.41	-6.79	1	1	1	1
20230403144717	-18.43	0.0	-100.63	-13.65	-6.7	1	1	1	1
20230403144718	-18.46	0.0	-100.64	-13.3	-6.65	1	1	1	1
20230403144719	-18.46	0.0	-100.64	-13.65	-6.75	1	1	1	1
20230403144721	-18.48	0.0	-100.65	-13.41	-6.61	1	1	1	1
20230403144722	-18.46	0.0	-100.64	-13.41	-6.61	1	1	1	1
20230403144723	-18.48	0.0	-100.65	-13.53	-6.75	1	1	1	1
20230403144724	-18.49	0.0	-100.66	-13.53	-6.75	1	1	1	1
20230403144725	-18.49	0.0	-100.66	-13.3	-6.7	1	1	1	1
20230403144726	-18.5	0.0	-100.66	-13.41	-6.65	1	1	1	1
20230403144727	-18.52	0.0	-100.67	-13.41	-6.7	1	1	1	1
20230403144728	-18.52	0.0	-100.67	-13.3	-6.65	1	1	1	1
20230403144729	-18.55	0.0	-100.69	-13.3	-6.65	1	1	1	1
20230403144730	-18.55	0.0	-100.69	-13.41	-6.65	1	1	1	1
20230403144731	-18.53	0.0	-100.68	-13.41	-6.7	1	1	1	1
20230403144732	-18.57	0.0	-100.7	-13.41	-6.61	1	1	1	1
20230403144733	-18.56	0.0	-100.69	-13.41	-6.65	1	1	1	1
20230403144734	-18.56	0.0	-100.69	-13.3	-6.7	1	1	1	1
20230403144735	-18.57	0.0	-100.7	-13.41	-6.7	1	1	1	1
20230403144736	-18.59	0.0	-100.7	-13.65	-6.79	1	1	1	1
20230403144737	-18.59	0.0	-100.7	-13.41	-6.7	1	1	1	1
20230403144738	-18.6	0.0	-100.71	-13.65	-6.89	1	1	1	1
20230403144739	-18.6	0.0	-100.71	-13.41	-6.7	1	1	1	1
20230403144741	-18.6	0.0	-100.71	-13.41	-6.7	1	1	1	1
20230403144742	-18.61	0.0	-100.71	-13.65	-6.79	1	1	1	1
20230403144743	-18.61	0.0	-100.71	-13.41	-6.7	1	1	1	1
20230403144744	-18.64	0.0	-100.73	-13.41	-6.7	1	1	1	1
20230403144745	-18.64	0.0	-100.73	-13.77	-6.79	1	1	1	1
20230403144746	-18.64	0.0	-100.73	-13.53	-6.79	1	1	1	1
20230403144747	-18.66	0.0	-100.74	-13.41	-6.7	1	1	1	1
20230403144748	-18.67	0.0	-100.74	-13.77	-6.84	1	1	1	1
20230403144749	-18.66	0.0	-100.74	-13.53	-6.75	1	1	1	1
20230403144750	-18.66	0.0	-100.74	-13.77	-6.79	1	1	1	1
20230403144751	-18.69	0.0	-100.75	-13.53	-6.7	1	1	1	1
20230403144752	-18.69	0.0	-100.75	-13.19	-6.7	1	1	1	1
20230403144753	-18.69	0.0	-100.75	-13.53	-6.79	1	1	1	1
20230403144754	-18.7	0.0	-100.75	-13.53	-6.84	1	1	1	1
20230403144755	-18.73	0.0	-100.77	-13.77	-6.84	1	1	1	1
20230403144756	-18.72	0.0	-100.76	-13.53	-6.75	1	1	1	1
20230403144757	-18.72	0.0	-100.76	-13.53	-6.84	1	1	1	1
20230403144758	-18.74	0.0	-100.77	-13.53	-6.79	1	1	1	1
20230403144759	-18.74	0.0	-100.77	-13.77	-6.79	1	1	1	1
20230403144800	-18.74	0.0	-100.77	-13.77	-6.75	1	1	1	1
20230403144802	-18.74	0.0	-100.77	-13.53	-6.7	1	1	1	1
20230403144803	-18.76	0.0	-100.78	-13.53	-6.79	1	1	1	1
20230403144804	-18.76	0.0	-100.78	-13.53	-6.7	1	1	1	1
20230403144805	-18.8	0.0	-100.8	-13.53	-6.79	1	1	1	1
20230403144806	-18.79	0.0	-100.8	-13.77	-6.89	1	1	1	1
20230403144807	-18.79	0.0	-100.8	-13.53	-6.84	1	1	1	1
20230403144808	-18.79	0.0	-100.8	-13.53	-6.84	1	1	1	1
20230403144809	-18.82	0.0	-100.81	-13.53	-6.75	1	1	1	1
20230403144810	-18.82	0.0	-100.81	-13.77	-6.79	1	1	1	1
20230403144811	-18.83	0.0	-100.81	-13.53	-6.94	1	1	1	1
20230403144812	-18.84	0.0	-100.82	-13.53	-6.84	1	1	1	1
20230403144813	-18.87	0.0	-100.83	-13.53	-6.7	1	1	1	1
20230403144814	-18.86	0.0	-100.83	-13.53	-6.89	1	1	1	1
20230403144815	-18.87	0.0	-100.83	-13.53	-6.79	1	1	1	1
20230403144816	-18.87	0.0	-100.83	-13.53	-6.89	1	1	1	1
20230403144817	-18.92	0.0	-100.86	-13.53	-6.89	1	1	1	1
20230403144818	-18.9	0.0	-100.85	-13.53	-6.79	1	1	1	1
20230403144819	-18.93	0.0	-100.86	-13.77	-6.89	1	1	1	1
20230403144820	-18.9	0.0	-100.85	-13.53	-6.89	1	1	1	1
20230403144821	-18.92	0.0	-100.86	-13.77	-6.98	1	1	1	1
20230403144823	-18.92	0.0	-100.86	-13.53	-6.89	1	1	1	1
20230403144824	-18.92	0.0	-100.86	-13.53	-6.89	1	1	1	1
20230403144825	-18.97	0.0	-100.88	-13.77	-6.94	1	1	1	1
20230403144826	-18.94	0.0	-100.86	-13.89	-6.89	1	1	1	1
20230403144827	-18.96	0.0	-100.87	-13.53	-6.89	1	1	1	1
