EventTime	aTemp	RH	DP	cTemp	mTemp	sLid	sVacuu	sPressure	IsOkay
20230323120008	16.15	1.05	-39.89	16.51	16.27	1	1	1	1
20230323120010	16.05	0.97	-40.72	16.54	16.26	1	1	1	1
20230323120011	16.04	0.89	-41.54	16.56	16.27	1	1	1	1
20230323120012	16.04	0.85	-41.98	16.57	16.29	1	1	1	1
20230323120013	16.03	0.89	-41.55	16.61	16.32	1	1	1	1
20230323120014	16.04	0.81	-42.43	16.61	16.34	1	1	1	1
20230323120015	16.01	0.85	-41.99	16.61	16.5	1	1	1	1
20230323120016	16.04	0.81	-42.43	16.59	16.77	1	1	1	1
20230323120017	16.03	0.83	-42.21	16.56	17.02	1	1	1	1
20230323120018	16.04	0.77	-42.91	16.56	17.23	1	1	1	1
20230323120019	16.05	0.75	-43.15	16.55	17.37	1	1	1	1
20230323120020	16.07	0.65	-44.46	16.55	17.48	1	1	1	1
20230323120021	16.08	0.73	-43.38	16.55	17.58	1	1	1	1
20230323120022	16.1	0.76	-42.99	16.54	17.65	1	1	1	1
20230323120023	16.11	0.74	-43.24	16.54	17.7	1	1	1	1
20230323120024	16.11	0.72	-43.49	16.54	17.75	1	1	1	1
20230323120025	16.14	0.72	-43.47	16.54	17.8	1	1	1	1
20230323120026	16.15	0.68	-44.0	16.54	17.81	1	1	1	1
20230323120027	16.17	0.68	-43.99	16.54	17.84	1	1	1	1
20230323120028	16.2	0.58	-45.43	16.54	17.87	1	1	1	1
20230323120030	16.2	0.66	-44.24	16.54	17.88	1	1	1	1
20230323120031	16.21	0.64	-44.52	16.54	17.89	1	1	1	1
20230323120032	16.24	0.62	-44.8	16.54	17.91	1	1	1	1
20230323120033	16.24	0.6	-45.1	16.54	17.9	1	1	1	1
20230323120034	16.29	0.66	-44.19	16.53	17.9	1	1	1	1
20230323120035	16.28	0.6	-45.07	16.53	17.91	1	1	1	1
20230323120036	16.29	0.54	-46.03	16.54	17.91	1	1	1	1
20230323120037	16.33	0.52	-46.35	16.53	17.93	1	1	1	1
20230323120038	16.33	0.58	-45.35	16.53	17.93	1	1	1	1
20230323120039	16.33	0.62	-44.74	16.54	17.94	1	1	1	1
20230323120040	16.36	0.53	-46.16	16.54	17.94	1	1	1	1
20230323120041	16.39	0.54	-45.97	16.54	17.94	1	1	1	1
20230323120042	16.38	0.54	-45.98	16.54	17.94	1	1	1	1
20230323120043	16.41	0.49	-46.84	16.54	17.95	1	1	1	1
20230323120044	16.39	0.49	-46.85	16.55	17.96	1	1	1	1
20230323120045	16.41	0.47	-47.21	16.54	17.94	1	1	1	1
20230323120046	16.44	0.55	-45.77	16.54	17.95	1	1	1	1
20230323120047	16.44	0.53	-46.11	16.55	17.95	1	1	1	1
20230323120048	16.46	0.47	-47.18	16.54	17.95	1	1	1	1
20230323120050	16.48	0.47	-47.17	16.54	17.95	1	1	1	1
20230323120051	16.48	0.45	-47.56	16.54	17.96	1	1	1	1
20230323120052	16.49	0.47	-47.16	16.55	17.96	1	1	1	1
20230323120053	16.51	0.47	-47.15	16.54	17.95	1	1	1	1
20230323120054	16.51	0.51	-46.42	16.55	17.96	1	1	1	1
20230323120055	16.52	0.45	-47.54	16.55	17.96	1	1	1	1
20230323120056	16.54	0.47	-47.14	16.55	17.95	1	1	1	1
20230323120057	16.54	0.41	-48.35	16.54	17.95	1	1	1	1
20230323120058	16.55	0.47	-47.13	16.54	17.95	1	1	1	1
20230323120059	16.54	0.41	-48.35	16.54	17.95	1	1	1	1
20230323120100	16.58	0.37	-49.24	16.55	17.95	1	1	1	1
20230323120101	16.58	0.45	-47.5	16.55	17.95	1	1	1	1
20230323120102	16.59	0.41	-48.33	16.55	17.96	1	1	1	1
20230323120103	16.59	0.41	-48.33	16.55	17.96	1	1	1	1
20230323120104	16.59	0.38	-49.0	16.56	17.96	1	1	1	1
20230323120105	16.61	0.41	-48.31	16.55	17.96	1	1	1	1
20230323120106	16.64	0.38	-48.97	16.55	17.96	1	1	1	1
20230323120107	16.65	0.41	-48.29	16.55	17.96	1	1	1	1
20230323120108	16.64	0.38	-48.97	16.55	17.96	1	1	1	1
20230323120109	16.65	0.39	-48.73	16.55	17.96	1	1	1	1
20230323120111	16.66	0.34	-49.93	16.56	17.97	1	1	1	1
20230323120112	16.68	0.38	-48.95	16.55	17.97	1	1	1	1
20230323120113	16.68	0.41	-48.27	16.55	17.97	1	1	1	1
20230323120114	16.71	0.36	-49.4	16.57	17.97	1	1	1	1
20230323120115	16.69	0.35	-49.66	16.56	17.97	1	1	1	1
20230323120116	16.71	0.41	-48.26	16.56	17.97	1	1	1	1
20230323120117	16.72	0.36	-49.4	16.57	17.98	1	1	1	1
20230323120118	16.74	0.36	-49.39	16.57	17.98	1	1	1	1
20230323120119	16.74	0.36	-49.39	16.57	17.97	1	1	1	1
20230323120120	16.71	0.36	-49.4	16.57	17.98	1	1	1	1
20230323120121	16.76	0.42	-48.02	16.57	17.98	1	1	1	1
20230323120122	16.76	0.32	-50.4	16.57	18.0	1	1	1	1
20230323120123	16.75	0.3	-50.97	16.57	17.98	1	1	1	1
20230323120124	16.76	0.36	-49.38	16.59	17.98	1	1	1	1
20230323120125	16.78	0.32	-50.39	16.58	17.98	1	1	1	1
20230323120126	16.76	0.34	-49.88	16.58	17.98	1	1	1	1
20230323120127	16.79	0.3	-50.94	16.58	18.0	1	1	1	1
20230323120128	16.8	0.3	-50.94	16.59	18.0	1	1	1	1
20230323120129	16.79	0.28	-51.54	16.58	18.0	1	1	1	1
20230323120130	16.83	0.32	-50.36	16.59	18.0	1	1	1	1
20230323120131	16.8	0.28	-51.53	16.59	18.0	1	1	1	1
20230323120133	16.82	0.3	-50.93	16.59	18.0	1	1	1	1
20230323120134	16.85	0.34	-49.83	16.59	18.0	1	1	1	1
20230323120135	16.83	0.3	-50.92	16.59	18.0	1	1	1	1
20230323120136	16.85	0.34	-49.83	16.61	18.01	1	1	1	1
20230323120137	16.85	0.34	-49.83	16.61	18.01	1	1	1	1
20230323120138	16.86	0.36	-49.32	16.59	18.0	1	1	1	1
20230323120139	16.88	0.34	-49.81	16.59	18.0	1	1	1	1
20230323120140	16.88	0.34	-49.81	16.61	18.0	1	1	1	1
20230323120141	16.88	0.32	-50.34	16.59	18.0	1	1	1	1
20230323120142	16.9	0.3	-50.88	16.61	18.01	1	1	1	1
20230323120143	16.89	0.33	-50.06	16.59	18.0	1	1	1	1
20230323120144	16.9	0.34	-49.8	16.59	18.0	1	1	1	1
20230323120145	16.92	0.34	-49.79	16.59	18.0	1	1	1	1
20230323120146	16.93	0.3	-50.87	16.59	18.01	1	1	1	1
20230323120147	16.92	0.28	-51.47	16.59	18.0	1	1	1	1
20230323120148	16.93	0.26	-52.09	16.59	18.01	1	1	1	1
20230323120149	16.95	0.36	-49.27	16.61	18.02	1	1	1	1
20230323120150	16.95	0.26	-52.08	16.59	18.0	1	1	1	1
20230323120151	16.96	0.29	-51.14	16.59	18.01	1	1	1	1
20230323120152	16.95	0.3	-50.86	16.59	18.01	1	1	1	1
20230323120153	16.96	0.3	-50.85	16.61	18.01	1	1	1	1
20230323120155	16.96	0.26	-52.08	16.59	18.01	1	1	1	1
20230323120156	16.98	0.29	-51.13	16.59	18.01	1	1	1	1
20230323120157	16.96	0.3	-50.85	16.59	18.01	1	1	1	1
20230323120158	16.99	0.29	-51.13	16.61	18.03	1	1	1	1
20230323120159	16.98	0.3	-50.84	16.62	18.02	1	1	1	1
20230323120200	16.99	0.27	-51.74	16.59	18.02	1	1	1	1
20230323120201	16.98	0.27	-51.75	16.61	18.01	1	1	1	1
20230323120202	17.0	0.25	-52.39	16.61	18.02	1	1	1	1
20230323120203	17.02	0.27	-51.72	16.61	18.02	1	1	1	1
20230323120204	16.99	0.25	-52.4	16.61	18.03	1	1	1	1
20230323120205	17.02	0.29	-51.11	16.62	18.02	1	1	1	1
20230323120206	17.03	0.23	-53.08	16.61	18.02	1	1	1	1
20230323120207	17.0	0.23	-53.1	16.62	18.02	1	1	1	1
20230323120208	17.03	0.23	-53.08	16.62	18.03	1	1	1	1
20230323120209	17.03	0.25	-52.37	16.62	18.02	1	1	1	1
20230323120210	17.05	0.31	-50.52	16.62	18.03	1	1	1	1
20230323120211	17.06	0.21	-53.83	16.62	18.03	1	1	1	1
20230323120212	17.03	0.23	-53.08	16.62	18.03	1	1	1	1
20230323120213	17.05	0.23	-53.07	16.62	18.03	1	1	1	1
20230323120214	17.06	0.25	-52.36	16.63	18.03	1	1	1	1
20230323120216	17.07	0.27	-51.7	16.63	18.04	1	1	1	1
20230323120217	17.07	0.19	-54.66	16.63	18.04	1	1	1	1
20230323120218	17.09	0.29	-51.07	16.63	18.04	1	1	1	1
20230323120219	17.07	0.27	-51.7	16.64	18.04	1	1	1	1
20230323120220	17.07	0.25	-52.35	16.63	18.05	1	1	1	1
20230323120221	17.09	0.29	-51.07	16.64	18.05	1	1	1	1
20230323120222	17.11	0.27	-51.67	16.64	18.04	1	1	1	1
20230323120223	17.1	0.29	-51.07	16.64	18.04	1	1	1	1
20230323120224	17.11	0.27	-51.67	16.65	18.05	1	1	1	1
20230323120225	17.11	0.27	-51.67	16.64	18.04	1	1	1	1
20230323120226	17.14	0.15	-56.56	16.64	18.04	1	1	1	1
20230323120227	17.11	0.27	-51.67	16.65	18.05	1	1	1	1
20230323120228	17.13	0.23	-53.03	16.64	18.04	1	1	1	1
20230323120229	17.14	0.27	-51.66	16.64	18.04	1	1	1	1
20230323120230	17.16	0.19	-54.61	16.64	18.04	1	1	1	1
20230323120231	17.16	0.21	-53.77	16.64	18.04	1	1	1	1
20230323120232	17.17	0.25	-52.3	16.64	18.04	1	1	1	1
20230323120233	17.17	0.25	-52.3	16.64	18.04	1	1	1	1
20230323120234	17.17	0.25	-52.3	16.64	18.04	1	1	1	1
20230323120235	17.14	0.31	-50.47	16.64	18.05	1	1	1	1
20230323120236	17.17	0.25	-52.3	16.64	18.04	1	1	1	1
20230323120238	17.17	0.19	-54.6	16.64	18.04	1	1	1	1
20230323120239	17.2	0.17	-55.51	16.64	18.04	1	1	1	1
20230323120240	17.19	0.25	-52.29	16.64	18.04	1	1	1	1
20230323120241	17.19	0.23	-52.99	16.64	18.04	1	1	1	1
20230323120242	17.21	0.19	-54.58	16.65	18.06	1	1	1	1
20230323120243	17.19	0.21	-53.76	16.66	18.06	1	1	1	1
20230323120244	17.19	0.19	-54.59	16.64	18.04	1	1	1	1
20230323120245	17.2	0.25	-52.28	16.64	18.05	1	1	1	1
20230323120246	17.21	0.19	-54.58	16.64	18.04	1	1	1	1
20230323120247	17.25	0.21	-53.73	16.64	18.05	1	1	1	1
20230323120248	17.23	0.23	-52.97	16.64	18.04	1	1	1	1
20230323120249	17.25	0.19	-54.56	16.64	18.05	1	1	1	1
20230323120250	17.21	0.25	-52.28	16.64	18.04	1	1	1	1
20230323120251	17.25	0.23	-52.96	16.64	18.05	1	1	1	1
20230323120252	17.23	0.19	-54.57	16.65	18.05	1	1	1	1
20230323120253	17.23	0.21	-53.74	16.65	18.05	1	1	1	1
20230323120254	17.25	0.15	-56.5	16.65	18.05	1	1	1	1
20230323120255	17.26	0.21	-53.72	16.65	18.05	1	1	1	1
20230323120256	17.25	0.19	-54.56	16.65	18.05	1	1	1	1
20230323120257	17.26	0.17	-55.47	16.65	18.05	1	1	1	1
20230323120258	17.26	0.17	-55.47	16.65	18.05	1	1	1	1
20230323120300	17.26	0.19	-54.56	16.65	18.06	1	1	1	1
20230323120301	17.27	0.16	-55.97	16.65	18.06	1	1	1	1
20230323120302	17.26	0.21	-53.72	16.65	18.06	1	1	1	1
20230323120303	17.29	0.17	-55.46	16.66	18.06	1	1	1	1
20230323120304	17.32	0.16	-55.94	16.66	18.08	1	1	1	1
20230323120305	17.3	0.24	-52.58	16.68	18.08	1	1	1	1
20230323120306	17.27	0.22	-53.33	16.66	18.08	1	1	1	1
20230323120307	17.32	0.2	-54.1	16.68	18.08	1	1	1	1
20230323120308	17.32	0.18	-54.97	16.68	18.08	1	1	1	1
20230323120309	17.32	0.22	-53.3	16.66	18.08	1	1	1	1
20230323120310	17.3	0.24	-52.58	16.66	18.08	1	1	1	1
20230323120311	17.3	0.22	-53.31	16.68	18.08	1	1	1	1
20230323120312	17.33	0.18	-54.97	16.68	18.08	1	1	1	1
20230323120313	17.32	0.22	-53.3	16.68	18.08	1	1	1	1
20230323120314	17.32	0.2	-54.1	16.68	18.09	1	1	1	1
20230323120315	17.34	0.2	-54.09	16.68	18.09	1	1	1	1
20230323120316	17.36	0.16	-55.92	16.68	18.08	1	1	1	1
20230323120317	17.34	0.24	-52.55	16.68	18.09	1	1	1	1
20230323120318	17.34	0.16	-55.93	16.68	18.08	1	1	1	1
20230323120319	17.36	0.2	-54.08	16.68	18.09	1	1	1	1
20230323120320	17.36	0.22	-53.28	16.69	18.09	1	1	1	1
20230323120322	17.34	0.18	-54.96	16.69	18.09	1	1	1	1
20230323120323	17.36	0.18	-54.95	16.69	18.09	1	1	1	1
20230323120324	17.37	0.22	-53.27	16.69	18.09	1	1	1	1
20230323120325	17.4	0.16	-55.9	16.69	18.09	1	1	1	1
20230323120326	17.39	0.18	-54.94	16.68	18.11	1	1	1	1
20230323120327	17.39	0.2	-54.06	16.7	18.11	1	1	1	1
20230323120328	17.37	0.26	-51.86	16.68	18.09	1	1	1	1
20230323120329	17.4	0.18	-54.93	16.69	18.09	1	1	1	1
20230323120330	17.4	0.12	-58.22	16.69	18.09	1	1	1	1
20230323120331	17.42	0.14	-56.98	16.69	18.09	1	1	1	1
20230323120332	17.4	0.24	-52.52	16.69	18.09	1	1	1	1
20230323120333	17.4	0.18	-54.93	16.69	18.09	1	1	1	1
20230323120334	17.39	0.18	-54.94	16.69	18.09	1	1	1	1
20230323120335	17.4	0.1	-59.67	16.68	18.09	1	1	1	1
20230323120336	17.42	0.2	-54.05	16.69	18.09	1	1	1	1
20230323120337	17.42	0.18	-54.92	16.69	18.09	1	1	1	1
20230323120338	17.42	0.18	-54.92	16.68	18.09	1	1	1	1
20230323120339	17.4	0.2	-54.06	16.69	18.09	1	1	1	1
20230323120340	17.43	0.14	-56.97	16.69	18.09	1	1	1	1
20230323120341	17.44	0.16	-55.88	16.69	18.09	1	1	1	1
20230323120343	17.43	0.2	-54.04	16.69	18.09	1	1	1	1
20230323120344	17.43	0.26	-51.82	16.68	18.09	1	1	1	1
20230323120345	17.42	0.24	-52.51	16.69	18.09	1	1	1	1
20230323120346	17.47	0.18	-54.89	16.69	18.09	1	1	1	1
20230323120347	17.44	0.16	-55.88	16.69	18.09	1	1	1	1
20230323120348	17.43	0.2	-54.04	16.69	18.11	1	1	1	1
20230323120349	17.44	0.22	-53.24	16.7	18.11	1	1	1	1
20230323120350	17.47	0.12	-58.19	16.7	18.09	1	1	1	1
20230323120351	17.44	0.2	-54.03	16.69	18.09	1	1	1	1
20230323120352	17.46	0.18	-54.9	16.69	18.09	1	1	1	1
20230323120353	17.46	0.22	-53.23	16.69	18.09	1	1	1	1
20230323120354	17.44	0.16	-55.88	16.69	18.1	1	1	1	1
20230323120355	17.47	0.24	-52.48	16.69	18.09	1	1	1	1
20230323120356	17.47	0.18	-54.89	16.69	18.1	1	1	1	1
20230323120357	17.49	0.2	-54.01	16.69	18.09	1	1	1	1
20230323120358	17.47	0.16	-55.86	16.7	18.1	1	1	1	1
20230323120359	17.47	0.16	-55.86	16.69	18.09	1	1	1	1
20230323120400	17.49	0.2	-54.01	16.69	18.11	1	1	1	1
20230323120401	17.49	0.12	-58.18	16.69	18.1	1	1	1	1
20230323120402	17.49	0.12	-58.18	16.7	18.1	1	1	1	1
20230323120403	17.52	0.12	-58.16	16.69	18.11	1	1	1	1
20230323120405	17.5	0.2	-54.0	16.69	18.1	1	1	1	1
20230323120406	17.5	0.24	-52.47	16.7	18.11	1	1	1	1
20230323120407	17.52	0.14	-56.92	16.7	18.1	1	1	1	1
20230323120408	17.52	0.18	-54.87	16.7	18.1	1	1	1	1
20230323120409	17.49	0.16	-55.85	16.7	18.1	1	1	1	1
20230323120410	17.52	0.16	-55.84	16.7	18.1	1	1	1	1
20230323120411	17.52	0.2	-53.99	16.72	18.12	1	1	1	1
20230323120412	17.53	0.16	-55.83	16.71	18.12	1	1	1	1
20230323120413	17.53	0.14	-56.92	16.7	18.1	1	1	1	1
20230323120414	17.53	0.2	-53.99	16.7	18.1	1	1	1	1
20230323120415	17.54	0.14	-56.91	16.7	18.11	1	1	1	1
20230323120416	17.56	0.16	-55.82	16.72	18.12	1	1	1	1
20230323120417	17.54	0.16	-55.83	16.71	18.12	1	1	1	1
20230323120418	17.54	0.1	-59.6	16.71	18.11	1	1	1	1
20230323120419	17.54	0.16	-55.83	16.7	18.11	1	1	1	1
20230323120420	17.57	0.12	-58.14	16.71	18.11	1	1	1	1
20230323120421	17.53	0.16	-55.83	16.7	18.11	1	1	1	1
20230323120422	17.54	0.16	-55.83	16.71	18.11	1	1	1	1
20230323120423	17.56	0.11	-58.84	16.71	18.11	1	1	1	1
20230323120424	17.56	0.22	-53.17	16.71	18.11	1	1	1	1
20230323120425	17.56	0.14	-56.9	16.71	18.11	1	1	1	1
20230323120427	17.56	0.12	-58.14	16.71	18.12	1	1	1	1
20230323120428	17.56	0.12	-58.14	16.72	18.12	1	1	1	1
20230323120429	17.56	0.24	-52.44	16.71	18.11	1	1	1	1
20230323120430	17.58	0.18	-54.84	16.71	18.12	1	1	1	1
20230323120431	17.54	0.12	-58.15	16.71	18.11	1	1	1	1
20230323120432	17.57	0.09	-60.41	16.71	18.11	1	1	1	1
20230323120433	17.58	0.18	-54.84	16.72	18.12	1	1	1	1
20230323120434	17.58	0.16	-55.81	16.71	18.12	1	1	1	1
20230323120435	17.56	0.14	-56.9	16.71	18.11	1	1	1	1
20230323120436	17.6	0.16	-55.8	16.7	18.11	1	1	1	1
20230323120437	17.58	0.12	-58.13	16.71	18.11	1	1	1	1
20230323120438	17.6	0.16	-55.8	16.7	18.11	1	1	1	1
20230323120439	17.6	0.15	-56.32	16.71	18.11	1	1	1	1
20230323120440	17.61	0.15	-56.32	16.7	18.11	1	1	1	1
20230323120441	17.6	0.16	-55.8	16.71	18.11	1	1	1	1
20230323120442	17.6	0.18	-54.83	16.72	18.12	1	1	1	1
20230323120443	17.6	0.11	-58.82	16.71	18.11	1	1	1	1
20230323120444	17.6	0.16	-55.8	16.71	18.11	1	1	1	1
20230323120445	17.61	0.15	-56.32	16.71	18.12	1	1	1	1
20230323120446	17.63	0.16	-55.78	16.71	18.11	1	1	1	1
20230323120447	17.61	0.15	-56.32	16.71	18.11	1	1	1	1
20230323120449	17.63	0.18	-54.81	16.71	18.11	1	1	1	1
20230323120450	17.64	0.13	-57.46	16.72	18.11	1	1	1	1
20230323120451	17.64	0.15	-56.3	16.72	18.11	1	1	1	1
20230323120452	17.61	0.15	-56.32	16.72	18.12	1	1	1	1
20230323120453	17.63	0.16	-55.78	16.72	18.12	1	1	1	1
20230323120454	17.63	0.09	-60.38	16.72	18.12	1	1	1	1
20230323120455	17.64	0.17	-55.28	16.72	18.12	1	1	1	1
20230323120456	17.64	0.17	-55.28	16.72	18.13	1	1	1	1
20230323120457	17.65	0.15	-56.3	16.73	18.12	1	1	1	1
20230323120458	17.64	0.17	-55.28	16.72	18.12	1	1	1	1
20230323120459	17.64	0.15	-56.3	16.73	18.13	1	1	1	1
20230323120500	17.64	0.18	-54.81	16.73	18.13	1	1	1	1
20230323120501	17.67	0.13	-57.45	16.73	18.13	1	1	1	1
20230323120502	17.65	0.13	-57.46	16.73	18.12	1	1	1	1
20230323120503	17.65	0.15	-56.3	16.73	18.13	1	1	1	1
20230323120504	17.65	0.15	-56.3	16.73	18.13	1	1	1	1
20230323120505	17.65	0.15	-56.3	16.73	18.12	1	1	1	1
20230323120506	17.65	0.17	-55.27	16.73	18.13	1	1	1	1
20230323120507	17.68	0.18	-54.78	16.73	18.13	1	1	1	1
20230323120508	17.68	0.11	-58.78	16.73	18.15	1	1	1	1
20230323120509	17.67	0.21	-53.51	16.73	18.13	1	1	1	1
20230323120511	17.67	0.21	-53.51	16.73	18.13	1	1	1	1
20230323120512	17.67	0.11	-58.78	16.73	18.15	1	1	1	1
20230323120513	17.67	0.18	-54.79	16.73	18.13	1	1	1	1
20230323120514	17.68	0.13	-57.44	16.73	18.15	1	1	1	1
20230323120515	17.68	0.17	-55.26	16.73	18.15	1	1	1	1
20230323120516	17.7	0.15	-56.27	16.73	18.13	1	1	1	1
20230323120517	17.7	0.15	-56.27	16.73	18.15	1	1	1	1
20230323120518	17.7	0.17	-55.25	16.73	18.15	1	1	1	1
20230323120519	17.71	0.11	-58.76	16.73	18.15	1	1	1	1
20230323120520	17.67	0.21	-53.51	16.73	18.15	1	1	1	1
20230323120521	17.7	0.09	-60.34	16.73	18.13	1	1	1	1
20230323120522	17.7	0.11	-58.77	16.73	18.15	1	1	1	1
20230323120523	17.71	0.17	-55.24	16.73	18.15	1	1	1	1
20230323120524	17.73	0.09	-60.33	16.73	18.15	1	1	1	1
20230323120525	17.71	0.17	-55.24	16.73	18.15	1	1	1	1
20230323120526	17.74	0.13	-57.41	16.76	18.16	1	1	1	1
20230323120527	17.71	0.09	-60.34	16.73	18.15	1	1	1	1
20230323120528	17.7	0.19	-54.33	16.73	18.15	1	1	1	1
20230323120529	17.73	0.23	-52.71	16.73	18.13	1	1	1	1
20230323120530	17.7	0.13	-57.43	16.73	18.15	1	1	1	1
20230323120532	17.76	0.13	-57.4	16.73	18.15	1	1	1	1
20230323120533	17.73	0.17	-55.23	16.73	18.15	1	1	1	1
20230323120534	17.71	0.09	-60.34	16.73	18.13	1	1	1	1
20230323120535	17.73	0.13	-57.42	16.73	18.15	1	1	1	1
20230323120536	17.74	0.21	-53.47	16.73	18.15	1	1	1	1
20230323120537	17.74	0.15	-56.25	16.73	18.15	1	1	1	1
20230323120538	17.71	0.17	-55.24	16.73	18.15	1	1	1	1
20230323120539	17.73	0.07	-62.27	16.76	18.15	1	1	1	1
20230323120540	17.73	0.15	-56.26	16.76	18.15	1	1	1	1
20230323120541	17.73	0.13	-57.42	16.73	18.15	1	1	1	1
20230323120542	17.76	0.17	-55.22	16.76	18.16	1	1	1	1
20230323120543	17.76	0.19	-54.29	16.73	18.15	1	1	1	1
20230323120544	17.76	0.11	-58.74	16.73	18.13	1	1	1	1
20230323120545	17.77	0.13	-57.4	16.73	18.13	1	1	1	1
20230323120546	17.77	0.17	-55.21	16.73	18.15	1	1	1	1
20230323120547	17.74	0.11	-58.75	16.74	18.15	1	1	1	1
20230323120548	17.76	0.17	-55.22	16.73	18.15	1	1	1	1
20230323120549	17.74	0.15	-56.25	16.74	18.15	1	1	1	1
20230323120550	17.73	0.13	-57.42	16.73	18.15	1	1	1	1
20230323120551	17.76	0.11	-58.74	16.74	18.15	1	1	1	1
20230323120552	17.76	0.15	-56.24	16.74	18.15	1	1	1	1
20230323120554	17.78	0.21	-53.45	16.76	18.16	1	1	1	1
20230323120555	17.77	0.17	-55.21	16.74	18.15	1	1	1	1
20230323120556	17.77	0.11	-58.73	16.74	18.15	1	1	1	1
20230323120557	17.76	0.13	-57.4	16.76	18.16	1	1	1	1
20230323120558	17.76	0.11	-58.74	16.74	18.15	1	1	1	1
20230323120559	17.76	0.11	-58.74	16.74	18.15	1	1	1	1
20230323120600	17.77	0.13	-57.4	16.74	18.15	1	1	1	1
20230323120601	17.8	0.09	-60.3	16.74	18.15	1	1	1	1
20230323120602	17.77	0.11	-58.73	16.77	18.16	1	1	1	1
20230323120603	17.8	0.21	-53.44	16.76	18.15	1	1	1	1
20230323120604	17.77	0.09	-60.31	16.76	18.15	1	1	1	1
20230323120605	17.77	0.11	-58.73	16.76	18.15	1	1	1	1
20230323120606	17.77	0.15	-56.24	16.76	18.15	1	1	1	1
20230323120607	17.8	0.11	-58.72	16.76	18.15	1	1	1	1
20230323120608	17.8	0.09	-60.3	16.77	18.15	1	1	1	1
20230323120609	17.8	0.11	-58.72	16.76	18.15	1	1	1	1
20230323120610	17.8	0.15	-56.22	16.76	18.15	1	1	1	1
20230323120611	17.8	0.15	-56.22	16.76	18.15	1	1	1	1
20230323120612	17.8	0.11	-58.72	16.76	18.15	1	1	1	1
20230323120613	17.81	0.17	-55.19	16.76	18.16	1	1	1	1
20230323120614	17.82	0.07	-62.23	16.76	18.16	1	1	1	1
20230323120616	17.8	0.13	-57.38	16.76	18.16	1	1	1	1
20230323120617	17.81	0.15	-56.22	16.76	18.16	1	1	1	1
20230323120618	17.8	0.13	-57.38	16.76	18.16	1	1	1	1
20230323120619	17.81	0.13	-57.38	16.74	18.16	1	1	1	1
20230323120620	17.81	0.15	-56.22	16.76	18.15	1	1	1	1
20230323120621	17.81	0.19	-54.27	16.76	18.16	1	1	1	1
20230323120622	17.82	0.17	-55.18	16.76	18.23	1	1	1	1
20230323120623	17.81	0.11	-58.71	16.76	18.29	1	1	1	1
20230323120624	17.82	0.13	-57.37	16.78	18.32	1	1	1	1
20230323120625	17.78	0.17	-55.21	16.77	18.32	1	1	1	1
20230323120626	17.8	0.09	-60.3	16.77	18.33	1	1	1	1
20230323120627	17.81	0.19	-54.27	16.77	18.33	1	1	1	1
20230323120628	17.8	0.13	-57.38	16.77	18.36	1	1	1	1
20230323120629	17.81	0.13	-57.38	16.77	18.34	1	1	1	1
20230323120630	17.82	0.13	-57.37	16.77	18.34	1	1	1	1
20230323120631	17.84	0.09	-60.28	16.77	18.34	1	1	1	1
20230323120632	17.82	0.13	-57.37	16.77	18.34	1	1	1	1
20230323120633	17.81	0.11	-58.71	16.77	18.36	1	1	1	1
20230323120634	17.84	0.17	-55.17	16.77	18.34	1	1	1	1
20230323120635	17.81	0.17	-55.19	16.77	18.36	1	1	1	1
20230323120636	17.82	0.15	-56.21	16.77	18.36	1	1	1	1
20230323120638	17.82	0.13	-57.37	16.77	18.36	1	1	1	1
20230323120639	17.82	0.07	-62.23	16.78	18.36	1	1	1	1
20230323120640	17.85	0.15	-56.2	16.78	18.36	1	1	1	1
20230323120641	17.81	0.07	-62.23	16.77	18.36	1	1	1	1
20230323120642	17.82	0.11	-58.71	16.78	18.36	1	1	1	1
20230323120643	17.82	0.09	-60.29	16.77	18.37	1	1	1	1
20230323120644	17.81	0.13	-57.38	16.78	18.37	1	1	1	1
20230323120645	17.82	0.11	-58.71	16.78	18.37	1	1	1	1
20230323120646	17.82	0.09	-60.29	16.79	18.38	1	1	1	1
20230323120647	17.82	0.11	-58.71	16.78	18.36	1	1	1	1
20230323120648	17.81	0.15	-56.22	16.78	18.37	1	1	1	1
20230323120649	17.84	0.07	-62.22	16.78	18.37	1	1	1	1
20230323120650	17.82	0.07	-62.23	16.78	18.37	1	1	1	1
20230323120651	17.84	0.11	-58.7	16.78	18.37	1	1	1	1
20230323120652	17.82	0.11	-58.71	16.78	18.37	1	1	1	1
20230323120653	17.82	0.13	-57.37	16.78	18.37	1	1	1	1
20230323120654	17.82	0.15	-56.21	16.78	18.38	1	1	1	1
20230323120655	17.84	0.11	-58.7	16.78	18.38	1	1	1	1
20230323120656	17.85	0.17	-55.17	16.78	18.37	1	1	1	1
20230323120657	17.85	0.11	-58.69	16.78	18.38	1	1	1	1
20230323120658	17.84	0.15	-56.2	16.78	18.38	1	1	1	1
20230323120700	17.85	0.07	-62.21	16.78	18.38	1	1	1	1
20230323120701	17.85	0.13	-57.36	16.78	18.38	1	1	1	1
20230323120702	17.82	0.13	-57.37	16.78	18.38	1	1	1	1
20230323120703	17.85	0.11	-58.69	16.78	18.38	1	1	1	1
20230323120704	17.85	0.01	-75.95	16.78	18.38	1	1	1	1
20230323120705	17.84	0.19	-54.25	16.78	18.39	1	1	1	1
20230323120706	17.87	0.17	-55.16	16.78	18.38	1	1	1	1
20230323120707	17.85	0.09	-60.27	16.78	18.38	1	1	1	1
20230323120708	17.87	0.11	-58.68	16.78	18.38	1	1	1	1
20230323120709	17.87	0.13	-57.35	16.8	18.39	1	1	1	1
20230323120710	17.85	0.13	-57.36	16.78	18.38	1	1	1	1
20230323120711	17.87	0.13	-57.35	16.78	18.38	1	1	1	1
20230323120712	17.85	0.11	-58.69	16.78	18.38	1	1	1	1
20230323120713	17.82	0.09	-60.29	16.78	18.38	1	1	1	1
20230323120714	17.84	0.07	-62.22	16.78	18.38	1	1	1	1
20230323120715	17.87	0.07	-62.2	16.78	18.38	1	1	1	1
20230323120716	17.85	0.11	-58.69	16.8	18.39	1	1	1	1
20230323120717	17.88	0.17	-55.15	16.78	18.38	1	1	1	1
20230323120718	17.85	0.13	-57.36	16.8	18.37	1	1	1	1
20230323120719	17.87	0.13	-57.35	16.8	18.38	1	1	1	1
20230323120721	17.87	0.03	-68.45	16.78	18.38	1	1	1	1
20230323120722	17.85	0.11	-58.69	16.78	18.38	1	1	1	1
20230323120723	17.87	0.11	-58.68	16.78	18.37	1	1	1	1
20230323120724	17.87	0.11	-58.68	16.78	18.38	1	1	1	1
20230323120725	17.87	0.11	-58.68	16.78	18.38	1	1	1	1
20230323120726	17.85	0.03	-68.46	16.78	18.38	1	1	1	1
20230323120727	17.89	0.11	-58.67	16.78	18.38	1	1	1	1
20230323120728	17.88	0.07	-62.2	16.78	18.37	1	1	1	1
20230323120729	17.85	0.09	-60.27	16.78	18.38	1	1	1	1
20230323120730	17.85	0.07	-62.21	16.8	18.38	1	1	1	1
20230323120731	17.87	0.11	-58.68	16.8	18.38	1	1	1	1
20230323120732	17.87	0.15	-56.18	16.78	18.38	1	1	1	1
20230323120733	17.87	0.13	-57.35	16.78	18.38	1	1	1	1
20230323120734	17.87	0.05	-64.74	16.78	18.38	1	1	1	1
20230323120735	17.88	0.16	-55.65	16.78	18.37	1	1	1	1
20230323120736	17.89	0.13	-57.33	16.8	18.39	1	1	1	1
20230323120737	17.88	0.11	-58.68	16.78	18.38	1	1	1	1
20230323120738	17.88	0.16	-55.65	16.78	18.38	1	1	1	1
20230323120739	17.88	0.16	-55.65	16.8	18.38	1	1	1	1
20230323120740	17.88	0.11	-58.68	16.78	18.38	1	1	1	1
20230323120741	17.89	0.16	-55.65	16.8	18.39	1	1	1	1
20230323120743	17.89	0.03	-68.44	16.79	18.39	1	1	1	1
20230323120744	17.88	0.13	-57.34	16.79	18.38	1	1	1	1
20230323120745	17.88	0.07	-62.2	16.79	18.38	1	1	1	1
20230323120746	17.88	0.11	-58.68	16.79	18.38	1	1	1	1
20230323120747	17.89	0.11	-58.67	16.8	18.39	1	1	1	1
20230323120748	17.89	0.13	-57.33	16.79	18.39	1	1	1	1
20230323120749	17.93	0.1	-59.41	16.79	18.39	1	1	1	1
20230323120750	17.91	0.11	-58.66	16.79	18.38	1	1	1	1
20230323120751	17.89	0.1	-59.43	16.79	18.4	1	1	1	1
20230323120752	17.88	0.13	-57.34	16.79	18.38	1	1	1	1
20230323120753	17.88	0.11	-58.68	16.8	18.4	1	1	1	1
20230323120754	17.91	0.13	-57.32	16.8	18.39	1	1	1	1
20230323120755	17.91	0.1	-59.42	16.8	18.39	1	1	1	1
20230323120756	17.91	0.07	-62.18	16.79	18.39	1	1	1	1
20230323120757	17.89	0.07	-62.19	16.79	18.39	1	1	1	1
20230323120758	17.89	0.05	-64.73	16.8	18.38	1	1	1	1
20230323120759	17.91	0.11	-58.66	16.79	18.39	1	1	1	1
20230323120800	17.93	0.13	-57.31	16.79	18.39	1	1	1	1
20230323120801	17.93	0.16	-55.63	16.79	18.39	1	1	1	1
20230323120802	17.89	0.11	-58.67	16.79	18.39	1	1	1	1
20230323120803	17.88	0.13	-57.34	16.79	18.39	1	1	1	1
20230323120805	17.91	0.13	-57.32	16.79	18.39	1	1	1	1
20230323120806	17.89	0.05	-64.73	16.79	18.4	1	1	1	1
20230323120807	17.93	0.13	-57.31	16.79	18.39	1	1	1	1
20230323120808	17.89	0.17	-55.15	16.79	18.39	1	1	1	1
20230323120809	17.91	0.07	-62.18	16.79	18.39	1	1	1	1
20230323120810	17.93	0.11	-58.65	16.78	18.39	1	1	1	1
20230323120811	17.91	0.11	-58.66	16.79	18.39	1	1	1	1
20230323120812	17.93	0.11	-58.65	16.79	18.39	1	1	1	1
20230323120813	17.91	0.1	-59.42	16.79	18.39	1	1	1	1
20230323120814	17.91	0.1	-59.42	16.8	18.4	1	1	1	1
20230323120815	17.94	0.1	-59.4	16.8	18.4	1	1	1	1
20230323120816	17.91	0.1	-59.42	16.78	18.39	1	1	1	1
20230323120817	17.93	0.16	-55.63	16.79	18.39	1	1	1	1
20230323120818	17.93	0.11	-58.65	16.79	18.38	1	1	1	1
20230323120819	17.93	0.07	-62.17	16.79	18.38	1	1	1	1
20230323120820	17.91	0.11	-58.66	16.79	18.39	1	1	1	1
20230323120821	17.93	0.11	-58.65	16.79	18.38	1	1	1	1
20230323120822	17.91	0.11	-58.66	16.79	18.38	1	1	1	1
20230323120823	17.94	0.1	-59.4	16.79	18.38	1	1	1	1
20230323120824	17.93	0.1	-59.41	16.79	18.38	1	1	1	1
20230323120825	17.93	0.11	-58.65	16.79	18.39	1	1	1	1
20230323120827	17.93	0.06	-63.34	16.79	18.38	1	1	1	1
20230323120828	17.94	0.13	-57.31	16.78	18.39	1	1	1	1
20230323120829	17.94	0.16	-55.62	16.8	18.38	1	1	1	1
20230323120830	17.93	0.17	-55.13	16.79	18.39	1	1	1	1
20230323120831	17.93	0.1	-59.41	16.79	18.38	1	1	1	1
20230323120832	17.94	0.06	-63.34	16.8	18.38	1	1	1	1
20230323120833	17.93	0.06	-63.34	16.79	18.39	1	1	1	1
20230323120834	17.94	0.16	-55.62	16.79	18.38	1	1	1	1
20230323120835	17.96	0.1	-59.39	16.79	18.38	1	1	1	1
20230323120836	17.94	0.03	-68.42	16.79	18.39	1	1	1	1
20230323120837	17.94	0.13	-57.31	16.8	18.39	1	1	1	1
20230323120838	17.94	0.16	-55.62	16.8	18.39	1	1	1	1
20230323120839	17.96	0.07	-62.16	16.8	18.38	1	1	1	1
20230323120840	17.94	0.03	-68.42	16.8	18.39	1	1	1	1
20230323120841	17.94	0.06	-63.34	16.8	18.39	1	1	1	1
20230323120842	17.93	0.13	-57.31	16.8	18.39	1	1	1	1
20230323120843	17.94	0.19	-54.2	16.8	18.38	1	1	1	1
20230323120844	17.97	0.07	-62.15	16.8	18.39	1	1	1	1
20230323120845	17.96	0.03	-68.41	16.8	18.39	1	1	1	1
20230323120846	17.94	0.07	-62.17	16.8	18.39	1	1	1	1
20230323120847	17.94	0.1	-59.4	16.8	18.39	1	1	1	1
20230323120849	17.94	0.16	-55.62	16.8	18.39	1	1	1	1
20230323120850	17.93	0.1	-59.41	16.81	18.4	1	1	1	1
20230323120851	17.94	0.12	-57.95	16.8	18.39	1	1	1	1
20230323120852	17.96	0.12	-57.94	16.8	18.39	1	1	1	1
20230323120853	17.96	0.12	-57.94	16.81	18.39	1	1	1	1
20230323120854	17.94	0.03	-68.42	16.8	18.39	1	1	1	1
20230323120855	17.96	0.07	-62.16	16.8	18.39	1	1	1	1
20230323120856	17.94	0.06	-63.34	16.8	18.39	1	1	1	1
20230323120857	17.96	0.12	-57.94	16.81	18.39	1	1	1	1
20230323120858	17.96	0.13	-57.3	16.8	18.39	1	1	1	1
20230323120859	17.96	0.12	-57.94	16.81	18.4	1	1	1	1
20230323120900	17.97	0.12	-57.94	16.81	18.4	1	1	1	1
20230323120901	17.93	0.06	-63.34	16.8	18.4	1	1	1	1
20230323120902	17.96	0.07	-62.16	16.81	18.4	1	1	1	1
20230323120903	17.98	0.12	-57.93	16.8	18.39	1	1	1	1
20230323120904	17.97	0.13	-57.29	16.81	18.39	1	1	1	1
20230323120905	17.97	0.07	-62.15	16.79	18.38	1	1	1	1
20230323120906	17.96	0.07	-62.16	16.79	18.39	1	1	1	1
20230323120907	17.96	0.06	-63.33	16.8	18.38	1	1	1	1
20230323120908	17.96	0.13	-57.3	16.79	18.38	1	1	1	1
20230323120910	17.97	0.13	-57.29	16.79	18.38	1	1	1	1
20230323120911	17.96	0.12	-57.94	16.8	18.39	1	1	1	1
20230323120912	17.96	0.16	-55.61	16.79	18.38	1	1	1	1
20230323120913	17.94	0.13	-57.31	16.79	18.38	1	1	1	1
20230323120914	17.97	0.16	-55.61	16.8	18.4	1	1	1	1
20230323120915	17.98	0.13	-57.29	16.79	18.38	1	1	1	1
20230323120916	17.97	0.07	-62.15	16.79	18.38	1	1	1	1
20230323120917	17.97	0.06	-63.32	16.8	18.39	1	1	1	1
20230323120918	17.97	0.13	-57.29	16.79	18.38	1	1	1	1
20230323120919	17.96	0.12	-57.94	16.79	18.38	1	1	1	1
20230323120920	17.97	0.1	-59.39	16.79	18.39	1	1	1	1
20230323120921	17.96	0.1	-59.39	16.79	18.38	1	1	1	1
20230323120922	17.97	0.06	-63.32	16.8	18.4	1	1	1	1
20230323120923	17.98	0.13	-57.29	16.8	18.39	1	1	1	1
20230323120924	17.96	0.12	-57.94	16.8	18.39	1	1	1	1
20230323120925	17.98	0.08	-61.12	16.8	18.38	1	1	1	1
20230323120926	18.01	0.1	-59.37	16.79	18.38	1	1	1	1
20230323120927	17.97	0.12	-57.94	16.8	18.38	1	1	1	1
20230323120928	17.97	0.07	-62.15	16.81	18.4	1	1	1	1
20230323120929	17.96	0.0	-89.69	16.8	18.38	1	1	1	1
20230323120930	17.98	0.06	-63.32	16.8	18.39	1	1	1	1
20230323120932	17.97	0.07	-62.15	16.8	18.39	1	1	1	1
20230323120933	18.0	0.1	-59.37	16.8	18.39	1	1	1	1
20230323120934	17.98	0.1	-59.38	16.8	18.38	1	1	1	1
20230323120935	18.0	0.14	-56.68	16.8	18.38	1	1	1	1
20230323120936	17.98	0.13	-57.29	16.8	18.39	1	1	1	1
20230323120937	18.0	0.12	-57.92	16.8	18.39	1	1	1	1
20230323120938	17.97	0.13	-57.29	16.8	18.39	1	1	1	1
20230323120939	17.97	0.16	-55.61	16.8	18.39	1	1	1	1
20230323120940	17.98	0.12	-57.93	16.8	18.39	1	1	1	1
20230323120941	17.97	0.07	-62.15	16.8	18.39	1	1	1	1
20230323120942	18.0	0.1	-59.37	16.8	18.39	1	1	1	1
20230323120943	17.97	0.12	-57.94	16.8	18.39	1	1	1	1
20230323120944	18.0	0.1	-59.37	16.81	18.4	1	1	1	1
20230323120945	17.98	0.13	-57.29	16.81	18.4	1	1	1	1
20230323120946	17.97	0.06	-63.32	16.8	18.39	1	1	1	1
20230323120947	18.0	0.06	-63.31	16.81	18.39	1	1	1	1
20230323120948	18.0	0.12	-57.92	16.81	18.39	1	1	1	1
20230323120949	17.97	0.12	-57.94	16.8	18.39	1	1	1	1
20230323120950	17.97	0.06	-63.32	16.8	18.39	1	1	1	1
20230323120951	17.97	0.12	-57.94	16.8	18.39	1	1	1	1
20230323120952	17.98	0.1	-59.38	16.8	18.39	1	1	1	1
20230323120954	17.97	0.1	-59.39	16.79	18.38	1	1	1	1
20230323120955	17.98	0.12	-57.93	16.8	18.39	1	1	1	1
20230323120956	17.98	0.1	-59.38	16.8	18.39	1	1	1	1
20230323120957	17.97	0.16	-55.61	16.79	18.39	1	1	1	1
20230323120958	18.0	0.04	-66.32	16.79	18.39	1	1	1	1
20230323120959	18.03	0.06	-63.3	16.79	18.39	1	1	1	1
20230323121000	18.01	0.14	-56.67	16.8	18.38	1	1	1	1
20230323121001	17.97	0.06	-63.32	16.8	18.39	1	1	1	1
20230323121002	17.98	0.06	-63.32	16.79	18.39	1	1	1	1
20230323121003	17.98	0.08	-61.12	16.79	18.39	1	1	1	1
20230323121004	17.98	0.0	-89.69	16.79	18.39	1	1	1	1
20230323121005	18.0	0.1	-59.37	16.79	18.38	1	1	1	1
20230323121006	18.01	0.18	-54.61	16.8	18.39	1	1	1	1
20230323121007	17.98	0.06	-63.32	16.79	18.39	1	1	1	1
20230323121008	17.98	0.08	-61.12	16.79	18.39	1	1	1	1
20230323121009	17.97	0.0	-89.69	16.8	18.38	1	1	1	1
20230323121010	17.98	0.1	-59.38	16.79	18.38	1	1	1	1
20230323121011	18.0	0.16	-55.59	16.79	18.38	1	1	1	1
20230323121012	17.98	0.08	-61.12	16.79	18.38	1	1	1	1
20230323121013	17.97	0.06	-63.32	16.79	18.38	1	1	1	1
20230323121014	18.0	0.1	-59.37	16.8	18.39	1	1	1	1
20230323121016	18.0	0.1	-59.37	16.8	18.38	1	1	1	1
20230323121017	18.0	0.06	-63.31	16.79	18.39	1	1	1	1
20230323121018	17.96	0.18	-54.64	16.79	18.38	1	1	1	1
20230323121019	17.98	0.1	-59.38	16.79	18.38	1	1	1	1
20230323121020	17.98	0.08	-61.12	16.8	18.38	1	1	1	1
20230323121021	17.98	0.04	-66.33	16.8	18.39	1	1	1	1
20230323121022	18.0	0.19	-54.17	16.79	18.38	1	1	1	1
20230323121023	17.98	0.06	-63.32	16.8	18.39	1	1	1	1
20230323121024	18.0	0.04	-66.32	16.8	18.39	1	1	1	1
20230323121025	17.98	0.1	-59.38	16.8	18.39	1	1	1	1
20230323121026	18.01	0.08	-61.11	16.8	18.38	1	1	1	1
20230323121027	17.98	0.08	-61.12	16.83	18.39	1	1	1	1
20230323121028	18.0	0.1	-59.37	16.8	18.38	1	1	1	1
20230323121029	18.0	0.06	-63.31	16.8	18.39	1	1	1	1
20230323121030	17.98	0.1	-59.38	16.81	18.38	1	1	1	1
20230323121031	18.0	0.14	-56.68	16.8	18.39	1	1	1	1
20230323121032	17.98	0.13	-57.29	16.8	18.39	1	1	1	1
20230323121033	18.0	0.12	-57.92	16.81	18.39	1	1	1	1
20230323121034	18.0	0.1	-59.37	16.81	18.39	1	1	1	1
20230323121035	18.01	0.12	-57.92	16.81	18.39	1	1	1	1
20230323121037	18.01	0.1	-59.37	16.81	18.39	1	1	1	1
20230323121038	18.0	0.12	-57.92	16.8	18.39	1	1	1	1
20230323121039	18.01	0.06	-63.31	16.8	18.39	1	1	1	1
20230323121040	17.98	0.12	-57.93	16.81	18.39	1	1	1	1
20230323121041	18.0	0.1	-59.37	16.81	18.39	1	1	1	1
20230323121042	17.98	0.04	-66.33	16.8	18.39	1	1	1	1
20230323121043	18.01	0.12	-57.92	16.81	18.39	1	1	1	1
20230323121044	18.01	0.16	-55.58	16.8	18.39	1	1	1	1
20230323121045	18.03	0.12	-57.91	16.8	18.39	1	1	1	1
20230323121046	18.0	0.14	-56.68	16.8	18.39	1	1	1	1
20230323121047	18.0	0.14	-56.68	16.8	18.39	1	1	1	1
20230323121048	18.0	0.1	-59.37	16.83	18.39	1	1	1	1
20230323121049	18.01	0.06	-63.31	16.81	18.39	1	1	1	1
20230323121050	18.01	0.12	-57.92	16.81	18.4	1	1	1	1
20230323121051	18.01	0.06	-63.31	16.83	18.39	1	1	1	1
20230323121052	18.03	0.14	-56.66	16.8	18.39	1	1	1	1
20230323121053	18.03	0.06	-63.3	16.8	18.39	1	1	1	1
20230323121054	18.01	0.06	-63.31	16.8	18.39	1	1	1	1
20230323121055	18.01	0.12	-57.92	16.8	18.39	1	1	1	1
20230323121056	18.01	0.1	-59.37	16.8	18.39	1	1	1	1
20230323121057	18.01	0.1	-59.37	16.8	18.39	1	1	1	1
20230323121059	18.01	0.08	-61.11	16.8	18.39	1	1	1	1
20230323121100	18.0	0.1	-59.37	16.81	18.4	1	1	1	1
20230323121101	18.01	0.08	-61.11	16.79	18.39	1	1	1	1
20230323121102	18.03	0.12	-57.91	16.79	18.38	1	1	1	1
20230323121103	18.03	0.06	-63.3	16.79	18.38	1	1	1	1
20230323121104	18.0	0.1	-59.37	16.8	18.38	1	1	1	1
20230323121105	18.04	0.14	-56.66	16.8	18.38	1	1	1	1
20230323121106	18.03	0.08	-61.1	16.81	18.38	1	1	1	1
20230323121107	18.01	0.04	-66.31	16.8	18.38	1	1	1	1
20230323121108	18.03	0.0	-89.67	16.8	18.39	1	1	1	1
20230323121109	18.01	0.16	-55.58	16.79	18.38	1	1	1	1
20230323121110	18.0	0.08	-61.11	16.8	18.39	1	1	1	1
20230323121111	18.01	0.14	-56.67	16.79	18.38	1	1	1	1
20230323121112	18.04	0.04	-66.3	16.81	18.39	1	1	1	1
20230323121113	18.0	0.14	-56.68	16.8	18.38	1	1	1	1
20230323121114	18.03	0.06	-63.3	16.8	18.38	1	1	1	1
20230323121115	18.03	0.14	-56.66	16.8	18.38	1	1	1	1
20230323121116	18.03	0.06	-63.3	16.8	18.38	1	1	1	1
20230323121117	18.04	0.06	-63.29	16.8	18.4	1	1	1	1
20230323121118	18.03	0.04	-66.31	16.8	18.38	1	1	1	1
20230323121119	18.04	0.08	-61.09	16.8	18.38	1	1	1	1
20230323121121	18.01	0.04	-66.31	16.8	18.39	1	1	1	1
20230323121122	18.0	0.12	-57.92	16.81	18.4	1	1	1	1
20230323121123	18.03	0.12	-57.91	16.8	18.39	1	1	1	1
20230323121124	18.04	0.08	-61.09	16.8	18.39	1	1	1	1
20230323121125	18.03	0.08	-61.1	16.8	18.39	1	1	1	1
20230323121126	18.04	0.08	-61.09	16.8	18.39	1	1	1	1
20230323121127	18.01	0.14	-56.67	16.81	18.4	1	1	1	1
20230323121128	18.01	0.12	-57.92	16.8	18.39	1	1	1	1
20230323121129	18.05	0.12	-57.9	16.81	18.38	1	1	1	1
20230323121130	18.01	0.06	-63.31	16.81	18.39	1	1	1	1
20230323121131	18.01	0.06	-63.31	16.81	18.39	1	1	1	1
20230323121132	18.01	0.12	-57.92	16.8	18.39	1	1	1	1
20230323121133	18.03	0.06	-63.3	16.81	18.39	1	1	1	1
20230323121134	18.03	0.12	-57.91	16.83	18.4	1	1	1	1
20230323121135	18.03	0.12	-57.91	16.81	18.4	1	1	1	1
20230323121136	18.03	0.08	-61.1	16.81	18.39	1	1	1	1
20230323121137	18.03	0.08	-61.1	16.81	18.39	1	1	1	1
20230323121138	18.03	0.08	-61.1	16.81	18.39	1	1	1	1
20230323121139	18.03	0.06	-63.3	16.81	18.39	1	1	1	1
20230323121140	18.03	0.14	-56.66	16.81	18.4	1	1	1	1
20230323121142	18.04	0.12	-57.9	16.8	18.39	1	1	1	1
20230323121143	18.01	0.12	-57.92	16.81	18.38	1	1	1	1
20230323121144	18.04	0.12	-57.9	16.81	18.39	1	1	1	1
20230323121145	18.01	0.1	-59.37	16.8	18.39	1	1	1	1
20230323121146	18.03	0.08	-61.1	16.81	18.39	1	1	1	1
20230323121147	18.04	0.06	-63.29	16.8	18.38	1	1	1	1
20230323121148	18.01	0.04	-66.31	16.8	18.39	1	1	1	1
20230323121149	18.05	0.06	-63.29	16.81	18.4	1	1	1	1
