EventTime	aTemp	RH	DP	cTemp	mTemp	sLid	sVacuu	sPressure	IsOkay
20230330103232	21.17	0.0	-88.59	21.25	1000.0	1	1	1	1
20230330103233	21.13	0.07	-60.64	21.25	1000.0	1	1	1	1
20230330103234	21.12	0.09	-58.67	21.25	1000.0	1	1	1	1
20230330103235	21.15	0.01	-74.6	21.25	1000.0	1	1	1	1
20230330103236	21.13	0.07	-60.64	21.25	1000.0	1	1	1	1
20230330103237	21.15	0.01	-74.6	21.25	1000.0	1	1	1	1
20230330103238	21.15	0.07	-60.63	21.25	1000.0	1	1	1	1
20230330103239	21.13	0.07	-60.64	21.25	1000.0	1	1	1	1
20230330103240	21.1	0.03	-67.01	21.25	1000.0	1	1	1	1
20230330103241	21.13	0.03	-67.0	21.25	1000.0	1	1	1	1
20230330103242	21.13	0.01	-74.61	21.25	1000.0	1	1	1	1
20230330103243	21.13	0.05	-63.22	21.25	1000.0	1	1	1	1
20230330103244	21.12	0.07	-60.65	21.25	1000.0	1	1	1	1
20230330103246	21.12	0.05	-63.22	21.25	1000.0	1	1	1	1
20230330103247	21.13	0.09	-58.67	21.25	1000.0	1	1	1	1
20230330103248	21.13	0.07	-60.64	21.25	1000.0	1	1	1	1
20230330103249	21.1	0.05	-63.23	21.26	1000.0	1	1	1	1
20230330103250	21.13	0.0	-88.6	21.25	1000.0	1	1	1	1
20230330103251	21.13	0.01	-74.61	21.25	1000.0	1	1	1	1
20230330103252	21.15	0.07	-60.63	21.25	1000.0	1	1	1	1
20230330103253	21.12	0.09	-58.67	21.25	1000.0	1	1	1	1
20230330103254	21.15	0.09	-58.66	21.25	1000.0	1	1	1	1
20230330103255	21.13	0.03	-67.0	21.25	1000.0	1	1	1	1
20230330103256	21.15	0.03	-66.99	21.26	1000.0	1	1	1	1
20230330103257	21.12	0.03	-67.0	21.25	1000.0	1	1	1	1
20230330103258	21.13	0.03	-67.0	21.26	1000.0	1	1	1	1
20230330103259	21.13	0.03	-67.0	21.26	1000.0	1	1	1	1
20230330103300	21.16	0.07	-60.63	21.26	1000.0	1	1	1	1
20230330103301	21.16	0.07	-60.63	21.27	1000.0	1	1	1	1
20230330103302	21.15	0.11	-57.05	21.29	1000.0	1	1	1	1
20230330103304	21.15	0.07	-60.63	21.27	1000.0	1	1	1	1
20230330103305	21.15	0.05	-63.21	21.26	1000.0	1	1	1	1
20230330103306	21.17	0.03	-66.98	21.27	1000.0	1	1	1	1
20230330103307	21.16	0.03	-66.98	21.27	1000.0	1	1	1	1
20230330103308	21.16	0.05	-63.21	21.29	1000.0	1	1	1	1
20230330103309	21.16	0.01	-74.6	21.27	1000.0	1	1	1	1
20230330103310	21.15	0.05	-63.21	21.27	1000.0	1	1	1	1
20230330103311	21.17	0.07	-60.62	21.27	1000.0	1	1	1	1
20230330103312	21.16	0.09	-58.65	21.27	1000.0	1	1	1	1
20230330103313	21.19	0.05	-63.19	21.29	1000.0	1	1	1	1
20230330103314	21.19	0.07	-60.61	21.27	1000.0	1	1	1	1
20230330103315	21.19	0.07	-60.61	21.27	1000.0	1	1	1	1
20230330103316	21.19	0.07	-60.61	21.29	1000.0	1	1	1	1
20230330103317	21.2	0.05	-63.19	21.29	1000.0	1	1	1	1
20230330103318	21.17	0.05	-63.2	21.3	1000.0	1	1	1	1
20230330103320	21.19	0.05	-63.19	21.3	1000.0	1	1	1	1
20230330103321	21.19	0.09	-58.64	21.29	1000.0	1	1	1	1
20230330103322	21.2	0.03	-66.97	21.29	1000.0	1	1	1	1
20230330103323	21.2	0.01	-74.58	21.29	1000.0	1	1	1	1
20230330103324	21.2	0.13	-55.66	21.29	1000.0	1	1	1	1
20230330103325	21.22	0.01	-74.57	21.29	1000.0	1	1	1	1
20230330103326	21.23	0.09	-58.62	21.29	1000.0	1	1	1	1
20230330103327	21.23	0.07	-60.59	21.29	1000.0	1	1	1	1
20230330103328	21.23	0.03	-66.95	21.29	1000.0	1	1	1	1
20230330103329	21.23	0.03	-66.95	21.29	1000.0	1	1	1	1
20230330103330	21.22	0.05	-63.18	21.29	1000.0	1	1	1	1
20230330103331	21.22	0.07	-60.6	21.29	1000.0	1	1	1	1
20230330103332	21.23	0.11	-57.01	21.29	1000.0	1	1	1	1
20230330103333	21.25	0.07	-60.58	21.29	1000.0	1	1	1	1
20230330103334	21.23	0.05	-63.17	21.29	1000.0	1	1	1	1
20230330103335	21.25	0.07	-60.58	21.29	1000.0	1	1	1	1
20230330103336	21.23	0.09	-58.62	21.29	1000.0	1	1	1	1
20230330103337	21.25	0.01	-74.56	21.29	1000.0	1	1	1	1
20230330103339	21.25	0.01	-74.56	21.29	1000.0	1	1	1	1
20230330103340	21.26	0.07	-60.58	21.29	1000.0	1	1	1	1
20230330103341	21.27	0.05	-63.16	21.29	1000.0	1	1	1	1
20230330103342	21.26	0.11	-56.99	21.29	1000.0	1	1	1	1
20230330103343	21.25	0.11	-57.0	21.3	1000.0	1	1	1	1
20230330103344	21.26	0.07	-60.58	21.29	1000.0	1	1	1	1
20230330103345	21.26	0.05	-63.16	21.3	1000.0	1	1	1	1
20230330103346	21.27	0.07	-60.57	21.29	1000.0	1	1	1	1
20230330103347	21.27	0.01	-74.55	21.3	1000.0	1	1	1	1
20230330103348	21.26	0.05	-63.16	21.3	1000.0	1	1	1	1
20230330103349	21.27	0.07	-60.57	21.3	1000.0	1	1	1	1
20230330103350	21.29	0.05	-63.15	21.3	1000.0	1	1	1	1
20230330103351	21.29	0.0	-88.55	21.3	1000.0	1	1	1	1
20230330103352	21.29	0.05	-63.15	21.3	1000.0	1	1	1	1
20230330103353	21.29	0.1	-57.75	21.3	1000.0	1	1	1	1
20230330103354	21.3	0.04	-64.81	21.3	1000.0	1	1	1	1
20230330103355	21.25	0.01	-74.56	21.31	1000.0	1	1	1	1
20230330103357	21.27	0.04	-64.83	21.3	1000.0	1	1	1	1
20230330103358	21.29	0.01	-74.54	21.3	1000.0	1	1	1	1
20230330103359	21.29	0.07	-60.57	21.3	1000.0	1	1	1	1
20230330103400	21.33	0.04	-64.8	21.3	1000.0	1	1	1	1
20230330103401	21.31	0.05	-63.14	21.3	1000.0	1	1	1	1
20230330103402	21.3	0.1	-57.74	21.3	1000.0	1	1	1	1
20230330103403	21.3	0.13	-55.61	21.3	1000.0	1	1	1	1
20230330103404	21.3	0.05	-63.14	21.3	1000.0	1	1	1	1
20230330103405	21.31	0.11	-56.97	21.31	1000.0	1	1	1	1
20230330103406	21.31	0.1	-57.74	21.3	1000.0	1	1	1	1
20230330103407	21.29	0.1	-57.75	21.3	1000.0	1	1	1	1
20230330103408	21.3	0.07	-60.56	21.3	1000.0	1	1	1	1
