EventTime	aTemp	RH	DP	cTemp	mTemp	sLid	sVacuu	sPressure	IsOkay
20230330105544	19.19	0.0	-89.27	19.99	18.87	1	1	1	1
20230330105545	19.14	0.0	-89.29	19.97	18.87	1	1	1	1
20230330105546	19.16	0.05	-64.14	19.97	18.86	1	1	1	1
20230330105548	19.16	0.03	-67.88	19.97	18.86	1	1	1	1
20230330105549	19.14	0.01	-75.42	19.97	18.86	1	1	1	1
20230330105550	19.19	0.0	-89.27	19.99	18.86	1	1	1	1
20230330105551	19.19	0.01	-75.4	19.99	18.86	1	1	1	1
20230330105552	19.17	0.0	-89.28	19.99	18.86	1	1	1	1
20230330105553	19.2	0.0	-89.27	19.99	18.88	1	1	1	1
20230330105554	19.19	0.0	-89.27	20.0	18.88	1	1	1	1
20230330105555	19.17	0.03	-67.87	19.99	18.87	1	1	1	1
20230330105556	19.19	0.01	-75.4	19.99	18.87	1	1	1	1
20230330105557	19.2	0.0	-89.27	19.99	18.87	1	1	1	1
20230330105558	19.19	0.0	-89.27	19.99	18.87	1	1	1	1
20230330105559	19.2	0.01	-75.4	20.0	18.88	1	1	1	1
20230330105600	19.21	0.04	-65.77	20.0	18.87	1	1	1	1
20230330105601	19.2	0.0	-89.27	20.0	18.87	1	1	1	1
20230330105602	19.21	0.0	-89.26	20.01	18.9	1	1	1	1
20230330105603	19.21	0.0	-89.26	20.0	18.87	1	1	1	1
20230330105604	19.21	0.0	-89.26	20.0	18.87	1	1	1	1
20230330105605	19.21	0.0	-89.26	20.0	18.87	1	1	1	1
20230330105606	19.2	0.0	-89.27	20.0	18.87	1	1	1	1
20230330105608	19.21	0.0	-89.26	20.0	18.87	1	1	1	1
20230330105609	19.23	0.0	-89.26	20.0	18.87	1	1	1	1
20230330105610	19.23	0.0	-89.26	20.0	18.87	1	1	1	1
20230330105611	19.23	0.0	-89.26	20.0	18.87	1	1	1	1
20230330105612	19.21	0.0	-89.26	20.0	18.87	1	1	1	1
20230330105613	19.2	0.0	-89.27	20.01	18.9	1	1	1	1
20230330105614	19.23	0.0	-89.26	20.01	18.87	1	1	1	1
20230330105615	19.21	0.0	-89.26	20.0	18.87	1	1	1	1
20230330105616	19.24	0.0	-89.25	20.01	18.87	1	1	1	1
20230330105617	19.23	0.0	-89.26	20.01	18.9	1	1	1	1
20230330105618	19.21	0.0	-89.26	19.99	18.87	1	1	1	1
20230330105619	19.21	0.01	-75.39	19.99	18.87	1	1	1	1
20230330105620	19.2	0.0	-89.27	19.99	18.87	1	1	1	1
20230330105621	19.23	0.0	-89.26	19.99	18.87	1	1	1	1
20230330105622	19.2	0.0	-89.27	20.0	18.87	1	1	1	1
20230330105623	19.23	0.0	-89.26	19.99	18.88	1	1	1	1
20230330105624	19.23	0.04	-65.76	19.97	18.86	1	1	1	1
20230330105625	19.21	0.0	-89.26	19.97	18.86	1	1	1	1
20230330105627	19.21	0.0	-89.26	19.97	18.86	1	1	1	1
20230330105628	19.19	0.0	-89.27	19.97	18.86	1	1	1	1
20230330105629	19.2	0.0	-89.27	19.97	18.93	1	1	1	1
20230330105630	19.2	0.0	-89.27	19.93	19.13	1	1	1	1
20230330105631	19.21	0.0	-89.26	19.89	19.36	1	1	1	1
20230330105632	19.2	0.0	-89.27	19.85	19.52	1	1	1	1
20230330105633	19.23	0.0	-89.26	19.83	19.68	1	1	1	1
20230330105634	19.24	0.0	-89.25	19.8	19.76	1	1	1	1
20230330105635	19.27	0.06	-62.71	19.77	19.82	1	1	1	1
20230330105636	19.26	0.0	-89.25	19.74	19.88	1	1	1	1
20230330105637	19.26	0.0	-89.25	19.72	19.91	1	1	1	1
20230330105638	19.31	0.0	-89.23	19.69	19.94	1	1	1	1
20230330105639	19.31	0.0	-89.23	19.66	19.95	1	1	1	1
20230330105640	19.33	0.0	-89.22	19.64	19.96	1	1	1	1
20230330105641	19.34	0.02	-70.66	19.62	19.97	1	1	1	1
20230330105642	19.36	0.0	-89.21	19.59	19.97	1	1	1	1
20230330105643	19.36	0.0	-89.21	19.58	19.97	1	1	1	1
20230330105644	19.39	0.0	-89.2	19.55	19.96	1	1	1	1
20230330105645	19.39	0.0	-89.2	19.52	19.95	1	1	1	1
20230330105647	19.39	0.0	-89.2	19.5	19.95	1	1	1	1
20230330105648	19.4	0.02	-70.63	19.49	19.95	1	1	1	1
20230330105649	19.41	0.02	-70.63	19.47	19.93	1	1	1	1
20230330105650	19.43	0.0	-89.19	19.44	19.91	1	1	1	1
20230330105651	19.4	0.0	-89.2	19.43	19.91	1	1	1	1
20230330105652	19.43	0.0	-89.19	19.39	19.9	1	1	1	1
20230330105653	19.47	0.0	-89.17	19.38	19.89	1	1	1	1
20230330105654	19.47	0.02	-70.6	19.37	19.89	1	1	1	1
20230330105655	19.47	0.0	-89.17	19.34	19.87	1	1	1	1
20230330105656	19.47	0.0	-89.17	19.32	19.87	1	1	1	1
20230330105657	19.49	0.0	-89.17	19.3	19.84	1	1	1	1
20230330105658	19.49	0.0	-89.17	19.27	19.83	1	1	1	1
20230330105659	19.51	0.0	-89.16	19.26	19.82	1	1	1	1
20230330105700	19.5	0.0	-89.16	19.24	19.82	1	1	1	1
20230330105701	19.51	0.0	-89.16	19.23	19.81	1	1	1	1
20230330105702	19.54	0.0	-89.15	19.2	19.8	1	1	1	1
20230330105703	19.53	0.0	-89.15	19.18	19.77	1	1	1	1
20230330105704	19.54	0.0	-89.15	19.17	19.77	1	1	1	1
20230330105705	19.56	0.0	-89.14	19.14	19.76	1	1	1	1
20230330105706	19.56	0.0	-89.14	19.12	19.75	1	1	1	1
20230330105708	19.53	0.05	-63.96	19.11	19.72	1	1	1	1
20230330105709	19.54	0.0	-89.15	19.08	19.72	1	1	1	1
20230330105710	19.56	0.02	-70.56	19.07	19.7	1	1	1	1
20230330105711	19.56	0.0	-89.14	19.06	19.69	1	1	1	1
20230330105712	19.57	0.0	-89.14	19.04	19.68	1	1	1	1
20230330105713	19.6	0.0	-89.13	19.02	19.66	1	1	1	1
20230330105714	19.57	0.0	-89.14	19.0	19.66	1	1	1	1
20230330105715	19.58	0.0	-89.14	18.99	19.65	1	1	1	1
20230330105716	19.57	0.0	-89.14	18.99	19.65	1	1	1	1
20230330105717	19.6	0.05	-63.93	18.95	19.62	1	1	1	1
20230330105718	19.58	0.05	-63.94	18.93	19.62	1	1	1	1
20230330105719	19.6	0.0	-89.13	18.92	19.6	1	1	1	1
20230330105720	19.6	0.0	-89.13	18.9	19.59	1	1	1	1
20230330105721	19.6	0.01	-75.23	18.88	19.58	1	1	1	1
20230330105722	19.6	0.0	-89.13	18.87	19.57	1	1	1	1
20230330105723	19.63	0.0	-89.12	18.85	19.57	1	1	1	1
20230330105724	19.6	0.0	-89.13	18.84	19.55	1	1	1	1
20230330105725	19.61	0.02	-70.54	18.82	19.55	1	1	1	1
20230330105726	19.6	0.02	-70.54	18.8	19.52	1	1	1	1
20230330105728	19.6	0.0	-89.13	18.78	19.52	1	1	1	1
20230330105729	19.63	0.0	-89.12	18.78	19.51	1	1	1	1
20230330105730	19.6	0.02	-70.54	18.75	19.5	1	1	1	1
20230330105731	19.61	0.02	-70.54	18.73	19.49	1	1	1	1
20230330105732	19.6	0.01	-75.23	18.73	19.47	1	1	1	1
20230330105733	19.63	0.01	-75.22	18.71	19.47	1	1	1	1
20230330105734	19.61	0.02	-70.54	18.7	19.46	1	1	1	1
20230330105735	19.6	0.0	-89.13	18.68	19.45	1	1	1	1
20230330105736	19.61	0.01	-75.23	18.67	19.45	1	1	1	1
20230330105737	19.6	0.0	-89.13	18.65	19.43	1	1	1	1
20230330105738	19.61	0.0	-89.13	18.64	19.43	1	1	1	1
20230330105739	19.64	0.01	-75.22	18.63	19.4	1	1	1	1
20230330105740	19.61	0.0	-89.13	18.6	19.39	1	1	1	1
20230330105741	19.63	0.0	-89.12	18.59	19.38	1	1	1	1
20230330105742	19.63	0.0	-89.12	18.58	19.37	1	1	1	1
20230330105743	19.61	0.0	-89.13	18.57	19.37	1	1	1	1
20230330105744	19.6	0.0	-89.13	18.55	19.36	1	1	1	1
20230330105745	19.6	0.0	-89.13	18.53	19.34	1	1	1	1
20230330105746	19.6	0.02	-70.54	18.52	19.33	1	1	1	1
20230330105748	19.6	0.01	-75.23	18.51	19.33	1	1	1	1
20230330105749	19.61	0.0	-89.13	18.5	19.32	1	1	1	1
20230330105750	19.61	0.07	-61.37	18.48	19.32	1	1	1	1
20230330105751	19.61	0.01	-75.23	18.47	19.31	1	1	1	1
20230330105752	19.6	0.0	-89.13	18.45	19.3	1	1	1	1
20230330105753	19.61	0.0	-89.13	18.44	19.27	1	1	1	1
20230330105754	19.6	0.0	-89.13	18.44	19.27	1	1	1	1
20230330105755	19.6	0.01	-75.23	18.41	19.26	1	1	1	1
20230330105756	19.6	0.0	-89.13	18.41	19.26	1	1	1	1
20230330105757	19.61	0.05	-63.93	18.4	19.24	1	1	1	1
20230330105758	19.6	0.01	-75.23	18.38	19.24	1	1	1	1
20230330105759	19.6	0.01	-75.23	18.38	19.24	1	1	1	1
20230330105800	19.58	0.0	-89.14	18.36	19.23	1	1	1	1
20230330105801	19.61	0.0	-89.13	18.34	19.23	1	1	1	1
20230330105802	19.6	0.01	-75.23	18.33	19.2	1	1	1	1
20230330105803	19.58	0.0	-89.14	18.32	19.2	1	1	1	1
20230330105804	19.6	0.01	-75.23	18.31	19.19	1	1	1	1
20230330105805	19.6	0.0	-89.13	18.29	19.18	1	1	1	1
20230330105806	19.58	0.02	-70.55	18.29	19.18	1	1	1	1
20230330105808	19.58	0.0	-89.14	18.29	19.18	1	1	1	1
20230330105809	19.57	0.0	-89.14	18.26	19.15	1	1	1	1
20230330105810	19.56	0.0	-89.14	18.26	19.15	1	1	1	1
20230330105811	19.56	0.0	-89.14	18.24	19.14	1	1	1	1
20230330105812	19.58	0.0	-89.14	18.24	19.13	1	1	1	1
20230330105813	19.57	0.0	-89.14	18.23	19.12	1	1	1	1
20230330105814	19.56	0.0	-89.14	18.2	19.12	1	1	1	1
20230330105815	19.58	0.0	-89.14	18.19	19.11	1	1	1	1
20230330105816	19.56	0.0	-89.14	18.19	19.11	1	1	1	1
20230330105817	19.56	0.0	-89.14	18.19	19.11	1	1	1	1
20230330105818	19.57	0.0	-89.14	18.18	19.1	1	1	1	1
20230330105819	19.56	0.0	-89.14	18.16	19.08	1	1	1	1
20230330105820	19.54	0.02	-70.57	18.15	19.07	1	1	1	1
20230330105821	19.54	0.0	-89.15	18.15	19.07	1	1	1	1
20230330105822	19.54	0.0	-89.15	18.12	19.07	1	1	1	1
20230330105823	19.57	0.0	-89.14	18.12	19.06	1	1	1	1
20230330105824	19.54	0.0	-89.15	18.1	19.06	1	1	1	1
20230330105825	19.56	0.0	-89.14	18.09	19.04	1	1	1	1
20230330105826	19.51	0.04	-65.63	18.1	19.04	1	1	1	1
20230330105827	19.54	0.0	-89.15	18.08	19.02	1	1	1	1
20230330105829	19.57	0.0	-89.14	18.06	19.02	1	1	1	1
20230330105830	19.51	0.02	-70.58	18.04	19.01	1	1	1	1
20230330105831	19.51	0.0	-89.16	18.04	19.01	1	1	1	1
20230330105832	19.51	0.02	-70.58	18.03	19.0	1	1	1	1
20230330105833	19.51	0.0	-89.16	18.02	18.99	1	1	1	1
20230330105834	19.5	0.02	-70.59	18.02	18.99	1	1	1	1
20230330105835	19.51	0.0	-89.16	18.0	18.98	1	1	1	1
20230330105836	19.5	0.0	-89.16	18.0	18.98	1	1	1	1
20230330105837	19.5	0.02	-70.59	18.0	18.95	1	1	1	1
20230330105838	19.49	0.02	-70.59	17.97	18.95	1	1	1	1
20230330105839	19.49	0.0	-89.17	17.98	18.95	1	1	1	1
20230330105840	19.5	0.02	-70.59	17.97	18.94	1	1	1	1
20230330105841	19.5	0.02	-70.59	17.95	18.93	1	1	1	1
20230330105842	19.49	0.0	-89.17	17.95	18.93	1	1	1	1
20230330105843	19.47	0.0	-89.17	17.94	18.93	1	1	1	1
20230330105844	19.47	0.04	-65.65	17.93	18.93	1	1	1	1
20230330105845	19.5	0.0	-89.16	17.91	18.92	1	1	1	1
20230330105846	19.44	0.02	-70.61	17.91	18.92	1	1	1	1
20230330105847	19.46	0.0	-89.18	17.9	18.91	1	1	1	1
20230330105848	19.47	0.0	-89.17	17.89	18.9	1	1	1	1
20230330105850	19.47	0.0	-89.17	17.89	18.9	1	1	1	1
20230330105851	19.46	0.0	-89.18	17.88	18.9	1	1	1	1
20230330105852	19.44	0.0	-89.18	17.87	18.88	1	1	1	1
20230330105853	19.46	0.02	-70.61	17.86	18.87	1	1	1	1
20230330105854	19.43	0.0	-89.19	17.86	18.87	1	1	1	1
20230330105855	19.46	0.0	-89.18	17.86	18.87	1	1	1	1
20230330105856	19.44	0.0	-89.18	17.84	18.87	1	1	1	1
20230330105857	19.4	0.0	-89.2	17.83	18.86	1	1	1	1
20230330105858	19.43	0.0	-89.19	17.83	18.86	1	1	1	1
20230330105859	19.43	0.0	-89.19	17.82	18.86	1	1	1	1
20230330105900	19.43	0.02	-70.62	17.82	18.85	1	1	1	1
20230330105901	19.43	0.0	-89.19	17.82	18.85	1	1	1	1
20230330105902	19.41	0.04	-65.67	17.8	18.84	1	1	1	1
20230330105903	19.41	0.04	-65.67	17.8	18.82	1	1	1	1
20230330105904	19.4	0.0	-89.2	17.79	18.82	1	1	1	1
20230330105905	19.41	0.0	-89.19	17.79	18.81	1	1	1	1
20230330105906	19.4	0.04	-65.68	17.77	18.81	1	1	1	1
20230330105907	19.4	0.0	-89.2	17.76	18.81	1	1	1	1
20230330105908	19.39	0.0	-89.2	17.75	18.8	1	1	1	1
20230330105909	19.37	0.0	-89.21	17.75	18.8	1	1	1	1
20230330105911	19.4	0.0	-89.2	17.75	18.8	1	1	1	1
20230330105912	19.39	0.0	-89.2	17.74	18.79	1	1	1	1
20230330105913	19.37	0.0	-89.21	17.73	18.78	1	1	1	1
20230330105914	19.39	0.0	-89.2	17.73	18.78	1	1	1	1
20230330105915	19.37	0.0	-89.21	17.72	18.78	1	1	1	1
20230330105916	19.37	0.0	-89.21	17.7	18.77	1	1	1	1
20230330105917	19.37	0.02	-70.64	17.7	18.77	1	1	1	1
20230330105918	19.39	0.0	-89.2	17.69	18.77	1	1	1	1
20230330105919	19.39	0.0	-89.2	17.68	18.77	1	1	1	1
20230330105920	19.36	0.0	-89.21	17.69	18.77	1	1	1	1
20230330105921	19.36	0.0	-89.21	17.68	18.75	1	1	1	1
20230330105922	19.36	0.0	-89.21	17.66	18.74	1	1	1	1
20230330105923	19.36	0.0	-89.21	17.66	18.74	1	1	1	1
20230330105924	19.31	0.0	-89.23	17.66	18.73	1	1	1	1
20230330105925	19.34	0.0	-89.22	17.66	18.73	1	1	1	1
20230330105926	19.34	0.0	-89.22	17.65	18.73	1	1	1	1
20230330105927	19.31	0.0	-89.23	17.64	18.72	1	1	1	1
20230330105928	19.33	0.0	-89.22	17.64	18.72	1	1	1	1
20230330105930	19.33	0.0	-89.22	17.64	18.71	1	1	1	1
20230330105931	19.31	0.0	-89.23	17.61	18.71	1	1	1	1
20230330105932	19.31	0.0	-89.23	17.61	18.71	1	1	1	1
20230330105933	19.29	0.04	-65.73	17.61	18.7	1	1	1	1
20230330105934	19.29	0.06	-62.7	17.6	18.7	1	1	1	1
20230330105935	19.27	0.0	-89.24	17.6	18.7	1	1	1	1
20230330105936	19.3	0.0	-89.23	17.6	18.7	1	1	1	1
20230330105937	19.3	0.0	-89.23	17.59	18.68	1	1	1	1
20230330105938	19.3	0.0	-89.23	17.58	18.68	1	1	1	1
20230330105939	19.27	0.0	-89.24	17.58	18.68	1	1	1	1
20230330105940	19.27	0.0	-89.24	17.58	18.68	1	1	1	1
20230330105941	19.26	0.0	-89.25	17.58	18.68	1	1	1	1
20230330105942	19.27	0.0	-89.24	17.58	18.67	1	1	1	1
20230330105943	19.26	0.0	-89.25	17.55	18.67	1	1	1	1
20230330105944	19.26	0.0	-89.25	17.55	18.66	1	1	1	1
20230330105945	19.24	0.0	-89.25	17.55	18.65	1	1	1	1
20230330105946	19.26	0.0	-89.25	17.55	18.65	1	1	1	1
20230330105947	19.24	0.0	-89.25	17.54	18.65	1	1	1	1
20230330105948	19.26	0.0	-89.25	17.53	18.65	1	1	1	1
20230330105949	19.26	0.0	-89.25	17.53	18.64	1	1	1	1
20230330105951	19.24	0.0	-89.25	17.52	18.64	1	1	1	1
20230330105952	19.26	0.0	-89.25	17.52	18.64	1	1	1	1
20230330105953	19.21	0.01	-75.39	17.53	18.65	1	1	1	1
20230330105954	19.23	0.0	-89.26	17.51	18.64	1	1	1	1
20230330105955	19.24	0.01	-75.38	17.51	18.64	1	1	1	1
20230330105956	19.23	0.04	-65.76	17.5	18.63	1	1	1	1
20230330105957	19.23	0.0	-89.26	17.51	18.63	1	1	1	1
20230330105958	19.23	0.0	-89.26	17.5	18.63	1	1	1	1
20230330105959	19.21	0.0	-89.26	17.5	18.63	1	1	1	1
20230330110000	19.2	0.0	-89.27	17.48	18.61	1	1	1	1
20230330110001	19.21	0.0	-89.26	17.5	18.63	1	1	1	1
20230330110002	19.21	0.0	-89.26	17.48	18.63	1	1	1	1
20230330110003	19.2	0.01	-75.4	17.46	18.59	1	1	1	1
20230330110004	19.19	0.0	-89.27	17.46	18.59	1	1	1	1
20230330110005	19.23	0.0	-89.26	17.46	18.6	1	1	1	1
20230330110006	19.17	0.01	-75.41	17.46	18.59	1	1	1	1
20230330110007	19.21	0.0	-89.26	17.45	18.59	1	1	1	1
20230330110008	19.19	0.0	-89.27	17.45	18.58	1	1	1	1
20230330110009	19.17	0.0	-89.28	17.44	18.58	1	1	1	1
20230330110010	19.2	0.0	-89.27	17.44	18.58	1	1	1	1
20230330110012	19.19	0.0	-89.27	17.44	18.58	1	1	1	1
20230330110013	19.17	0.0	-89.28	17.43	18.58	1	1	1	1
20230330110014	19.17	0.0	-89.28	17.41	18.58	1	1	1	1
20230330110015	19.17	0.0	-89.28	17.41	18.57	1	1	1	1
20230330110016	19.14	0.0	-89.29	17.41	18.57	1	1	1	1
20230330110017	19.16	0.0	-89.28	17.41	18.57	1	1	1	1
20230330110018	19.16	0.0	-89.28	17.4	18.55	1	1	1	1
20230330110019	19.14	0.0	-89.29	17.4	18.55	1	1	1	1
20230330110020	19.16	0.0	-89.28	17.4	18.55	1	1	1	1
20230330110021	19.17	0.0	-89.28	17.39	18.55	1	1	1	1
20230330110022	19.16	0.03	-67.88	17.39	18.54	1	1	1	1
20230330110023	19.16	0.0	-89.28	17.39	18.55	1	1	1	1
20230330110024	19.13	0.03	-67.89	17.39	18.55	1	1	1	1
20230330110025	19.13	0.0	-89.29	17.38	18.53	1	1	1	1
20230330110026	19.11	0.03	-67.9	17.38	18.53	1	1	1	1
20230330110027	19.16	0.01	-75.41	17.37	18.53	1	1	1	1
20230330110028	19.11	0.0	-89.3	17.37	18.53	1	1	1	1
20230330110029	19.11	0.0	-89.3	17.37	18.53	1	1	1	1
20230330110030	19.1	0.01	-75.44	17.37	18.52	1	1	1	1
20230330110031	19.11	0.0	-89.3	17.36	18.52	1	1	1	1
20230330110033	19.1	0.0	-89.3	17.36	18.52	1	1	1	1
20230330110034	19.09	0.0	-89.3	17.36	18.52	1	1	1	1
20230330110035	19.11	0.01	-75.43	17.36	18.51	1	1	1	1
20230330110036	19.09	0.0	-89.3	17.35	18.51	1	1	1	1
20230330110037	19.1	0.0	-89.3	17.35	18.51	1	1	1	1
20230330110038	19.09	0.01	-75.44	17.33	18.51	1	1	1	1
20230330110039	19.09	0.0	-89.3	17.33	18.51	1	1	1	1
20230330110040	19.09	0.01	-75.44	17.33	18.5	1	1	1	1
20230330110041	19.09	0.0	-89.3	17.32	18.5	1	1	1	1
20230330110042	19.09	0.01	-75.44	17.32	18.48	1	1	1	1
20230330110043	19.09	0.0	-89.3	17.32	18.48	1	1	1	1
20230330110044	19.09	0.0	-89.3	17.32	18.48	1	1	1	1
20230330110045	19.07	0.0	-89.31	17.33	18.5	1	1	1	1
20230330110046	19.05	0.0	-89.32	17.32	18.48	1	1	1	1
20230330110047	19.07	0.0	-89.31	17.32	18.48	1	1	1	1
20230330110048	19.05	0.0	-89.32	17.32	18.48	1	1	1	1
20230330110049	19.06	0.0	-89.32	17.31	18.48	1	1	1	1
20230330110050	19.05	0.0	-89.32	17.31	18.48	1	1	1	1
20230330110051	19.05	0.0	-89.32	17.31	18.5	1	1	1	1
20230330110053	19.05	0.03	-67.92	17.31	18.47	1	1	1	1
20230330110054	19.05	0.0	-89.32	17.3	18.47	1	1	1	1
20230330110055	19.03	0.0	-89.33	17.3	18.48	1	1	1	1
20230330110056	19.03	0.0	-89.33	17.3	18.47	1	1	1	1
20230330110057	19.0	0.0	-89.34	17.29	18.47	1	1	1	1
20230330110058	19.03	0.0	-89.33	17.29	18.47	1	1	1	1
20230330110059	18.99	0.0	-89.34	17.28	18.46	1	1	1	1
20230330110100	19.02	0.0	-89.33	17.3	18.46	1	1	1	1
20230330110101	19.03	0.0	-89.33	17.28	18.46	1	1	1	1
20230330110102	18.99	0.0	-89.34	17.29	18.47	1	1	1	1
20230330110103	19.02	0.0	-89.33	17.26	18.46	1	1	1	1
20230330110104	19.02	0.0	-89.33	17.26	18.45	1	1	1	1
20230330110105	18.99	0.0	-89.34	17.26	18.45	1	1	1	1
20230330110106	19.0	0.03	-67.95	17.28	18.46	1	1	1	1
20230330110107	18.99	0.01	-75.48	17.28	18.45	1	1	1	1
20230330110108	18.96	0.0	-89.35	17.26	18.44	1	1	1	1
20230330110109	18.99	0.0	-89.34	17.25	18.44	1	1	1	1
20230330110110	18.97	0.0	-89.35	17.25	18.44	1	1	1	1
20230330110111	18.97	0.0	-89.35	17.25	18.44	1	1	1	1
20230330110112	18.99	0.0	-89.34	17.25	18.44	1	1	1	1
20230330110114	18.96	0.01	-75.49	17.24	18.44	1	1	1	1
20230330110115	18.97	0.0	-89.35	17.24	18.44	1	1	1	1
20230330110116	18.95	0.0	-89.35	17.23	18.44	1	1	1	1
20230330110117	18.93	0.0	-89.36	17.23	18.43	1	1	1	1
20230330110118	18.95	0.01	-75.5	17.23	18.43	1	1	1	1
20230330110119	18.96	0.0	-89.35	17.23	18.43	1	1	1	1
20230330110120	18.97	0.0	-89.35	17.22	18.43	1	1	1	1
20230330110121	18.96	0.0	-89.35	17.22	18.41	1	1	1	1
20230330110122	18.96	0.03	-67.96	17.22	18.41	1	1	1	1
20230330110123	18.93	0.0	-89.36	17.22	18.41	1	1	1	1
20230330110124	18.93	0.0	-89.36	17.22	18.41	1	1	1	1
20230330110125	18.93	0.0	-89.36	17.22	18.41	1	1	1	1
20230330110126	18.92	0.0	-89.36	17.21	18.4	1	1	1	1
20230330110127	18.93	0.0	-89.36	17.22	18.41	1	1	1	1
20230330110128	18.93	0.0	-89.36	17.21	18.41	1	1	1	1
20230330110129	18.92	0.0	-89.36	17.21	18.4	1	1	1	1
20230330110130	18.93	0.0	-89.36	17.21	18.39	1	1	1	1
20230330110131	18.93	0.0	-89.36	17.21	18.39	1	1	1	1
20230330110132	18.9	0.0	-89.37	17.21	18.4	1	1	1	1
20230330110134	18.92	0.0	-89.36	17.2	18.4	1	1	1	1
20230330110135	18.9	0.0	-89.37	17.2	18.39	1	1	1	1
20230330110136	18.92	0.05	-64.25	17.2	18.39	1	1	1	1
20230330110137	18.92	0.0	-89.36	17.2	18.39	1	1	1	1
20230330110138	18.92	0.0	-89.36	17.18	18.39	1	1	1	1
20230330110139	18.89	0.0	-89.37	17.18	18.39	1	1	1	1
20230330110140	18.9	0.0	-89.37	17.18	18.39	1	1	1	1
20230330110141	18.9	0.0	-89.37	17.18	18.39	1	1	1	1
20230330110142	18.87	0.0	-89.38	17.18	18.39	1	1	1	1
20230330110143	18.89	0.0	-89.37	17.18	18.39	1	1	1	1
20230330110144	18.86	0.0	-89.38	17.17	18.39	1	1	1	1
20230330110145	18.86	0.0	-89.38	17.17	18.39	1	1	1	1
20230330110146	18.87	0.0	-89.38	17.17	18.38	1	1	1	1
20230330110147	18.87	0.0	-89.38	17.17	18.39	1	1	1	1
20230330110148	18.87	0.0	-89.38	17.17	18.4	1	1	1	1
20230330110149	18.85	0.0	-89.39	17.18	18.39	1	1	1	1
20230330110150	18.86	0.02	-70.86	17.17	18.38	1	1	1	1
20230330110151	18.86	0.0	-89.38	17.17	18.38	1	1	1	1
20230330110152	18.87	0.0	-89.38	17.17	18.38	1	1	1	1
20230330110153	18.87	0.0	-89.38	17.16	18.38	1	1	1	1
20230330110154	18.85	0.0	-89.39	17.17	18.37	1	1	1	1
20230330110156	18.86	0.0	-89.38	17.16	18.37	1	1	1	1
20230330110157	18.87	0.0	-89.38	17.17	18.38	1	1	1	1
20230330110158	18.83	0.0	-89.39	17.16	18.37	1	1	1	1
20230330110159	18.86	0.0	-89.38	17.16	18.37	1	1	1	1
20230330110200	18.85	0.0	-89.39	17.15	18.37	1	1	1	1
20230330110201	18.83	0.0	-89.39	17.15	18.37	1	1	1	1
20230330110202	18.83	0.0	-89.39	17.15	18.36	1	1	1	1
20230330110203	18.83	0.0	-89.39	17.15	18.36	1	1	1	1
20230330110204	18.83	0.0	-89.39	17.14	18.36	1	1	1	1
20230330110205	18.82	0.0	-89.4	17.14	18.36	1	1	1	1
20230330110206	18.79	0.0	-89.41	17.14	18.34	1	1	1	1
20230330110207	18.82	0.0	-89.4	17.14	18.34	1	1	1	1
20230330110208	18.79	0.0	-89.41	17.14	18.34	1	1	1	1
20230330110209	18.8	0.0	-89.4	17.13	18.34	1	1	1	1
20230330110210	18.82	0.0	-89.4	17.13	18.34	1	1	1	1
20230330110211	18.79	0.0	-89.41	17.14	18.36	1	1	1	1
20230330110212	18.8	0.0	-89.4	17.13	18.34	1	1	1	1
20230330110213	18.82	0.0	-89.4	17.13	18.33	1	1	1	1
20230330110214	18.82	0.0	-89.4	17.13	18.33	1	1	1	1
20230330110215	18.79	0.0	-89.41	17.13	18.33	1	1	1	1
20230330110217	18.78	0.0	-89.41	17.13	18.33	1	1	1	1
20230330110218	18.8	0.0	-89.4	17.13	18.33	1	1	1	1
20230330110219	18.78	0.0	-89.41	17.13	18.33	1	1	1	1
20230330110220	18.79	0.0	-89.41	17.13	18.33	1	1	1	1
20230330110221	18.82	0.04	-65.94	17.11	18.33	1	1	1	1
20230330110222	18.79	0.02	-70.89	17.11	18.33	1	1	1	1
20230330110223	18.76	0.0	-89.42	17.11	18.33	1	1	1	1
20230330110224	18.78	0.0	-89.41	17.11	18.33	1	1	1	1
20230330110225	18.78	0.0	-89.41	17.11	18.33	1	1	1	1
20230330110226	18.79	0.0	-89.41	17.11	18.33	1	1	1	1
20230330110227	18.78	0.0	-89.41	17.1	18.33	1	1	1	1
20230330110228	18.76	0.0	-89.42	17.1	18.33	1	1	1	1
20230330110229	18.76	0.0	-89.42	17.1	18.32	1	1	1	1
20230330110230	18.75	0.0	-89.42	17.11	18.33	1	1	1	1
20230330110231	18.74	0.0	-89.43	17.11	18.33	1	1	1	1
20230330110232	18.75	0.08	-60.75	17.11	18.34	1	1	1	1
20230330110233	18.74	0.0	-89.43	17.1	18.32	1	1	1	1
20230330110234	18.74	0.0	-89.43	17.1	18.32	1	1	1	1
20230330110235	18.74	0.0	-89.43	17.1	18.32	1	1	1	1
20230330110236	18.74	0.0	-89.43	17.09	18.32	1	1	1	1
20230330110238	18.74	0.0	-89.43	17.09	18.32	1	1	1	1
20230330110239	18.74	0.0	-89.43	17.09	18.32	1	1	1	1
20230330110240	18.75	0.0	-89.42	17.1	18.32	1	1	1	1
20230330110241	18.74	0.0	-89.43	17.09	18.32	1	1	1	1
20230330110242	18.75	0.0	-89.42	17.09	18.31	1	1	1	1
20230330110243	18.72	0.0	-89.43	17.09	18.31	1	1	1	1
20230330110244	18.72	0.0	-89.43	17.09	18.31	1	1	1	1
20230330110245	18.71	0.0	-89.44	17.09	18.31	1	1	1	1
20230330110246	18.74	0.0	-89.43	17.09	18.31	1	1	1	1
20230330110247	18.71	0.0	-89.44	17.08	18.31	1	1	1	1
20230330110248	18.75	0.0	-89.42	17.1	18.32	1	1	1	1
20230330110249	18.72	0.0	-89.43	17.09	18.31	1	1	1	1
20230330110250	18.72	0.0	-89.43	17.08	18.31	1	1	1	1
20230330110251	18.69	0.0	-89.44	17.08	18.3	1	1	1	1
20230330110252	18.69	0.0	-89.44	17.09	18.32	1	1	1	1
20230330110253	18.72	0.0	-89.43	17.08	18.3	1	1	1	1
20230330110254	18.74	0.0	-89.43	17.09	18.31	1	1	1	1
20230330110255	18.69	0.0	-89.44	17.08	18.31	1	1	1	1
20230330110257	18.71	0.0	-89.44	17.08	18.3	1	1	1	1
20230330110258	18.69	0.02	-70.94	17.08	18.3	1	1	1	1
20230330110259	18.69	0.0	-89.44	17.08	18.29	1	1	1	1
20230330110300	18.72	0.0	-89.43	17.07	18.29	1	1	1	1
20230330110301	18.71	0.0	-89.44	17.08	18.3	1	1	1	1
20230330110302	18.69	0.0	-89.44	17.08	18.29	1	1	1	1
20230330110303	18.69	0.0	-89.44	17.07	18.29	1	1	1	1
20230330110304	18.69	0.0	-89.44	17.07	18.29	1	1	1	1
20230330110305	18.66	0.0	-89.45	17.07	18.29	1	1	1	1
20230330110306	18.66	0.0	-89.45	17.06	18.29	1	1	1	1
20230330110307	18.68	0.0	-89.45	17.06	18.29	1	1	1	1
20230330110308	18.68	0.0	-89.45	17.07	18.29	1	1	1	1
20230330110309	18.66	0.0	-89.45	17.07	18.3	1	1	1	1
20230330110310	18.66	0.02	-70.95	17.06	18.29	1	1	1	1
20230330110311	18.68	0.0	-89.45	17.06	18.29	1	1	1	1
20230330110312	18.66	0.0	-89.45	17.06	18.3	1	1	1	1
20230330110313	18.66	0.0	-89.45	17.06	18.29	1	1	1	1
20230330110314	18.65	0.0	-89.46	17.06	18.29	1	1	1	1
20230330110315	18.65	0.0	-89.46	17.06	18.29	1	1	1	1
20230330110317	18.65	0.0	-89.46	17.06	18.29	1	1	1	1
20230330110318	18.65	0.04	-66.02	17.06	18.27	1	1	1	1
20230330110319	18.65	0.0	-89.46	17.04	18.29	1	1	1	1
20230330110320	18.63	0.0	-89.46	17.04	18.29	1	1	1	1
20230330110321	18.63	0.0	-89.46	17.04	18.27	1	1	1	1
20230330110322	18.65	0.0	-89.46	17.04	18.27	1	1	1	1
20230330110323	18.62	0.0	-89.47	17.04	18.29	1	1	1	1
20230330110324	18.63	0.0	-89.46	17.04	18.27	1	1	1	1
20230330110325	18.63	0.0	-89.46	17.04	18.29	1	1	1	1
20230330110326	18.62	0.0	-89.47	17.04	18.27	1	1	1	1
20230330110327	18.61	0.0	-89.47	17.04	18.27	1	1	1	1
20230330110328	18.65	0.0	-89.46	17.04	18.26	1	1	1	1
20230330110329	18.61	0.02	-70.97	17.04	18.27	1	1	1	1
20230330110330	18.62	0.0	-89.47	17.04	18.27	1	1	1	1
20230330110331	18.62	0.04	-66.04	17.04	18.27	1	1	1	1
20230330110332	18.61	0.0	-89.47	17.04	18.26	1	1	1	1
20230330110333	18.62	0.0	-89.47	17.06	18.29	1	1	1	1
20230330110334	18.59	0.0	-89.48	17.03	18.27	1	1	1	1
20230330110335	18.59	0.0	-89.48	17.03	18.27	1	1	1	1
20230330110337	18.61	0.0	-89.47	17.03	18.27	1	1	1	1
20230330110338	18.61	0.0	-89.47	17.03	18.26	1	1	1	1
20230330110339	18.59	0.0	-89.48	17.03	18.27	1	1	1	1
20230330110340	18.62	0.0	-89.47	17.03	18.26	1	1	1	1
20230330110341	18.59	0.0	-89.48	17.03	18.27	1	1	1	1
20230330110342	18.61	0.0	-89.47	17.03	18.26	1	1	1	1
20230330110343	18.56	0.0	-89.49	17.04	18.27	1	1	1	1
20230330110344	18.58	0.0	-89.48	17.02	18.26	1	1	1	1
20230330110345	18.61	0.0	-89.47	17.02	18.26	1	1	1	1
20230330110346	18.58	0.0	-89.48	17.02	18.26	1	1	1	1
20230330110347	18.61	0.0	-89.47	17.02	18.26	1	1	1	1
20230330110348	18.59	0.0	-89.48	17.02	18.26	1	1	1	1
20230330110349	18.59	0.0	-89.48	17.02	18.26	1	1	1	1
20230330110350	18.58	0.0	-89.48	17.02	18.25	1	1	1	1
20230330110351	18.59	0.0	-89.48	17.02	18.26	1	1	1	1
20230330110352	18.55	0.0	-89.49	17.03	18.27	1	1	1	1
20230330110353	18.59	0.0	-89.48	17.02	18.25	1	1	1	1
20230330110354	18.55	0.0	-89.49	17.02	18.25	1	1	1	1
20230330110356	18.55	0.0	-89.49	17.02	18.25	1	1	1	1
20230330110357	18.56	0.0	-89.49	17.01	18.25	1	1	1	1
20230330110358	18.58	0.0	-89.48	17.02	18.26	1	1	1	1
20230330110359	18.58	0.0	-89.48	17.01	18.25	1	1	1	1
20230330110400	18.56	0.0	-89.49	17.01	18.25	1	1	1	1
20230330110401	18.56	0.0	-89.49	17.01	18.25	1	1	1	1
20230330110402	18.56	0.0	-89.49	17.01	18.24	1	1	1	1
20230330110403	18.58	0.0	-89.48	17.0	18.24	1	1	1	1
20230330110404	18.55	0.0	-89.49	17.02	18.24	1	1	1	1
20230330110405	18.55	0.0	-89.49	17.0	18.24	1	1	1	1
20230330110406	18.56	0.0	-89.49	17.0	18.24	1	1	1	1
20230330110407	18.52	0.0	-89.5	17.01	18.24	1	1	1	1
20230330110408	18.53	0.0	-89.5	17.01	18.24	1	1	1	1
20230330110409	18.55	0.0	-89.49	17.01	18.24	1	1	1	1
20230330110410	18.51	0.0	-89.5	17.0	18.24	1	1	1	1
20230330110411	18.52	0.0	-89.5	17.0	18.24	1	1	1	1
20230330110412	18.55	0.0	-89.49	17.0	18.24	1	1	1	1
20230330110413	18.52	0.0	-89.5	17.01	18.25	1	1	1	1
20230330110414	18.53	0.0	-89.5	17.0	18.24	1	1	1	1
20230330110416	18.52	0.0	-89.5	17.0	18.24	1	1	1	1
20230330110417	18.55	0.0	-89.49	17.0	18.24	1	1	1	1
20230330110418	18.51	0.0	-89.5	17.0	18.24	1	1	1	1
20230330110419	18.53	0.0	-89.5	17.0	18.24	1	1	1	1
20230330110420	18.51	0.0	-89.5	17.0	18.24	1	1	1	1
20230330110421	18.53	0.0	-89.5	17.01	18.25	1	1	1	1
20230330110422	18.52	0.0	-89.5	17.0	18.24	1	1	1	1
20230330110423	18.51	0.0	-89.5	17.0	18.24	1	1	1	1
20230330110424	18.52	0.0	-89.5	17.0	18.24	1	1	1	1
20230330110425	18.51	0.0	-89.5	17.0	18.24	1	1	1	1
20230330110426	18.51	0.01	-75.68	16.99	18.24	1	1	1	1
20230330110427	18.55	0.0	-89.49	17.0	18.24	1	1	1	1
20230330110428	18.52	0.0	-89.5	17.0	18.24	1	1	1	1
20230330110429	18.53	0.0	-89.5	17.0	18.24	1	1	1	1
20230330110430	18.49	0.0	-89.51	17.0	18.24	1	1	1	1
20230330110431	18.51	0.0	-89.5	17.0	18.24	1	1	1	1
20230330110432	18.49	0.0	-89.51	17.0	18.24	1	1	1	1
20230330110433	18.51	0.0	-89.5	17.01	18.25	1	1	1	1
20230330110434	18.49	0.0	-89.51	16.99	18.24	1	1	1	1
20230330110436	18.51	0.0	-89.5	17.0	18.24	1	1	1	1
20230330110437	18.48	0.0	-89.51	17.0	18.24	1	1	1	1
20230330110438	18.51	0.0	-89.5	17.0	18.24	1	1	1	1
20230330110439	18.51	0.0	-89.5	16.99	18.24	1	1	1	1
20230330110440	18.48	0.0	-89.51	16.99	18.24	1	1	1	1
20230330110441	18.49	0.01	-75.69	16.99	18.24	1	1	1	1
20230330110442	18.49	0.0	-89.51	16.99	18.24	1	1	1	1
20230330110443	18.48	0.0	-89.51	17.0	18.25	1	1	1	1
20230330110444	18.48	0.0	-89.51	16.99	18.24	1	1	1	1
20230330110445	18.51	0.0	-89.5	16.99	18.24	1	1	1	1
20230330110446	18.49	0.0	-89.51	17.0	18.25	1	1	1	1
20230330110447	18.49	0.0	-89.51	16.99	18.24	1	1	1	1
20230330110448	18.49	0.0	-89.51	16.99	18.24	1	1	1	1
20230330110449	18.49	0.0	-89.51	17.0	18.24	1	1	1	1
20230330110450	18.49	0.0	-89.51	16.99	18.23	1	1	1	1
20230330110451	18.49	0.0	-89.51	16.98	18.23	1	1	1	1
20230330110452	18.48	0.0	-89.51	16.98	18.23	1	1	1	1
20230330110453	18.51	0.0	-89.5	16.98	18.23	1	1	1	1
20230330110454	18.49	0.0	-89.51	16.99	18.24	1	1	1	1
20230330110455	18.48	0.0	-89.51	16.98	18.22	1	1	1	1
20230330110457	18.48	0.0	-89.51	16.98	18.23	1	1	1	1
20230330110458	18.45	0.0	-89.53	16.98	18.23	1	1	1	1
20230330110459	18.48	0.0	-89.51	16.98	18.22	1	1	1	1
20230330110500	18.46	0.0	-89.52	16.98	18.22	1	1	1	1
20230330110501	18.45	0.01	-75.7	16.98	18.22	1	1	1	1
20230330110502	18.46	0.0	-89.52	16.98	18.22	1	1	1	1
20230330110503	18.42	0.0	-89.54	16.98	18.22	1	1	1	1
20230330110504	18.43	0.0	-89.53	16.98	18.22	1	1	1	1
20230330110505	18.43	0.0	-89.53	16.98	18.22	1	1	1	1
20230330110506	18.42	0.0	-89.54	16.98	18.22	1	1	1	1
20230330110507	18.43	0.0	-89.53	16.98	18.2	1	1	1	1
20230330110508	18.48	0.0	-89.51	16.98	18.22	1	1	1	1
20230330110509	18.46	0.0	-89.52	16.98	18.2	1	1	1	1
20230330110510	18.46	0.0	-89.52	16.98	18.22	1	1	1	1
20230330110511	18.45	0.0	-89.53	16.98	18.2	1	1	1	1
20230330110512	18.42	0.0	-89.54	16.98	18.22	1	1	1	1
20230330110513	18.42	0.0	-89.54	16.98	18.2	1	1	1	1
20230330110514	18.42	0.0	-89.54	16.98	18.22	1	1	1	1
20230330110515	18.43	0.03	-68.2	16.99	18.23	1	1	1	1
20230330110516	18.45	0.0	-89.53	16.99	18.23	1	1	1	1
20230330110518	18.43	0.01	-75.71	16.98	18.22	1	1	1	1
20230330110519	18.43	0.0	-89.53	16.98	18.22	1	1	1	1
20230330110520	18.42	0.01	-75.72	16.98	18.22	1	1	1	1
20230330110521	18.43	0.0	-89.53	16.98	18.2	1	1	1	1
20230330110522	18.42	0.0	-89.54	16.98	18.2	1	1	1	1
20230330110523	18.42	0.0	-89.54	16.98	18.22	1	1	1	1
20230330110524	18.43	0.0	-89.53	16.98	18.22	1	1	1	1
20230330110525	18.43	0.0	-89.53	16.98	18.22	1	1	1	1
20230330110526	18.38	0.0	-89.55	16.98	18.22	1	1	1	1
20230330110527	18.42	0.0	-89.54	16.98	18.22	1	1	1	1
20230330110528	18.42	0.0	-89.54	16.98	18.22	1	1	1	1
20230330110529	18.42	0.01	-75.72	16.98	18.22	1	1	1	1
20230330110530	18.45	0.0	-89.53	16.98	18.2	1	1	1	1
20230330110531	18.42	0.0	-89.54	16.98	18.22	1	1	1	1
20230330110532	18.42	0.0	-89.54	16.96	18.2	1	1	1	1
20230330110533	18.41	0.0	-89.54	16.98	18.2	1	1	1	1
20230330110534	18.42	0.0	-89.54	16.98	18.2	1	1	1	1
20230330110535	18.41	0.0	-89.54	16.96	18.2	1	1	1	1
20230330110536	18.42	0.0	-89.54	16.96	18.22	1	1	1	1
20230330110538	18.42	0.0	-89.54	16.98	18.2	1	1	1	1
20230330110539	18.43	0.0	-89.53	16.96	18.2	1	1	1	1
20230330110540	18.41	0.0	-89.54	16.96	18.2	1	1	1	1
20230330110541	18.38	0.0	-89.55	16.96	18.2	1	1	1	1
20230330110542	18.42	0.0	-89.54	16.96	18.19	1	1	1	1
20230330110543	18.41	0.0	-89.54	16.95	18.19	1	1	1	1
20230330110544	18.39	0.0	-89.55	16.96	18.2	1	1	1	1
20230330110545	18.38	0.0	-89.55	16.96	18.19	1	1	1	1
20230330110546	18.39	0.0	-89.55	16.96	18.19	1	1	1	1
20230330110547	18.41	0.0	-89.54	16.96	18.19	1	1	1	1
20230330110548	18.42	0.0	-89.54	16.96	18.19	1	1	1	1
20230330110549	18.39	0.0	-89.55	16.96	18.19	1	1	1	1
20230330110550	18.41	0.0	-89.54	16.95	18.19	1	1	1	1
20230330110551	18.39	0.0	-89.55	16.95	18.19	1	1	1	1
20230330110552	18.38	0.0	-89.55	16.95	18.19	1	1	1	1
20230330110553	18.39	0.0	-89.55	16.95	18.19	1	1	1	1
20230330110554	18.39	0.0	-89.55	16.95	18.19	1	1	1	1
20230330110555	18.36	0.0	-89.56	16.95	18.19	1	1	1	1
20230330110556	18.38	0.0	-89.55	16.95	18.19	1	1	1	1
20230330110558	18.38	0.0	-89.55	16.96	18.2	1	1	1	1
20230330110559	18.38	0.0	-89.55	16.95	18.19	1	1	1	1
20230330110600	18.38	0.0	-89.55	16.95	18.19	1	1	1	1
20230330110601	18.36	0.0	-89.56	16.96	18.2	1	1	1	1
20230330110602	18.36	0.0	-89.56	16.95	18.19	1	1	1	1
20230330110603	18.36	0.0	-89.56	16.94	18.19	1	1	1	1
20230330110604	18.38	0.01	-75.73	16.95	18.19	1	1	1	1
20230330110605	18.38	0.0	-89.55	16.94	18.19	1	1	1	1
20230330110606	18.36	0.0	-89.56	16.95	18.19	1	1	1	1
20230330110607	18.36	0.0	-89.56	16.95	18.19	1	1	1	1
20230330110608	18.36	0.0	-89.56	16.94	18.19	1	1	1	1
20230330110609	18.35	0.0	-89.56	16.95	18.19	1	1	1	1
20230330110610	18.38	0.0	-89.55	16.95	18.19	1	1	1	1
20230330110611	18.36	0.0	-89.56	16.95	18.19	1	1	1	1
20230330110612	18.38	0.0	-89.55	16.95	18.19	1	1	1	1
20230330110613	18.38	0.0	-89.55	16.95	18.19	1	1	1	1
20230330110614	18.35	0.0	-89.56	16.94	18.19	1	1	1	1
20230330110615	18.36	0.0	-89.56	16.95	18.19	1	1	1	1
20230330110616	18.36	0.0	-89.56	16.95	18.19	1	1	1	1
20230330110617	18.38	0.01	-75.73	16.95	18.19	1	1	1	1
20230330110619	18.36	0.0	-89.56	16.96	18.2	1	1	1	1
20230330110620	18.36	0.0	-89.56	16.95	18.19	1	1	1	1
20230330110621	18.36	0.0	-89.56	16.94	18.19	1	1	1	1
20230330110622	18.36	0.0	-89.56	16.95	18.19	1	1	1	1
20230330110623	18.35	0.0	-89.56	16.95	18.19	1	1	1	1
20230330110624	18.36	0.0	-89.56	16.95	18.19	1	1	1	1
20230330110625	18.35	0.0	-89.56	16.95	18.19	1	1	1	1
20230330110626	18.35	0.0	-89.56	16.95	18.19	1	1	1	1
20230330110627	18.35	0.0	-89.56	16.95	18.19	1	1	1	1
20230330110628	18.38	0.0	-89.55	16.94	18.19	1	1	1	1
20230330110629	18.38	0.0	-89.55	16.95	18.19	1	1	1	1
20230330110630	18.36	0.0	-89.56	16.94	18.19	1	1	1	1
20230330110631	18.35	0.0	-89.56	16.95	18.19	1	1	1	1
20230330110632	18.35	0.0	-89.56	16.94	18.19	1	1	1	1
20230330110633	18.33	0.0	-89.57	16.95	18.19	1	1	1	1
20230330110634	18.33	0.0	-89.57	16.94	18.19	1	1	1	1
20230330110635	18.35	0.0	-89.56	16.94	18.19	1	1	1	1
20230330110636	18.33	0.0	-89.57	16.94	18.19	1	1	1	1
20230330110637	18.33	0.0	-89.57	16.94	18.19	1	1	1	1
20230330110639	18.35	0.0	-89.56	16.94	18.19	1	1	1	1
20230330110640	18.33	0.0	-89.57	16.93	18.2	1	1	1	1
20230330110641	18.33	0.0	-89.57	16.93	18.19	1	1	1	1
20230330110642	18.35	0.0	-89.56	16.94	18.19	1	1	1	1
20230330110643	18.35	0.0	-89.56	16.94	18.19	1	1	1	1
20230330110644	18.32	0.0	-89.57	16.93	18.19	1	1	1	1
20230330110645	18.32	0.0	-89.57	16.93	18.19	1	1	1	1
20230330110646	18.33	0.0	-89.57	16.93	18.18	1	1	1	1
20230330110647	18.33	0.0	-89.57	16.93	18.18	1	1	1	1
20230330110648	18.32	0.0	-89.57	16.93	18.18	1	1	1	1
20230330110649	18.33	0.0	-89.57	16.93	18.18	1	1	1	1
20230330110650	18.33	0.0	-89.57	16.93	18.18	1	1	1	1
20230330110651	18.33	0.0	-89.57	16.93	18.18	1	1	1	1
20230330110652	18.33	0.0	-89.57	16.93	18.18	1	1	1	1
20230330110653	18.33	0.0	-89.57	16.93	18.18	1	1	1	1
20230330110654	18.32	0.0	-89.57	16.93	18.18	1	1	1	1
20230330110655	18.32	0.0	-89.57	16.93	18.18	1	1	1	1
20230330110656	18.31	0.0	-89.57	16.93	18.18	1	1	1	1
20230330110657	18.33	0.0	-89.57	16.93	18.18	1	1	1	1
20230330110658	18.31	0.0	-89.57	16.93	18.18	1	1	1	1
20230330110659	18.33	0.0	-89.57	16.93	18.18	1	1	1	1
20230330110701	18.31	0.0	-89.57	16.95	18.19	1	1	1	1
20230330110702	18.32	0.0	-89.57	16.93	18.18	1	1	1	1
20230330110703	18.31	0.0	-89.57	16.93	18.18	1	1	1	1
20230330110704	18.32	0.0	-89.57	16.93	18.18	1	1	1	1
20230330110705	18.32	0.0	-89.57	16.93	18.18	1	1	1	1
20230330110706	18.33	0.0	-89.57	16.93	18.18	1	1	1	1
20230330110707	18.29	0.0	-89.58	16.93	18.18	1	1	1	1
20230330110708	18.31	0.0	-89.57	16.93	18.18	1	1	1	1
20230330110709	18.31	0.0	-89.57	16.93	18.18	1	1	1	1
20230330110710	18.29	0.0	-89.58	16.93	18.19	1	1	1	1
20230330110711	18.32	0.0	-89.57	16.93	18.18	1	1	1	1
20230330110712	18.29	0.0	-89.58	16.93	18.18	1	1	1	1
20230330110713	18.32	0.0	-89.57	16.93	18.18	1	1	1	1
20230330110714	18.31	0.0	-89.57	16.93	18.18	1	1	1	1
20230330110715	18.32	0.0	-89.57	16.93	18.18	1	1	1	1
20230330110716	18.31	0.0	-89.57	16.93	18.18	1	1	1	1
20230330110717	18.31	0.0	-89.57	16.93	18.18	1	1	1	1
20230330110718	18.33	0.0	-89.57	16.93	18.18	1	1	1	1
20230330110719	18.31	0.0	-89.57	16.93	18.18	1	1	1	1
20230330110721	18.33	0.0	-89.57	16.93	18.18	1	1	1	1
20230330110722	18.31	0.0	-89.57	16.95	18.19	1	1	1	1
20230330110723	18.31	0.0	-89.57	16.93	18.18	1	1	1	1
20230330110724	18.31	0.0	-89.57	16.93	18.18	1	1	1	1
20230330110725	18.29	0.0	-89.58	16.93	18.18	1	1	1	1
20230330110726	18.31	0.0	-89.57	16.93	18.18	1	1	1	1
20230330110727	18.28	0.0	-89.58	16.93	18.17	1	1	1	1
20230330110728	18.29	0.0	-89.58	16.93	18.18	1	1	1	1
20230330110729	18.31	0.0	-89.57	16.93	18.18	0	1	1	1
20230330110730	18.29	0.0	-89.58	16.93	18.18	0	1	1	1
20230330110731	18.31	0.0	-89.57	16.93	18.17	0	1	1	1
20230330110732	18.32	0.0	-89.57	16.93	18.17	0	1	1	1
20230330110733	18.29	0.0	-89.58	16.93	18.17	0	1	1	1
20230330110734	18.28	0.03	-68.27	16.92	18.17	0	1	1	0
20230330110735	18.29	0.0	-89.58	16.93	18.17	0	1	1	0
20230330110737	18.31	0.0	-89.57	16.98	18.18	0	1	1	0
20230330110738	18.29	0.0	-89.58	17.0	18.19	0	1	1	0
20230330110739	18.29	0.0	-89.58	16.99	18.19	1	1	1	0
20230330110740	18.28	0.0	-89.58	16.99	18.19	1	1	1	0
20230330110741	18.28	0.0	-89.58	16.99	18.19	1	1	1	0
20230330110742	18.29	0.0	-89.58	16.99	18.2	1	1	1	0
20230330110743	18.29	0.0	-89.58	16.99	18.2	1	1	1	0
20230330110744	18.31	0.0	-89.57	16.99	18.2	1	1	1	0
20230330110745	18.31	0.0	-89.57	16.98	18.2	1	1	1	0
20230330110746	18.29	0.0	-89.58	16.99	18.2	1	1	1	0
20230330110747	18.28	0.0	-89.58	16.99	18.2	1	1	1	0
20230330110749	18.29	0.0	-89.58	16.99	18.2	1	1	1	0
20230330110750	18.28	0.0	-89.58	17.0	18.22	1	1	1	0
20230330110751	18.31	0.0	-89.57	16.98	18.2	1	1	1	0
20230330110752	18.29	0.0	-89.58	16.98	18.2	1	1	1	0
20230330110753	18.29	0.0	-89.58	16.99	18.2	1	1	1	0
20230330110754	18.27	0.0	-89.59	16.98	18.2	1	1	1	0
20230330110755	18.29	0.0	-89.58	16.98	18.19	1	1	1	0
20230330110756	18.29	0.0	-89.58	16.98	18.19	1	1	1	0
20230330110757	18.27	0.0	-89.59	16.98	18.19	1	1	1	0
20230330110758	18.27	0.0	-89.59	16.98	18.2	1	1	1	0
20230330110759	18.27	0.0	-89.59	16.98	18.2	1	1	1	0
20230330110801	18.29	0.0	-89.58	16.98	18.2	1	1	1	0
20230330110802	18.28	0.0	-89.58	17.0	18.22	1	1	1	0
20230330110803	18.27	0.0	-89.59	17.0	18.22	1	1	1	0
20230330110804	18.29	0.0	-89.58	16.98	18.19	1	1	1	0
20230330110805	18.28	0.0	-89.58	16.98	18.19	1	1	1	0
20230330110806	18.29	0.0	-89.58	17.0	18.19	1	1	1	0
20230330110807	18.28	0.0	-89.58	16.98	18.2	1	1	1	0
20230330110808	18.28	0.0	-89.58	16.98	18.2	1	1	1	0
20230330110809	18.27	0.0	-89.59	16.98	18.2	1	1	1	0
20230330110810	18.27	0.0	-89.59	16.98	18.2	1	1	1	0
20230330110811	18.28	0.0	-89.58	16.98	18.2	1	1	1	0
20230330110812	18.29	0.0	-89.58	16.98	18.19	1	1	1	0
20230330110814	18.27	0.0	-89.59	16.98	18.19	1	1	1	0
20230330110815	18.28	0.0	-89.58	16.98	18.19	1	1	1	0
20230330110816	18.28	0.0	-89.58	16.98	18.2	1	1	1	0
20230330110817	18.27	0.0	-89.59	16.98	18.19	1	1	1	0
20230330110818	18.28	0.0	-89.58	16.98	18.19	1	1	1	0
20230330110819	18.28	0.0	-89.58	16.98	18.19	1	1	1	0
20230330110820	18.27	0.0	-89.59	16.98	18.19	1	1	1	0
20230330110821	18.27	0.0	-89.59	16.98	18.19	1	1	1	0
20230330110822	18.28	0.0	-89.58	16.98	18.19	1	1	1	0
20230330110823	18.28	0.0	-89.58	16.98	18.19	1	1	1	0
20230330110824	18.28	0.01	-75.77	16.98	18.19	1	1	1	0
20230330110826	18.27	0.02	-71.12	16.98	18.19	1	1	1	0
20230330110827	18.28	0.0	-89.58	16.98	18.2	1	1	1	0
20230330110828	18.25	0.0	-89.59	16.96	18.19	1	1	1	0
20230330110829	18.27	0.0	-89.59	16.96	18.19	1	1	1	0
20230330110830	18.27	0.0	-89.59	16.96	18.19	1	1	1	0
20230330110831	18.28	0.0	-89.58	16.96	18.19	1	1	1	0
20230330110832	18.27	0.01	-75.78	16.96	18.2	1	1	1	0
20230330110833	18.27	0.0	-89.59	16.96	18.19	1	1	1	0
20230330110834	18.27	0.0	-89.59	16.95	18.19	1	1	1	0
20230330110835	18.29	0.0	-89.58	16.95	18.19	1	1	1	0
20230330110836	18.27	0.0	-89.59	16.95	18.18	1	1	1	0
20230330110837	18.27	0.0	-89.59	16.94	18.18	1	1	1	0
20230330110839	18.25	0.0	-89.59	16.95	18.18	1	1	1	0
20230330110840	18.27	0.0	-89.59	16.96	18.19	1	1	1	0
20230330110841	18.28	0.0	-89.58	16.95	18.18	1	1	1	0
20230330110842	18.27	0.0	-89.59	16.94	18.18	1	1	1	0
20230330110843	18.25	0.0	-89.59	16.95	18.19	1	1	1	0
20230330110844	18.28	0.0	-89.58	16.94	18.19	1	1	1	0
20230330110845	18.27	0.0	-89.59	16.94	18.18	1	1	1	0
20230330110846	18.25	0.0	-89.59	16.94	18.18	1	1	1	0
20230330110847	18.28	0.0	-89.58	16.94	18.18	1	1	1	0
20230330110848	18.25	0.0	-89.59	16.94	18.18	1	1	1	0
20230330110849	18.24	0.0	-89.6	16.95	18.18	1	1	1	0
20230330110851	18.28	0.0	-89.58	16.94	18.18	1	1	1	0
20230330110852	18.25	0.01	-75.79	16.95	18.19	1	1	1	0
20230330110853	18.25	0.0	-89.59	16.94	18.18	1	1	1	0
20230330110854	18.24	0.0	-89.6	16.94	18.18	1	1	1	0
20230330110855	18.25	0.0	-89.59	16.94	18.18	1	1	1	0
20230330110856	18.27	0.0	-89.59	16.94	18.18	1	1	1	0
20230330110857	18.25	0.01	-75.79	16.95	18.18	1	1	1	0
20230330110858	18.27	0.0	-89.59	16.94	18.18	1	1	1	0
20230330110859	18.25	0.0	-89.59	16.94	18.18	1	1	1	0
20230330110900	18.27	0.0	-89.59	16.94	18.18	1	1	1	0
20230330110901	18.27	0.0	-89.59	16.94	18.18	1	1	1	0
20230330110902	18.25	0.0	-89.59	16.94	18.18	1	1	1	0
20230330110904	18.24	0.0	-89.6	16.94	18.18	1	1	1	0
20230330110905	18.25	0.0	-89.59	16.95	18.19	1	1	1	0
20230330110906	18.27	0.0	-89.59	16.94	18.18	1	1	1	0
20230330110907	18.22	0.0	-89.6	16.95	18.18	1	1	1	0
20230330110908	18.24	0.01	-75.79	16.94	18.18	1	1	1	0
20230330110909	18.25	0.0	-89.59	16.95	18.18	1	1	1	0
20230330110910	18.25	0.0	-89.59	16.94	18.18	1	1	1	0
20230330110911	18.25	0.0	-89.59	16.94	18.18	1	1	1	0
20230330110912	18.24	0.0	-89.6	16.94	18.18	1	1	1	0
20230330110913	18.27	0.0	-89.59	16.94	18.18	1	1	1	0
20230330110914	18.24	0.0	-89.6	16.94	18.18	1	1	1	0
20230330110916	18.27	0.0	-89.59	16.94	18.18	1	1	1	0
20230330110917	18.25	0.0	-89.59	16.94	18.18	1	1	1	0
20230330110918	18.27	0.0	-89.59	16.95	18.18	1	1	1	0
20230330110919	18.25	0.0	-89.59	16.93	18.18	1	1	1	0
20230330110920	18.25	0.0	-89.59	16.94	18.18	1	1	1	0
20230330110921	18.27	0.0	-89.59	16.95	18.19	1	1	1	0
20230330110922	18.25	0.0	-89.59	16.93	18.12	1	1	1	0
20230330110923	18.25	0.0	-89.59	16.96	17.9	1	1	1	0
20230330110924	18.22	0.0	-89.6	17.0	17.66	1	1	1	0
20230330110926	18.24	0.0	-89.6	17.02	17.47	1	1	1	0
20230330110927	18.2	0.0	-89.61	17.06	17.32	1	1	1	0
20230330110928	18.21	0.0	-89.61	17.07	17.22	1	1	1	0
20230330110929	18.18	0.0	-89.62	17.08	17.15	1	1	1	0
20230330110930	18.18	0.0	-89.62	17.1	17.08	1	1	1	0
20230330110931	18.15	0.0	-89.63	17.13	17.04	1	1	1	0
20230330110932	18.14	0.0	-89.63	17.14	17.01	1	1	1	0
20230330110933	18.12	0.0	-89.64	17.16	16.99	1	1	1	0
20230330110934	18.09	0.0	-89.65	17.18	16.98	1	1	1	0
20230330110935	18.09	0.0	-89.65	17.21	16.98	1	1	1	0
20230330110936	18.07	0.0	-89.66	17.22	16.96	1	1	1	0
20230330110937	18.05	0.0	-89.66	17.24	16.95	1	1	1	0
20230330110939	18.04	0.0	-89.67	17.26	16.98	1	1	1	0
20230330110940	18.03	0.0	-89.67	17.28	16.96	1	1	1	0
20230330110941	18.0	0.0	-89.68	17.31	16.99	1	1	1	0
20230330110942	18.0	0.0	-89.68	17.31	16.98	1	1	1	0
20230330110943	18.0	0.0	-89.68	17.33	16.98	1	1	1	0
20230330110944	17.97	0.0	-89.69	17.35	16.98	1	1	1	0
20230330110945	17.97	0.0	-89.69	17.37	17.0	1	1	1	0
20230330110946	17.94	0.0	-89.7	17.38	16.99	1	1	1	0
20230330110947	17.93	0.0	-89.7	17.4	17.01	1	1	1	0
20230330110948	17.91	0.0	-89.71	17.41	17.02	1	1	1	0
20230330110949	17.93	0.0	-89.7	17.43	17.02	1	1	1	0
20230330110950	17.88	0.0	-89.72	17.45	17.03	1	1	1	0
20230330110952	17.87	0.0	-89.73	17.46	17.04	1	1	1	0
20230330110953	17.85	0.0	-89.73	17.48	17.07	1	1	1	0
20230330110954	17.82	0.03	-68.47	17.52	17.08	1	1	1	0
20230330110955	17.82	0.0	-89.74	17.51	17.08	1	1	1	0
20230330110956	17.84	0.0	-89.74	17.53	17.08	1	1	1	0
20230330110957	17.82	0.0	-89.74	17.54	17.08	1	1	1	0
20230330110958	17.84	0.0	-89.74	17.55	17.1	1	1	1	0
20230330110959	17.8	0.0	-89.75	17.57	17.11	1	1	1	0
20230330111000	17.77	0.0	-89.76	17.59	17.13	1	1	1	0
20230330111001	17.78	0.0	-89.76	17.6	17.13	1	1	1	0
20230330111002	17.76	0.0	-89.76	17.64	17.15	1	1	1	0
20230330111003	17.76	0.0	-89.76	17.64	17.14	1	1	1	0
20230330111005	17.71	0.0	-89.78	17.65	17.16	1	1	1	0
20230330111006	17.73	0.0	-89.77	17.66	17.16	1	1	1	0
20230330111007	17.74	0.0	-89.77	17.68	17.18	1	1	1	0
20230330111008	17.71	0.0	-89.78	17.68	17.17	1	1	1	0
20230330111009	17.71	0.0	-89.78	17.7	17.18	1	1	1	0
20230330111010	17.68	0.0	-89.79	17.7	17.2	1	1	1	0
20230330111011	17.68	0.0	-89.79	17.73	17.21	1	1	1	0
20230330111012	17.67	0.0	-89.79	17.74	17.22	1	1	1	0
20230330111013	17.67	0.0	-89.79	17.75	17.22	1	1	1	0
20230330111014	17.65	0.0	-89.8	17.76	17.22	1	1	1	0
20230330111015	17.64	0.0	-89.8	17.77	17.23	1	1	1	0
20230330111016	17.65	0.0	-89.8	17.79	17.24	1	1	1	0
20230330111018	17.63	0.0	-89.81	17.8	17.25	1	1	1	0
20230330111019	17.63	0.0	-89.81	17.81	17.25	1	1	1	0
20230330111020	17.64	0.0	-89.8	17.82	17.28	1	1	1	0
20230330111021	17.63	0.0	-89.81	17.83	17.26	1	1	1	0
20230330111022	17.61	0.0	-89.82	17.84	17.26	1	1	1	0
20230330111023	17.61	0.0	-89.82	17.87	17.29	1	1	1	0
20230330111024	17.6	0.0	-89.82	17.87	17.3	1	1	1	0
20230330111025	17.58	0.0	-89.83	17.89	17.31	1	1	1	0
20230330111027	17.6	0.0	-89.82	17.89	17.31	1	1	1	0
20230330111028	17.56	0.0	-89.83	17.9	17.31	1	1	1	0
20230330111029	17.57	0.0	-89.83	17.91	17.33	1	1	1	0
20230330111030	17.58	0.0	-89.83	17.91	17.32	1	1	1	0
20230330111031	17.57	0.0	-89.83	17.93	17.33	1	1	1	0
20230330111032	17.56	0.0	-89.83	17.94	17.33	1	1	1	0
20230330111033	17.56	0.0	-89.83	17.95	17.36	1	1	1	0
20230330111034	17.53	0.0	-89.84	17.96	17.35	1	1	1	0
20230330111035	17.53	0.0	-89.84	17.96	17.37	1	1	1	0
20230330111037	17.54	0.0	-89.84	17.98	17.37	1	1	1	0
20230330111038	17.53	0.0	-89.84	17.98	17.37	1	1	1	0
20230330111039	17.52	0.0	-89.85	18.0	17.38	1	1	1	0
20230330111040	17.54	0.0	-89.84	18.01	17.39	1	1	1	0
20230330111041	17.52	0.0	-89.85	18.01	17.39	1	1	1	0
20230330111042	17.53	0.0	-89.84	18.02	17.4	1	1	1	0
20230330111043	17.52	0.0	-89.85	18.04	17.39	1	1	1	0
20230330111044	17.5	0.0	-89.85	18.04	17.4	1	1	1	0
20230330111045	17.5	0.0	-89.85	18.04	17.4	1	1	1	0
20230330111046	17.52	0.0	-89.85	18.05	17.41	1	1	1	0
20230330111048	17.5	0.0	-89.85	18.06	17.41	1	1	1	0
20230330111049	17.49	0.0	-89.86	18.09	17.43	1	1	1	0
20230330111050	17.52	0.0	-89.85	18.09	17.44	1	1	1	0
20230330111051	17.5	0.0	-89.85	18.11	17.44	1	1	1	0
20230330111052	17.5	0.0	-89.85	18.1	17.45	1	1	1	0
20230330111053	17.49	0.0	-89.86	18.11	17.45	1	1	1	0
20230330111054	17.49	0.0	-89.86	18.12	17.46	1	1	1	0
20230330111055	17.49	0.0	-89.86	18.15	17.46	1	1	1	0
20230330111056	17.47	0.0	-89.86	18.15	17.46	1	1	1	0
20230330111057	17.44	0.0	-89.87	18.15	17.47	1	1	1	0
20230330111059	17.49	0.0	-89.86	18.15	17.47	1	1	1	0
20230330111100	17.46	0.0	-89.87	18.16	17.48	1	1	1	0
20230330111101	17.44	0.0	-89.87	18.18	17.52	1	1	1	0
20230330111102	17.47	0.0	-89.86	18.18	17.5	1	1	1	0
20230330111103	17.46	0.0	-89.87	18.18	17.51	1	1	1	0
20230330111104	17.43	0.0	-89.88	18.19	17.51	1	1	1	0
20230330111105	17.43	0.0	-89.88	18.19	17.51	1	1	1	0
20230330111106	17.46	0.0	-89.87	18.2	17.52	1	1	1	0
20230330111107	17.47	0.0	-89.86	18.22	17.53	1	1	1	0
20230330111108	17.46	0.0	-89.87	18.22	17.52	1	1	1	0
20230330111110	17.44	0.0	-89.87	18.23	17.53	1	1	1	0
20230330111111	17.44	0.0	-89.87	18.24	17.53	1	1	1	0
20230330111112	17.46	0.0	-89.87	18.25	17.55	1	1	1	0
20230330111113	17.43	0.0	-89.88	18.25	17.54	1	1	1	0
20230330111114	17.44	0.0	-89.87	18.25	17.54	1	1	1	0
20230330111115	17.43	0.0	-89.88	18.25	17.55	1	1	1	0
20230330111116	17.43	0.0	-89.88	18.26	17.55	1	1	1	0
20230330111117	17.43	0.0	-89.88	18.27	17.55	1	1	1	0
20230330111118	17.44	0.0	-89.87	18.27	17.55	1	1	1	0
20230330111120	17.44	0.0	-89.87	18.29	17.57	1	1	1	0
20230330111121	17.43	0.0	-89.88	18.3	17.58	1	1	1	0
20230330111122	17.43	0.0	-89.88	18.31	17.59	1	1	1	0
20230330111123	17.44	0.0	-89.87	18.3	17.58	1	1	1	0
20230330111124	17.42	0.0	-89.88	18.31	17.59	1	1	1	0
20230330111125	17.42	0.0	-89.88	18.32	17.59	1	1	1	0
20230330111126	17.42	0.0	-89.88	18.33	17.59	1	1	1	0
20230330111127	17.42	0.0	-89.88	18.33	17.59	1	1	1	0
20230330111128	17.42	0.0	-89.88	18.33	17.6	1	1	1	0
20230330111130	17.42	0.0	-89.88	18.33	17.61	1	1	1	0
20230330111131	17.4	0.0	-89.89	18.34	17.61	1	1	1	0
20230330111132	17.42	0.0	-89.88	18.36	17.61	1	1	1	0
20230330111133	17.42	0.0	-89.88	18.36	17.62	1	1	1	0
20230330111134	17.42	0.0	-89.88	18.37	17.62	1	1	1	0
20230330111135	17.4	0.0	-89.89	18.37	17.62	1	1	1	0
20230330111136	17.42	0.0	-89.88	18.39	17.65	1	1	1	0
20230330111137	17.4	0.0	-89.89	18.39	17.64	1	1	1	0
20230330111138	17.4	0.0	-89.89	18.39	17.65	1	1	1	0
20230330111140	17.4	0.0	-89.89	18.39	17.65	1	1	1	0
20230330111141	17.42	0.0	-89.88	18.4	17.65	1	1	1	0
20230330111142	17.4	0.0	-89.89	18.4	17.66	1	1	1	0
20230330111143	17.42	0.0	-89.88	18.41	17.66	1	1	1	0
20230330111144	17.4	0.0	-89.89	18.41	17.66	1	1	1	0
20230330111145	17.39	0.0	-89.89	18.43	17.66	1	1	1	0
20230330111146	17.42	0.0	-89.88	18.43	17.66	1	1	1	0
20230330111147	17.4	0.0	-89.89	18.44	17.67	1	1	1	0
20230330111148	17.42	0.0	-89.88	18.45	17.68	1	1	1	0
20230330111150	17.39	0.0	-89.89	18.44	17.68	1	1	1	0
20230330111151	17.42	0.0	-89.88	18.45	17.68	1	1	1	0
20230330111152	17.4	0.0	-89.89	18.46	17.69	1	1	1	0
20230330111153	17.42	0.0	-89.88	18.47	17.69	1	1	1	0
20230330111154	17.42	0.0	-89.88	18.46	17.69	1	1	1	0
20230330111155	17.44	0.0	-89.87	18.47	17.7	1	1	1	0
20230330111156	17.4	0.0	-89.89	18.47	17.7	1	1	1	0
20230330111157	17.42	0.0	-89.88	18.48	17.7	1	1	1	0
20230330111158	17.4	0.0	-89.89	18.48	17.7	1	1	1	0
20230330111159	17.42	0.0	-89.88	18.48	17.7	1	1	1	0
20230330111201	17.42	0.0	-89.88	18.48	17.7	1	1	1	0
20230330111202	17.4	0.0	-89.89	18.48	17.72	1	1	1	0
20230330111203	17.42	0.0	-89.88	18.5	17.74	1	1	1	0
20230330111204	17.44	0.0	-89.87	18.51	17.72	1	1	1	0
20230330111205	17.43	0.0	-89.88	18.51	17.73	1	1	1	0
20230330111206	17.42	0.0	-89.88	18.52	17.74	1	1	1	0
20230330111207	17.43	0.0	-89.88	18.52	17.73	1	1	1	0
20230330111208	17.43	0.0	-89.88	18.52	17.74	1	1	1	0
20230330111209	17.43	0.0	-89.88	18.53	17.74	1	1	1	0
20230330111210	17.44	0.0	-89.87	18.53	17.75	1	1	1	0
20230330111212	17.43	0.0	-89.88	18.53	17.75	1	1	1	0
20230330111213	17.4	0.0	-89.89	18.55	17.76	1	1	1	0
20230330111214	17.44	0.0	-89.87	18.54	17.75	1	1	1	0
20230330111215	17.44	0.0	-89.87	18.55	17.75	1	1	1	0
20230330111216	17.43	0.0	-89.88	18.55	17.75	1	1	1	0
20230330111217	17.43	0.0	-89.88	18.57	17.76	1	1	1	0
20230330111218	17.43	0.0	-89.88	18.57	17.76	1	1	1	0
20230330111219	17.44	0.0	-89.87	18.57	17.76	1	1	1	0
20230330111220	17.43	0.0	-89.88	18.58	17.77	1	1	1	0
20230330111222	17.47	0.0	-89.86	18.58	17.77	1	1	1	0
20230330111223	17.46	0.0	-89.87	18.58	17.77	1	1	1	0
20230330111224	17.43	0.0	-89.88	18.58	17.79	1	1	1	0
20230330111225	17.44	0.0	-89.87	18.6	17.8	1	1	1	0
20230330111226	17.46	0.0	-89.87	18.59	17.79	1	1	1	0
20230330111227	17.44	0.0	-89.87	18.59	17.8	1	1	1	0
20230330111228	17.46	0.0	-89.87	18.6	17.8	1	1	1	0
20230330111229	17.49	0.0	-89.86	18.61	17.8	1	1	1	0
20230330111230	17.47	0.0	-89.86	18.61	17.8	1	1	1	0
20230330111232	17.44	0.0	-89.87	18.61	17.8	1	1	1	0
20230330111233	17.46	0.0	-89.87	18.64	17.82	1	1	1	0
20230330111234	17.47	0.0	-89.86	18.63	17.8	1	1	1	0
20230330111235	17.49	0.0	-89.86	18.65	17.82	1	1	1	0
20230330111236	17.49	0.0	-89.86	18.64	17.82	1	1	1	0
20230330111237	17.47	0.0	-89.86	18.65	17.82	1	1	1	0
20230330111238	17.49	0.0	-89.86	18.64	17.82	1	1	1	0
20230330111239	17.49	0.0	-89.86	18.64	17.83	1	1	1	0
20230330111240	17.5	0.0	-89.85	18.65	17.82	1	1	1	0
20230330111241	17.47	0.0	-89.86	18.65	17.82	1	1	1	0
20230330111243	17.47	0.0	-89.86	18.65	17.82	1	1	1	0
20230330111244	17.49	0.0	-89.86	18.67	17.86	1	1	1	0
20230330111245	17.5	0.0	-89.85	18.66	17.84	1	1	1	0
20230330111246	17.49	0.0	-89.86	18.68	17.84	1	1	1	0
20230330111247	17.49	0.0	-89.86	18.67	17.86	1	1	1	0
20230330111248	17.5	0.0	-89.85	18.67	17.86	1	1	1	0
20230330111249	17.5	0.0	-89.85	18.68	17.86	1	1	1	0
20230330111250	17.49	0.0	-89.86	18.68	17.86	1	1	1	0
20230330111251	17.52	0.0	-89.85	18.68	17.86	1	1	1	0
20230330111253	17.52	0.0	-89.85	18.68	17.86	1	1	1	0
20230330111254	17.5	0.0	-89.85	18.71	17.87	1	1	1	0
20230330111255	17.53	0.0	-89.84	18.7	17.87	1	1	1	0
20230330111256	17.52	0.0	-89.85	18.7	17.88	1	1	1	0
20230330111257	17.5	0.0	-89.85	18.71	17.88	1	1	1	0
20230330111258	17.53	0.0	-89.84	18.71	17.88	1	1	1	0
20230330111259	17.53	0.0	-89.84	18.71	17.88	1	1	1	0
20230330111300	17.52	0.0	-89.85	18.71	17.88	1	1	1	0
20230330111301	17.52	0.0	-89.85	18.73	17.89	1	1	1	0
20230330111302	17.52	0.0	-89.85	18.72	17.88	1	1	1	0
20230330111304	17.54	0.0	-89.84	18.73	17.89	1	1	1	0
20230330111305	17.54	0.0	-89.84	18.73	17.89	1	1	1	0
20230330111306	17.53	0.0	-89.84	18.73	17.89	1	1	1	0
20230330111307	17.54	0.0	-89.84	18.74	17.9	1	1	1	0
20230330111308	17.53	0.0	-89.84	18.73	17.89	1	1	1	0
20230330111309	17.54	0.0	-89.84	18.74	17.9	1	1	1	0
20230330111310	17.53	0.0	-89.84	18.74	17.9	1	1	1	0
20230330111311	17.54	0.0	-89.84	18.74	17.9	1	1	1	0
