EventTime	aTemp	RH	DP	cTemp	mTemp	sLid	sVacuu	sPressure	IsOkay
20230403121932	21.81	0.33	-47.36	23.7	49.98	1	1	1	1
20230403121933	21.87	0.11	-56.69	23.7	49.98	1	1	1	1
20230403121934	21.87	0.13	-55.33	23.7	49.98	1	1	1	1
20230403121935	21.85	0.09	-58.32	23.7	49.98	1	1	1	1
20230403121936	21.88	0.11	-56.69	23.7	49.98	1	1	1	1
20230403121937	21.87	0.09	-58.31	23.7	49.98	1	1	1	1
20230403121938	21.87	0.11	-56.69	23.7	49.98	1	1	1	1
20230403121939	21.87	0.15	-54.14	23.7	49.98	1	1	1	1
20230403121940	21.87	0.13	-55.33	23.7	49.98	1	1	1	1
20230403121941	21.85	0.11	-56.7	23.7	49.98	1	1	1	1
20230403121942	21.85	0.13	-55.34	23.7	49.98	1	1	1	1
20230403121943	21.88	0.09	-58.3	23.7	49.98	1	1	1	1
20230403121944	21.85	0.13	-55.34	23.7	49.98	1	1	1	1
20230403121945	21.87	0.09	-58.31	23.7	49.98	1	1	1	1
20230403121947	21.87	0.13	-55.33	23.7	49.98	1	1	1	1
20230403121948	21.85	0.11	-56.7	23.7	49.98	1	1	1	1
20230403121949	21.87	0.13	-55.33	23.7	49.98	1	1	1	1
20230403121950	21.85	0.09	-58.32	23.7	49.98	1	1	1	1
20230403121951	21.85	0.07	-60.3	23.7	49.98	1	1	1	1
20230403121952	21.85	0.15	-54.15	23.7	49.98	1	1	1	1
20230403121953	21.87	0.13	-55.33	23.7	49.98	1	1	1	1
20230403121954	21.88	0.09	-58.3	23.7	49.98	1	1	1	1
20230403121955	21.85	0.11	-56.7	23.7	49.98	1	1	1	1
20230403121956	21.87	0.07	-60.29	23.7	49.98	1	1	1	1
20230403121957	21.87	0.15	-54.14	23.7	49.98	1	1	1	1
20230403121958	21.87	0.17	-53.09	23.7	49.98	1	1	1	1
20230403121959	21.88	0.11	-56.69	23.7	49.98	1	1	1	1
20230403122000	21.87	0.11	-56.69	23.7	49.98	1	1	1	1
20230403122001	21.9	0.17	-53.08	23.7	50.0	1	1	1	1
20230403122002	21.9	0.09	-58.29	23.7	49.98	1	1	1	1
20230403122003	21.88	0.03	-66.67	23.7	50.0	1	1	1	1
20230403122005	21.9	0.11	-56.68	23.7	50.0	1	1	1	1
20230403122006	21.9	0.11	-56.68	23.7	50.0	1	1	1	1
20230403122007	21.9	0.11	-56.68	23.7	50.0	1	1	1	1
20230403122008	21.91	0.09	-58.29	23.7	50.0	1	1	1	1
20230403122009	21.9	0.11	-56.68	23.7	50.0	1	1	1	1
20230403122010	21.9	0.17	-53.08	23.7	50.0	1	1	1	1
20230403122011	21.9	0.09	-58.29	23.7	50.0	1	1	1	1
20230403122012	21.9	0.19	-52.13	23.7	50.0	1	1	1	1
20230403122013	21.91	0.07	-60.27	23.71	50.01	1	1	1	1
20230403122014	21.9	0.11	-56.68	23.72	50.01	1	1	1	1
20230403122015	21.9	0.13	-55.31	23.75	50.01	1	1	1	1
20230403122016	21.9	0.07	-60.27	23.76	50.03	1	1	1	1
20230403122017	21.93	0.13	-55.3	23.8	50.06	1	1	1	1
20230403122018	21.93	0.09	-58.28	23.81	50.06	1	1	1	1
20230403122019	21.91	0.11	-56.67	23.83	50.1	1	1	1	1
20230403122020	21.91	0.19	-52.13	23.86	50.1	1	1	1	1
20230403122021	21.94	0.05	-62.84	23.89	50.13	1	1	1	1
20230403122023	21.9	0.19	-52.13	23.9	50.13	1	1	1	1
20230403122024	21.94	0.07	-60.26	23.94	50.15	1	1	1	1
20230403122025	21.94	0.13	-55.29	23.95	50.18	1	1	1	1
20230403122026	21.93	0.09	-58.28	23.96	50.2	1	1	1	1
20230403122027	21.93	0.11	-56.66	23.99	50.21	1	1	1	1
20230403122028	21.94	0.09	-58.27	24.01	50.25	1	1	1	1
20230403122029	21.94	0.15	-54.11	24.02	50.26	1	1	1	1
20230403122030	21.95	0.13	-55.29	24.06	50.26	1	1	1	1
20230403122031	21.97	0.11	-56.64	24.06	50.28	1	1	1	1
20230403122032	21.97	0.11	-56.64	24.09	50.31	1	1	1	1
20230403122033	22.0	0.11	-56.63	24.11	50.33	1	1	1	1
20230403122034	21.95	0.11	-56.65	24.14	50.35	1	1	1	1
20230403122035	21.97	0.17	-53.04	24.16	50.36	1	1	1	1
20230403122036	21.98	0.09	-58.25	24.18	50.38	1	1	1	1
20230403122037	22.0	0.13	-55.26	24.2	50.41	1	1	1	1
20230403122038	21.98	0.13	-55.27	24.21	50.43	1	1	1	1
20230403122039	22.03	0.12	-55.9	24.23	50.45	1	1	1	1
20230403122041	22.0	0.11	-56.63	24.25	50.46	1	1	1	1
20230403122042	22.01	0.15	-54.07	24.28	50.48	1	1	1	1
20230403122043	22.03	0.12	-55.9	24.28	50.48	1	1	1	1
20230403122044	22.05	0.16	-53.51	24.3	50.5	1	1	1	1
20230403122045	22.03	0.18	-52.53	24.33	50.53	1	1	1	1
20230403122046	22.05	0.04	-64.47	24.33	50.55	1	1	1	1
20230403122047	22.05	0.12	-55.89	24.35	50.55	1	1	1	1
20230403122048	22.03	0.23	-50.43	24.38	50.56	1	1	1	1
20230403122049	22.05	0.12	-55.89	24.38	50.58	1	1	1	1
20230403122050	22.04	0.07	-60.21	24.39	50.6	1	1	1	1
20230403122051	22.04	0.13	-55.24	24.43	50.61	1	1	1	1
20230403122052	22.05	0.07	-60.2	24.43	50.63	1	1	1	1
20230403122053	22.07	0.16	-53.5	24.45	50.66	1	1	1	1
20230403122054	22.07	0.14	-54.61	24.47	50.66	1	1	1	1
20230403122055	22.08	0.18	-52.5	24.49	50.7	1	1	1	1
20230403122056	22.1	0.12	-55.87	24.49	50.68	1	1	1	1
20230403122057	22.1	0.16	-53.48	24.52	50.7	1	1	1	1
20230403122059	22.08	0.16	-53.49	24.53	50.72	1	1	1	1
20230403122100	22.11	0.12	-55.86	24.54	50.75	1	1	1	1
20230403122101	22.11	0.1	-57.34	24.56	50.75	1	1	1	1
20230403122102	22.11	0.08	-59.13	24.57	50.77	1	1	1	1
20230403122103	22.13	0.1	-57.34	24.58	50.77	1	1	1	1
20230403122104	22.13	0.1	-57.34	24.6	50.78	1	1	1	1
20230403122105	22.14	0.1	-57.33	24.62	50.8	1	1	1	1
20230403122106	22.13	0.1	-57.34	24.63	50.82	1	1	1	1
20230403122107	22.14	0.12	-55.85	24.65	50.83	1	1	1	1
20230403122108	22.11	0.14	-54.59	24.66	50.83	1	1	1	1
20230403122109	22.14	0.18	-52.47	24.67	50.87	1	1	1	1
20230403122110	22.17	0.1	-57.32	24.69	50.87	1	1	1	1
20230403122111	22.15	0.18	-52.46	24.7	50.88	1	1	1	1
20230403122112	22.17	0.14	-54.56	24.71	50.9	1	1	1	1
20230403122113	22.2	0.14	-54.55	24.74	50.92	1	1	1	1
20230403122114	22.18	0.12	-55.83	24.74	50.92	1	1	1	1
20230403122115	22.2	0.12	-55.82	24.75	50.93	1	1	1	1
20230403122117	22.21	0.12	-55.81	24.76	50.93	1	1	1	1
20230403122118	22.21	0.12	-55.81	24.78	50.95	1	1	1	1
20230403122119	22.2	0.14	-54.55	24.79	50.97	1	1	1	1
20230403122120	22.2	0.14	-54.55	24.8	50.97	1	1	1	1
20230403122121	22.23	0.08	-59.07	24.81	50.98	1	1	1	1
20230403122122	22.23	0.14	-54.53	24.83	51.0	1	1	1	1
20230403122123	22.23	0.14	-54.53	24.83	51.02	1	1	1	1
20230403122124	22.25	0.14	-54.52	24.85	51.02	1	1	1	1
20230403122125	22.25	0.08	-59.06	24.87	51.04	1	1	1	1
20230403122126	22.24	0.14	-54.53	24.87	51.04	1	1	1	1
20230403122127	22.24	0.14	-54.53	24.88	51.05	1	1	1	1
20230403122128	22.25	0.12	-55.79	24.89	51.05	1	1	1	1
20230403122129	22.28	0.08	-59.04	24.91	51.09	1	1	1	1
20230403122130	22.28	0.12	-55.78	24.92	51.1	1	1	1	1
20230403122131	22.27	0.08	-59.05	24.92	51.1	1	1	1	1
20230403122132	22.29	0.12	-55.77	24.94	51.12	1	1	1	1
20230403122133	22.29	0.18	-52.39	24.94	51.1	1	1	1	1
20230403122135	22.27	0.18	-52.4	24.97	51.12	1	1	1	1
20230403122136	22.31	0.12	-55.76	24.97	51.14	1	1	1	1
20230403122137	22.29	0.12	-55.77	24.97	51.15	1	1	1	1
20230403122138	22.31	0.16	-53.38	24.98	51.15	1	1	1	1
20230403122139	22.31	0.16	-53.38	25.01	51.17	1	1	1	1
20230403122140	22.29	0.14	-54.5	25.01	51.17	1	1	1	1
20230403122141	22.32	0.2	-51.48	25.02	51.19	1	1	1	1
20230403122142	22.34	0.08	-59.01	25.04	51.19	1	1	1	1
20230403122143	22.32	0.12	-55.76	25.04	51.2	1	1	1	1
20230403122144	22.34	0.07	-60.07	25.05	51.2	1	1	1	1
20230403122145	22.37	0.13	-55.08	25.06	51.22	1	1	1	1
20230403122146	22.35	0.13	-55.09	25.06	51.22	1	1	1	1
20230403122147	22.35	0.16	-53.36	25.09	51.26	1	1	1	1
20230403122148	22.38	0.18	-52.35	25.09	51.26	1	1	1	1
20230403122149	22.37	0.14	-54.46	25.09	51.26	1	1	1	1
20230403122150	22.39	0.15	-53.88	25.11	51.26	1	1	1	1
20230403122152	22.38	0.2	-51.45	25.11	51.26	1	1	1	1
20230403122153	22.41	0.19	-51.87	25.13	51.27	1	1	1	1
20230403122154	22.39	0.11	-56.44	25.14	51.27	1	1	1	1
20230403122155	22.41	0.09	-58.04	25.14	51.27	1	1	1	1
20230403122156	22.42	0.15	-53.86	25.14	51.31	1	1	1	1
20230403122157	22.41	0.13	-55.06	25.15	51.31	1	1	1	1
20230403122158	22.44	0.15	-53.85	25.17	51.32	1	1	1	1
20230403122159	22.44	0.11	-56.41	25.17	51.32	1	1	1	1
20230403122200	22.45	0.15	-53.85	25.19	51.32	1	1	1	1
20230403122201	22.42	0.16	-53.32	25.19	51.34	1	1	1	1
20230403122202	22.42	0.19	-51.86	25.19	51.36	1	1	1	1
20230403122203	22.45	0.23	-50.2	25.2	51.34	1	1	1	1
20230403122204	22.45	0.09	-58.02	25.2	51.34	1	1	1	1
20230403122205	22.47	0.19	-51.84	25.22	51.36	1	1	1	1
20230403122206	22.49	0.21	-50.97	25.23	51.39	1	1	1	1
20230403122207	22.48	0.15	-53.83	25.23	51.39	1	1	1	1
20230403122208	22.48	0.19	-51.83	25.24	51.41	1	1	1	1
20230403122209	22.49	0.13	-55.02	25.24	51.39	1	1	1	1
20230403122211	22.51	0.09	-58.0	25.26	51.39	1	1	1	1
20230403122212	22.49	0.13	-55.02	25.26	51.41	1	1	1	1
20230403122213	22.51	0.17	-52.76	25.27	51.41	1	1	1	1
20230403122214	22.49	0.15	-53.83	25.28	51.43	1	1	1	1
20230403122215	22.51	0.11	-56.38	25.3	51.43	1	1	1	1
20230403122216	22.51	0.15	-53.82	25.3	51.44	1	1	1	1
20230403122217	22.51	0.11	-56.38	25.3	51.44	1	1	1	1
20230403122218	22.49	0.17	-52.77	25.3	51.46	1	1	1	1
20230403122219	22.52	0.17	-52.76	25.32	51.48	1	1	1	1
20230403122220	22.54	0.17	-52.75	25.32	51.48	1	1	1	1
20230403122221	22.54	0.11	-56.36	25.32	51.46	1	1	1	1
20230403122222	22.54	0.17	-52.75	25.34	51.48	1	1	1	1
20230403122223	22.57	0.13	-54.98	25.35	51.49	1	1	1	1
20230403122224	22.55	0.17	-52.74	25.35	51.49	1	1	1	1
20230403122225	22.57	0.13	-54.98	25.36	51.51	1	1	1	1
20230403122226	22.57	0.15	-53.79	25.36	51.51	1	1	1	1
20230403122227	22.57	0.13	-54.98	25.36	51.53	1	1	1	1
20230403122229	22.57	0.17	-52.73	25.38	51.53	1	1	1	1
20230403122230	22.61	0.13	-54.96	25.38	51.53	1	1	1	1
20230403122231	22.61	0.15	-53.77	25.4	51.53	1	1	1	1
20230403122232	22.59	0.15	-53.78	25.39	51.54	1	1	1	1
20230403122233	22.62	0.11	-56.32	25.39	51.54	1	1	1	1
20230403122234	22.64	0.13	-54.94	25.4	51.54	1	1	1	1
20230403122235	22.62	0.11	-56.32	25.4	51.54	1	1	1	1
20230403122236	22.62	0.15	-53.76	25.42	51.54	1	1	1	1
20230403122237	22.62	0.19	-51.76	25.42	51.56	1	1	1	1
20230403122238	22.62	0.15	-53.76	25.43	51.56	1	1	1	1
20230403122239	22.62	0.15	-53.76	25.43	51.56	1	1	1	1
20230403122240	22.64	0.15	-53.75	25.43	51.58	1	1	1	1
20230403122241	22.67	0.15	-53.74	25.44	51.58	1	1	1	1
20230403122242	22.65	0.11	-56.31	25.44	51.6	1	1	1	1
20230403122243	22.65	0.11	-56.31	25.46	51.6	1	1	1	1
20230403122244	22.65	0.23	-50.1	25.47	51.61	1	1	1	1
20230403122245	22.7	0.13	-54.91	25.47	51.6	1	1	1	1
20230403122247	22.67	0.11	-56.3	25.47	51.61	1	1	1	1
20230403122248	22.67	0.21	-50.88	25.47	51.61	1	1	1	1
20230403122249	22.67	0.13	-54.93	25.47	51.61	1	1	1	1
20230403122250	22.7	0.15	-53.72	25.48	51.61	1	1	1	1
20230403122251	22.72	0.16	-53.17	25.48	51.63	1	1	1	1
20230403122252	22.74	0.11	-56.26	25.48	51.63	1	1	1	1
20230403122253	22.71	0.17	-52.66	25.49	51.65	1	1	1	1
20230403122254	22.7	0.11	-56.28	25.51	51.63	1	1	1	1
20230403122255	22.72	0.11	-56.27	25.51	51.65	1	1	1	1
20230403122256	22.71	0.17	-52.66	25.51	51.65	1	1	1	1
20230403122257	22.71	0.17	-52.66	25.51	51.66	1	1	1	1
20230403122258	22.71	0.11	-56.28	25.52	51.66	1	1	1	1
20230403122259	22.74	0.16	-53.16	25.52	51.68	1	1	1	1
20230403122300	22.72	0.17	-52.66	25.52	51.68	1	1	1	1
20230403122301	22.74	0.17	-52.65	25.52	51.68	1	1	1	1
20230403122302	22.76	0.14	-54.27	25.53	51.68	1	1	1	1
20230403122303	22.75	0.16	-53.15	25.53	51.68	1	1	1	1
20230403122304	22.74	0.13	-54.89	25.56	51.72	1	1	1	1
20230403122306	22.74	0.17	-52.65	25.55	51.7	1	1	1	1
20230403122307	22.75	0.16	-53.15	25.56	51.7	1	1	1	1
20230403122308	22.76	0.11	-56.25	25.56	51.7	1	1	1	1
20230403122309	22.76	0.17	-52.64	25.56	51.7	1	1	1	1
20230403122310	22.76	0.11	-56.25	25.57	51.73	1	1	1	1
20230403122311	22.78	0.11	-56.24	25.57	51.72	1	1	1	1
20230403122312	22.78	0.1	-57.02	25.57	51.73	1	1	1	1
20230403122313	22.78	0.17	-52.63	25.57	51.72	1	1	1	1
20230403122314	22.79	0.14	-54.25	25.57	51.72	1	1	1	1
20230403122315	22.82	0.12	-55.51	25.57	51.73	1	1	1	1
20230403122316	22.81	0.12	-55.52	25.59	51.72	1	1	1	1
20230403122317	22.81	0.08	-58.79	25.59	51.73	1	1	1	1
20230403122318	22.81	0.2	-51.22	25.59	51.75	1	1	1	1
20230403122319	22.79	0.14	-54.25	25.6	51.75	1	1	1	1
20230403122321	22.81	0.1	-57.0	25.61	51.75	1	1	1	1
20230403122322	22.83	0.2	-51.21	25.6	51.75	1	1	1	1
20230403122323	22.83	0.14	-54.23	25.61	51.75	1	1	1	1
20230403122324	22.83	0.16	-53.11	25.61	51.75	1	1	1	1
20230403122325	22.83	0.2	-51.21	25.63	51.77	1	1	1	1
20230403122326	22.86	0.18	-52.1	25.63	51.75	1	1	1	1
20230403122327	22.85	0.18	-52.1	25.64	51.78	1	1	1	1
20230403122328	22.86	0.08	-58.76	25.64	51.77	1	1	1	1
20230403122329	22.86	0.16	-53.1	25.64	51.77	1	1	1	1
20230403122330	22.86	0.12	-55.49	25.64	51.77	1	1	1	1
20230403122331	22.88	0.16	-53.09	25.64	51.78	1	1	1	1
20230403122332	22.88	0.16	-53.09	25.64	51.78	1	1	1	1
20230403122334	22.86	0.14	-54.22	25.65	51.8	1	1	1	1
20230403122335	22.86	0.12	-55.49	25.64	51.78	1	1	1	1
20230403122336	22.88	0.16	-53.09	25.65	51.8	1	1	1	1
20230403122337	22.88	0.18	-52.09	25.65	51.8	1	1	1	1
20230403122338	22.91	0.16	-53.07	25.65	51.8	1	1	1	1
20230403122339	22.89	0.16	-53.08	25.67	51.82	1	1	1	1
20230403122340	22.91	0.12	-55.47	25.67	51.82	1	1	1	1
20230403122341	22.91	0.12	-55.47	25.67	51.82	1	1	1	1
20230403122342	22.92	0.12	-55.46	25.67	51.82	1	1	1	1
20230403122343	22.91	0.2	-51.17	25.68	51.82	1	1	1	1
20230403122344	22.91	0.16	-53.07	25.68	51.82	1	1	1	1
20230403122345	22.93	0.2	-51.16	25.68	51.82	1	1	1	1
20230403122346	22.92	0.26	-48.88	25.68	51.84	1	1	1	1
20230403122347	22.93	0.1	-56.94	25.69	51.84	1	1	1	1
20230403122349	22.95	0.12	-55.45	25.69	51.85	1	1	1	1
20230403122350	22.93	0.12	-55.46	25.69	51.84	1	1	1	1
20230403122351	22.93	0.16	-53.06	25.69	51.84	1	1	1	1
20230403122352	22.96	0.12	-55.44	25.69	51.85	1	1	1	1
20230403122353	22.96	0.14	-54.16	25.69	51.84	1	1	1	1
20230403122354	22.98	0.14	-54.15	25.69	51.85	1	1	1	1
20230403122355	22.95	0.22	-50.33	25.71	51.85	1	1	1	1
20230403122356	22.98	0.12	-55.43	25.71	51.85	1	1	1	1
20230403122357	22.95	0.18	-52.05	25.71	51.85	1	1	1	1
20230403122358	22.98	0.12	-55.43	25.72	51.87	1	1	1	1
20230403122359	22.96	0.16	-53.05	25.72	51.87	1	1	1	1
20230403122400	22.99	0.22	-50.31	25.72	51.87	1	1	1	1
20230403122401	22.98	0.18	-52.04	25.72	51.87	1	1	1	1
20230403122402	22.96	0.16	-53.05	25.72	51.87	1	1	1	1
20230403122403	23.01	0.24	-49.54	25.73	51.87	1	1	1	1
20230403122404	22.99	0.18	-52.03	25.73	51.87	1	1	1	1
20230403122406	23.01	0.16	-53.02	25.73	51.89	1	1	1	1
20230403122407	22.99	0.14	-54.15	25.73	51.89	1	1	1	1
20230403122408	23.01	0.14	-54.14	25.73	51.89	1	1	1	1
20230403122409	23.02	0.16	-53.01	25.75	51.89	1	1	1	1
20230403122410	23.01	0.16	-53.02	25.75	51.9	1	1	1	1
20230403122411	23.02	0.14	-54.13	25.75	51.89	1	1	1	1
20230403122412	23.02	0.18	-52.02	25.75	51.89	1	1	1	1
20230403122413	23.02	0.1	-56.9	25.75	51.89	1	1	1	1
20230403122414	23.02	0.1	-56.9	25.75	51.9	1	1	1	1
20230403122415	23.03	0.14	-54.13	25.75	51.9	1	1	1	1
20230403122416	23.03	0.14	-54.13	25.75	51.9	1	1	1	1
20230403122417	23.05	0.14	-54.12	25.75	51.9	1	1	1	1
20230403122418	23.05	0.14	-54.12	25.75	51.9	1	1	1	1
20230403122419	23.06	0.16	-52.99	25.76	51.9	1	1	1	1
20230403122420	23.05	0.2	-51.1	25.76	51.9	1	1	1	1
20230403122421	23.06	0.14	-54.11	25.76	51.9	1	1	1	1
20230403122422	23.08	0.12	-55.38	25.76	51.92	1	1	1	1
20230403122424	23.08	0.16	-52.98	25.77	51.9	1	1	1	1
20230403122425	23.08	0.15	-53.53	25.76	51.92	1	1	1	1
20230403122426	23.05	0.24	-49.52	25.77	51.92	0	1	1	1
20230403122427	23.08	0.15	-53.53	25.77	51.92	0	1	1	1
20230403122428	23.11	0.18	-51.97	25.77	51.9	0	1	0	1
20230403122429	23.08	0.12	-55.38	25.77	51.9	0	1	0	1
20230403122430	23.06	0.24	-49.51	25.77	51.97	0	1	0	1
20230403122431	23.05	2.27	-27.63	25.79	52.01	0	1	0	1
20230403122432	23.06	6.66	-15.29	25.8	52.01	0	1	0	1
20230403122433	23.02	11.41	-8.61	25.79	52.04	0	1	0	1
20230403122434	23.06	15.25	-4.79	25.8	52.08	0	1	0	1
20230403122435	23.06	19.82	-1.26	25.8	52.08	0	1	0	1
20230403122436	23.06	23.77	1.24	25.8	52.08	0	1	0	1
20230403122437	23.08	27.18	3.14	25.8	52.09	0	1	0	1
20230403122438	23.06	30.64	4.84	25.83	52.11	0	1	0	1
20230403122439	22.99	32.54	5.64	25.81	52.11	0	1	0	1
20230403122440	22.95	33.08	5.84	25.81	52.13	0	1	0	1
20230403122442	23.03	33.07	5.91	25.84	52.15	0	1	0	1
20230403122443	23.68	34.7	7.18	25.83	52.11	0	1	0	1
20230403122444	23.89	35.63	7.75	25.84	52.13	0	1	0	1
20230403122445	23.93	36.64	8.2	25.84	52.11	0	1	0	1
20230403122446	23.91	36.66	8.19	25.85	52.11	0	1	0	1
20230403122447	23.87	36.79	8.21	25.85	52.11	0	1	0	1
20230403122448	23.74	36.45	7.95	25.85	52.09	0	1	0	1
20230403122449	23.56	35.75	7.51	25.85	52.08	0	1	0	1
20230403122450	23.46	35.15	7.17	25.87	52.11	0	1	0	1
20230403122451	23.35	34.77	6.92	25.85	52.11	0	1	0	1
20230403122452	23.25	34.44	6.69	25.85	52.11	0	1	0	1
20230403122453	23.12	34.24	6.49	25.87	52.11	0	1	0	1
20230403122454	23.05	34.11	6.38	25.87	52.09	0	1	0	1
20230403122455	23.02	33.57	6.12	25.87	52.01	0	1	0	1
20230403122456	22.96	32.08	5.41	25.88	52.04	0	1	1	1
20230403122457	22.93	29.39	4.13	25.87	52.06	0	1	1	1
20230403122458	22.93	25.96	2.37	25.87	52.08	0	1	1	1
20230403122459	22.92	22.6	0.43	25.87	52.06	0	1	1	1
20230403122501	22.91	16.69	-3.71	25.87	52.06	0	1	1	1
20230403122502	22.93	14.44	-5.61	25.87	52.06	0	1	1	1
20230403122503	22.92	12.5	-7.51	25.85	52.04	0	1	1	1
20230403122504	22.93	10.96	-9.19	25.87	52.06	0	1	1	1
20230403122505	22.95	9.44	-11.07	25.85	52.06	0	1	1	1
20230403122506	22.98	8.2	-12.8	25.85	52.04	0	1	1	1
20230403122507	22.95	7.14	-14.53	25.87	52.02	0	1	0	1
20230403122508	22.98	6.24	-16.14	25.87	51.99	0	1	0	1
20230403122509	22.96	5.49	-17.68	25.87	52.04	0	1	0	1
20230403122510	22.96	5.69	-17.25	25.88	52.09	0	1	0	1
20230403122511	22.88	9.4	-11.17	25.87	52.13	0	1	0	1
20230403122512	22.85	14.39	-5.72	25.88	52.15	0	1	0	1
20230403122513	22.85	19.81	-1.44	25.89	52.16	0	1	0	1
20230403122514	22.88	24.29	1.39	25.88	52.16	0	1	0	1
20230403122515	22.92	28.08	3.47	25.89	52.15	0	1	0	1
20230403122516	22.86	31.01	4.83	25.89	52.11	0	1	0	1
20230403122517	22.81	31.94	5.22	25.89	52.06	0	1	1	1
20230403122518	22.79	30.22	4.4	25.89	52.09	0	1	1	1
20230403122520	22.82	27.05	2.85	25.91	52.09	0	1	1	1
20230403122521	22.82	23.65	0.97	25.89	52.09	0	1	1	1
20230403122522	22.81	20.35	-1.11	25.89	52.06	0	1	1	1
20230403122523	22.82	17.53	-3.12	25.89	52.08	0	1	1	1
20230403122524	22.85	15.17	-5.03	25.89	52.06	1	1	1	1
20230403122525	22.85	13.2	-6.85	25.89	52.09	1	1	1	1
20230403122526	22.85	11.48	-8.66	25.89	52.06	1	1	1	1
20230403122527	22.86	10.06	-10.33	25.89	52.08	1	1	1	1
20230403122528	22.89	8.62	-12.25	25.89	52.06	1	1	1	1
20230403122529	22.86	7.55	-13.91	25.89	52.06	1	1	1	1
20230403122530	22.89	6.59	-15.54	25.91	52.06	1	1	1	1
20230403122531	22.92	5.81	-17.03	25.89	52.06	1	1	1	1
20230403122532	22.92	4.59	-19.81	25.91	52.09	1	1	1	1
20230403122534	22.93	4.07	-21.2	25.91	52.09	1	1	1	1
20230403122535	22.96	3.63	-22.48	25.89	52.08	1	1	1	1
20230403122536	22.98	3.23	-23.79	25.91	52.08	1	1	1	1
20230403122537	22.96	2.91	-24.97	25.89	52.08	1	1	1	1
20230403122538	22.98	2.65	-25.99	25.91	52.08	1	1	1	1
20230403122539	22.96	2.38	-27.18	25.91	52.08	1	1	1	1
20230403122540	22.98	2.19	-28.07	25.91	52.08	1	1	1	1
20230403122541	22.98	1.95	-29.31	25.91	52.08	1	1	1	1
20230403122542	22.99	1.87	-29.75	25.91	52.08	1	1	1	1
20230403122543	23.01	1.7	-30.75	25.91	52.08	1	1	1	1
20230403122544	23.03	1.43	-32.54	25.91	52.08	1	1	1	1
20230403122545	23.03	1.38	-32.91	25.91	52.08	1	1	1	1
20230403122547	23.03	1.22	-34.17	25.91	52.09	1	1	1	1
20230403122548	23.02	1.12	-35.05	25.91	52.11	1	1	1	1
20230403122549	23.06	1.09	-35.3	25.91	52.09	1	1	1	1
20230403122550	23.06	1.1	-35.2	25.91	52.08	1	1	1	1
20230403122551	23.03	0.94	-36.8	25.91	52.09	1	1	1	1
20230403122552	23.06	0.94	-36.78	25.91	52.08	1	1	1	1
20230403122553	23.06	0.89	-37.32	25.91	52.09	1	1	1	1
20230403122554	23.08	0.87	-37.53	25.91	52.09	1	1	1	1
20230403122555	23.06	0.85	-37.77	25.91	52.09	1	1	1	1
20230403122556	23.06	0.7	-39.67	25.91	52.09	1	1	1	1
20230403122557	23.08	0.69	-39.79	25.91	52.09	1	1	1	1
20230403122558	23.09	0.69	-39.79	25.91	52.09	1	1	1	1
20230403122559	23.06	0.72	-39.39	25.91	52.09	1	1	1	1
20230403122601	23.11	0.65	-40.35	25.91	52.08	1	1	1	1
20230403122602	23.11	0.65	-40.35	25.91	52.11	1	1	1	1
20230403122603	23.09	0.63	-40.66	25.91	52.11	1	1	1	1
20230403122604	23.09	0.54	-42.13	25.91	52.09	1	1	1	1
20230403122605	23.11	0.54	-42.12	25.91	52.09	1	1	1	1
20230403122606	23.12	0.59	-41.27	25.91	52.11	1	1	1	1
20230403122607	23.11	0.6	-41.12	25.91	52.11	1	1	1	1
20230403122608	23.11	0.63	-40.65	25.91	52.09	1	1	1	1
20230403122609	23.09	0.53	-42.3	25.91	52.09	1	1	1	1
20230403122610	23.12	0.51	-42.65	25.91	52.11	1	1	1	1
20230403122611	23.11	0.49	-43.03	25.92	52.11	1	1	1	1
20230403122612	23.11	0.47	-43.42	25.91	52.09	1	1	1	1
20230403122613	23.16	0.47	-43.39	25.92	52.11	1	1	1	1
20230403122615	23.14	0.53	-42.27	25.91	52.11	1	1	1	1
20230403122616	23.15	0.45	-43.8	25.92	52.11	1	1	1	1
20230403122617	23.15	0.49	-43.01	25.92	52.11	1	1	1	1
20230403122618	23.14	0.47	-43.4	25.91	52.11	1	1	1	1
20230403122619	23.16	0.49	-43.0	25.91	52.09	1	1	1	1
20230403122620	23.15	0.49	-43.01	25.91	52.11	1	1	1	1
20230403122621	23.16	0.49	-43.0	25.91	52.11	1	1	1	1
20230403122622	23.16	0.43	-44.21	25.91	52.11	1	1	1	1
20230403122623	23.18	0.43	-44.2	25.92	52.11	1	1	1	1
20230403122624	23.15	0.47	-43.39	25.91	52.11	1	1	1	1
20230403122625	23.18	0.43	-44.2	25.92	52.11	1	1	1	1
20230403122626	23.18	0.47	-43.38	25.91	52.11	1	1	1	1
20230403122627	23.18	0.45	-43.78	25.92	52.11	1	1	1	1
20230403122628	23.19	0.43	-44.2	25.91	52.11	1	1	1	1
20230403122629	23.19	0.45	-43.78	25.91	52.11	1	1	1	1
20230403122630	23.19	0.45	-43.78	25.92	52.11	1	1	1	1
20230403122631	23.19	0.39	-45.09	25.91	52.11	1	1	1	1
20230403122633	23.18	0.41	-44.64	25.94	52.13	1	1	1	1
20230403122634	23.21	0.45	-43.76	25.92	52.11	1	1	1	1
20230403122635	23.19	0.43	-44.2	25.92	52.11	1	1	1	1
20230403122636	23.21	0.47	-43.36	25.92	52.11	1	1	1	1
20230403122637	23.21	0.39	-45.08	25.92	52.11	1	1	1	1
20230403122638	23.19	0.39	-45.09	25.92	52.11	1	1	1	1
20230403122639	23.21	0.41	-44.62	25.92	52.11	1	1	1	1
20230403122640	23.22	0.41	-44.62	25.92	52.11	1	1	1	1
20230403122641	23.21	0.39	-45.08	25.92	52.11	1	1	1	1
20230403122642	23.19	0.39	-45.09	25.94	52.15	1	1	1	1
20230403122643	23.21	0.39	-45.08	25.92	52.11	1	1	1	1
20230403122644	23.22	0.41	-44.62	25.92	52.11	1	1	1	1
20230403122645	23.21	0.39	-45.08	25.94	52.11	1	1	1	1
20230403122646	23.21	0.41	-44.62	25.92	52.11	1	1	1	1
20230403122647	23.23	0.37	-45.55	25.92	52.11	1	1	1	1
20230403122648	23.22	0.37	-45.56	25.94	52.13	1	1	1	1
20230403122649	23.23	0.39	-45.07	25.92	52.13	1	1	1	1
20230403122651	23.22	0.37	-45.56	25.92	52.11	1	1	1	1
20230403122652	23.23	0.33	-46.59	25.94	52.13	1	1	1	1
20230403122653	23.25	0.43	-44.16	25.94	52.13	1	1	1	1
20230403122654	23.22	0.35	-46.06	25.94	52.13	1	1	1	1
20230403122655	23.26	0.39	-45.06	25.94	52.13	1	1	1	1
20230403122656	23.26	0.37	-45.54	25.94	52.13	1	1	1	1
20230403122657	23.26	0.35	-46.04	25.94	52.15	1	1	1	1
20230403122658	23.23	0.35	-46.06	25.94	52.13	1	1	1	1
20230403122659	23.26	0.35	-46.04	25.94	52.13	1	1	1	1
20230403122700	23.26	0.41	-44.6	25.94	52.15	1	1	1	1
20230403122701	23.27	0.39	-45.05	25.94	52.15	1	1	1	1
20230403122702	23.26	0.35	-46.04	25.94	52.15	1	1	1	1
20230403122703	23.25	0.35	-46.05	25.94	52.15	1	1	1	1
20230403122704	23.29	0.35	-46.03	25.95	52.13	1	1	1	1
20230403122705	23.26	0.33	-46.57	25.94	52.13	1	1	1	1
20230403122706	23.26	0.35	-46.04	25.95	52.13	1	1	1	1
20230403122707	23.29	0.35	-46.03	25.94	52.13	1	1	1	1
20230403122709	23.27	0.39	-45.05	25.95	52.15	1	1	1	1
20230403122710	23.27	0.29	-47.73	25.95	52.15	1	1	1	1
20230403122711	23.27	0.31	-47.13	25.95	52.16	1	1	1	1
20230403122712	23.29	0.33	-46.56	25.94	52.15	1	1	1	1
20230403122713	23.27	0.31	-47.13	25.94	52.13	1	1	1	1
20230403122714	23.29	0.35	-46.03	25.94	52.13	1	1	1	1
20230403122715	23.27	0.35	-46.04	25.94	52.13	1	1	1	1
20230403122716	23.3	0.33	-46.55	25.95	52.13	1	1	1	1
20230403122717	23.29	0.35	-46.03	25.94	52.15	1	1	1	1
20230403122718	23.3	0.41	-44.57	25.94	52.15	1	1	1	1
20230403122719	23.29	0.31	-47.12	25.95	52.15	1	1	1	1
20230403122720	23.3	0.29	-47.71	25.94	52.15	1	1	1	1
20230403122721	23.3	0.31	-47.11	25.95	52.15	1	1	1	1
20230403122722	23.32	0.33	-46.54	25.95	52.15	1	1	1	1
20230403122723	23.33	0.31	-47.1	25.95	52.16	1	1	1	1
20230403122724	23.29	0.39	-45.04	25.95	52.15	1	1	1	1
20230403122725	23.33	0.27	-48.33	25.95	52.15	1	1	1	1
20230403122727	23.32	0.31	-47.1	25.95	52.16	1	1	1	1
20230403122728	23.3	0.29	-47.71	25.95	52.15	1	1	1	1
20230403122729	23.32	0.31	-47.1	25.96	52.15	1	1	1	1
20230403122730	23.33	0.27	-48.33	25.96	52.16	1	1	1	1
20230403122731	23.32	0.39	-45.02	25.96	52.16	1	1	1	1
20230403122732	23.33	0.35	-46.0	25.95	52.15	1	1	1	1
20230403122733	23.33	0.31	-47.1	25.95	52.15	1	1	1	1
20230403122734	23.33	0.33	-46.54	25.95	52.16	1	1	1	1
20230403122735	23.32	0.29	-47.7	25.95	52.16	1	1	1	1
20230403122736	23.33	0.31	-47.1	25.95	52.18	1	1	1	1
20230403122737	23.32	0.35	-46.01	25.95	52.16	1	1	1	1
20230403122738	23.33	0.35	-46.0	25.95	52.16	1	1	1	1
20230403122739	23.33	0.37	-45.5	25.95	52.16	1	1	1	1
20230403122740	23.36	0.27	-48.31	25.96	52.16	1	1	1	1
20230403122741	23.36	0.41	-44.54	25.96	52.18	1	1	1	1
20230403122742	23.37	0.27	-48.31	25.95	52.18	1	1	1	1
20230403122743	23.33	0.39	-45.02	25.96	52.16	1	1	1	1
20230403122745	23.35	0.33	-46.52	25.96	52.18	1	1	1	1
20230403122746	23.36	0.29	-47.68	25.96	52.16	1	1	1	1
20230403122747	23.36	0.37	-45.48	25.96	52.16	1	1	1	1
20230403122748	23.35	0.33	-46.52	25.96	52.18	1	1	1	1
20230403122749	23.36	0.35	-45.99	25.96	52.18	1	1	1	1
20230403122750	23.33	0.31	-47.1	25.95	52.16	1	1	1	1
20230403122751	23.35	0.21	-50.52	25.96	52.16	1	1	1	1
20230403122752	23.33	0.33	-46.54	25.96	52.16	1	1	1	1
20230403122753	23.37	0.35	-45.98	25.96	52.18	1	1	1	1
20230403122754	23.36	0.29	-47.68	25.96	52.18	1	1	1	1
20230403122755	23.36	0.29	-47.68	25.96	52.18	1	1	1	1
20230403122756	23.37	0.27	-48.31	25.96	52.18	1	1	1	1
20230403122757	23.36	0.31	-47.08	25.96	52.16	1	1	1	1
20230403122758	23.37	0.29	-47.67	25.96	52.16	1	1	1	1
20230403122759	23.37	0.29	-47.67	25.96	52.16	1	1	1	1
20230403122800	23.36	0.29	-47.68	25.96	52.16	1	1	1	1
20230403122801	23.37	0.33	-46.51	25.96	52.16	1	1	1	1
20230403122802	23.37	0.31	-47.08	25.98	52.18	1	1	1	1
20230403122804	23.37	0.33	-46.51	25.96	52.16	1	1	1	1
20230403122805	23.37	0.29	-47.67	25.96	52.16	1	1	1	1
20230403122806	23.37	0.25	-48.99	25.96	52.18	1	1	1	1
20230403122807	23.39	0.29	-47.66	25.96	52.16	1	1	1	1
20230403122808	23.37	0.31	-47.08	25.96	52.16	1	1	1	1
20230403122809	23.39	0.29	-47.66	25.98	52.16	1	1	1	1
20230403122810	23.39	0.29	-47.66	25.96	52.18	1	1	1	1
20230403122811	23.39	0.29	-47.66	25.96	52.18	1	1	1	1
20230403122812	23.39	0.35	-45.97	25.96	52.18	1	1	1	1
20230403122813	23.4	0.32	-46.78	25.98	52.18	1	1	1	1
20230403122814	23.39	0.31	-47.07	25.98	52.18	1	1	1	1
20230403122815	23.39	0.31	-47.07	25.98	52.18	1	1	1	1
20230403122816	23.39	0.29	-47.66	25.98	52.16	1	1	1	1
20230403122817	23.4	0.32	-46.78	25.98	52.18	1	1	1	1
20230403122818	23.4	0.39	-44.98	25.98	52.18	1	1	1	1
20230403122819	23.42	0.35	-45.95	25.98	52.18	1	1	1	1
20230403122820	23.4	0.33	-46.5	25.98	52.18	1	1	1	1
20230403122822	23.4	0.27	-48.29	25.98	52.18	1	1	1	1
20230403122823	23.4	0.23	-49.7	25.98	52.2	1	1	1	1
20230403122824	23.4	0.27	-48.29	25.98	52.2	1	1	1	1
20230403122825	23.4	0.33	-46.5	25.96	52.2	1	1	1	1
20230403122826	23.4	0.27	-48.29	25.98	52.2	1	1	1	1
20230403122827	23.4	0.27	-48.29	25.96	52.2	1	1	1	1
20230403122828	23.43	0.22	-50.07	25.98	52.18	1	1	1	1
20230403122829	23.4	0.29	-47.66	25.98	52.18	1	1	1	1
20230403122830	23.43	0.29	-47.64	25.98	52.18	1	1	1	1
20230403122831	23.43	0.27	-48.28	25.98	52.2	1	1	1	1
20230403122832	23.43	0.32	-46.76	25.98	52.18	1	1	1	1
20230403122833	23.42	0.32	-46.76	25.98	52.18	1	1	1	1
20230403122834	23.43	0.33	-46.48	25.98	52.18	1	1	1	1
20230403122835	23.45	0.33	-46.47	25.98	52.18	1	1	1	1
20230403122836	23.42	0.32	-46.76	25.98	52.18	1	1	1	1
20230403122837	23.42	0.32	-46.76	25.98	52.2	1	1	1	1
20230403122838	23.43	0.29	-47.64	25.98	52.18	1	1	1	1
20230403122840	23.43	0.32	-46.76	25.98	52.18	1	1	1	1
20230403122841	23.45	0.29	-47.63	25.98	52.18	1	1	1	1
20230403122842	23.43	0.38	-45.2	25.98	52.18	1	1	1	1
20230403122843	23.43	0.23	-49.69	25.98	52.18	1	1	1	1
20230403122844	23.42	0.23	-49.69	25.99	52.2	1	1	1	1
20230403122845	23.43	0.26	-48.61	25.98	52.18	1	1	1	1
20230403122846	23.46	0.26	-48.59	25.98	52.2	1	1	1	1
20230403122847	23.45	0.29	-47.63	25.98	52.21	1	1	1	1
20230403122848	23.45	0.26	-48.6	25.98	52.18	1	1	1	1
20230403122849	23.43	0.26	-48.61	25.98	52.18	1	1	1	1
20230403122850	23.43	0.29	-47.64	25.98	52.2	1	1	1	1
20230403122851	23.47	0.28	-47.93	25.98	52.18	1	1	1	1
20230403122852	23.46	0.32	-46.74	25.98	52.2	1	1	1	1
20230403122853	23.45	0.27	-48.27	25.98	52.2	1	1	1	1
20230403122854	23.45	0.32	-46.75	25.98	52.2	1	1	1	1
20230403122855	23.45	0.29	-47.63	25.98	52.18	1	1	1	1
20230403122856	23.45	0.33	-46.47	25.98	52.2	1	1	1	1
20230403122858	23.46	0.27	-48.26	25.98	52.18	1	1	1	1
20230403122859	23.46	0.29	-47.62	25.99	52.2	1	1	1	1
20230403122900	23.46	0.27	-48.26	25.98	52.2	1	1	1	1
20230403122901	23.47	0.23	-49.67	25.99	52.21	1	1	1	1
20230403122902	23.46	0.27	-48.26	25.98	52.2	1	1	1	1
20230403122903	23.47	0.28	-47.93	25.98	52.2	1	1	1	1
20230403122904	23.45	0.29	-47.63	25.98	52.2	1	1	1	1
20230403122905	23.47	0.29	-47.62	25.98	52.18	1	1	1	1
20230403122906	23.47	0.34	-46.19	25.98	52.18	1	1	1	1
20230403122907	23.47	0.32	-46.74	25.98	52.2	1	1	1	1
20230403122908	23.45	0.26	-48.6	25.98	52.21	1	1	1	1
20230403122909	23.46	0.38	-45.18	25.99	52.2	1	1	1	1
20230403122910	23.47	0.23	-49.67	25.98	52.2	1	1	1	1
20230403122911	23.49	0.28	-47.92	25.98	52.2	1	1	1	1
20230403122912	23.49	0.28	-47.92	25.99	52.21	1	1	1	1
20230403122913	23.46	0.27	-48.26	25.98	52.2	1	1	1	1
20230403122914	23.47	0.26	-48.59	25.98	52.2	1	1	1	1
20230403122915	23.47	0.28	-47.93	25.99	52.21	1	1	1	1
20230403122917	23.47	0.29	-47.62	25.99	52.21	1	1	1	1
20230403122918	23.47	0.23	-49.67	25.98	52.2	1	1	1	1
20230403122919	23.47	0.29	-47.62	25.98	52.2	1	1	1	1
20230403122920	23.49	0.23	-49.66	25.98	52.2	1	1	1	1
20230403122921	23.5	0.29	-47.6	25.99	52.21	1	1	1	1
20230403122922	23.49	0.23	-49.66	25.99	52.21	1	1	1	1
20230403122923	23.49	0.29	-47.61	25.99	52.21	1	1	1	1
20230403122924	23.49	0.28	-47.92	25.99	52.21	1	1	1	1
20230403122925	23.46	0.29	-47.62	25.98	52.2	1	1	1	1
20230403122926	23.46	0.29	-47.62	25.98	52.21	1	1	1	1
20230403122927	23.49	0.29	-47.61	25.98	52.21	1	1	1	1
20230403122928	23.47	0.35	-45.93	25.98	52.21	1	1	1	1
20230403122929	23.5	0.22	-50.04	25.99	52.21	1	1	1	1
20230403122930	23.49	0.23	-49.66	25.99	52.2	1	1	1	1
20230403122931	23.5	0.26	-48.57	25.98	52.2	1	1	1	1
20230403122932	23.5	0.29	-47.6	25.98	52.2	1	1	1	1
20230403122933	23.47	0.26	-48.59	25.99	52.21	1	1	1	1
20230403122934	23.49	0.28	-47.92	25.98	52.21	1	1	1	1
20230403122936	23.5	0.32	-46.72	25.99	52.23	1	1	1	1
20230403122937	23.5	0.23	-49.65	25.98	52.2	1	1	1	1
20230403122938	23.47	0.29	-47.62	25.98	52.21	1	1	1	1
20230403122939	23.49	0.29	-47.61	25.98	52.21	1	1	1	1
20230403122940	23.5	0.23	-49.65	25.99	52.23	1	1	1	1
20230403122941	23.5	0.28	-47.92	25.99	52.2	1	1	1	1
20230403122942	23.5	0.26	-48.57	25.99	52.2	1	1	1	1
20230403122943	23.5	0.22	-50.04	25.99	52.21	1	1	1	1
20230403122944	23.52	0.32	-46.71	25.99	52.21	1	1	1	1
20230403122945	23.52	0.29	-47.59	25.98	52.21	1	1	1	1
20230403122946	23.53	0.23	-49.63	25.98	52.2	1	1	1	1
20230403122947	23.52	0.28	-47.91	25.99	52.21	1	1	1	1
20230403122948	23.47	0.22	-50.05	25.99	52.2	1	1	1	1
20230403122949	23.49	0.28	-47.92	25.99	52.23	1	1	1	1
20230403122950	23.52	0.28	-47.91	25.99	52.23	1	1	1	1
20230403122951	23.52	0.26	-48.56	26.0	52.23	1	1	1	1
20230403122952	23.5	0.16	-52.77	25.99	52.21	1	1	1	1
20230403122954	23.5	0.23	-49.65	26.0	52.23	1	1	1	1
20230403122955	23.52	0.26	-48.56	25.99	52.21	1	1	1	1
20230403122956	23.52	0.26	-48.56	25.99	52.21	1	1	1	1
20230403122957	23.5	0.28	-47.92	25.99	52.23	1	1	1	1
20230403122958	23.52	0.19	-51.29	26.0	52.25	1	1	1	1
20230403122959	23.5	0.29	-47.6	26.0	52.23	1	1	1	1
20230403123000	23.53	0.3	-47.28	25.99	52.21	1	1	1	1
20230403123001	23.5	0.19	-51.31	25.99	52.21	1	1	1	1
20230403123002	23.54	0.26	-48.55	25.99	52.21	1	1	1	1
20230403123003	23.52	0.29	-47.59	26.0	52.21	1	1	1	1
20230403123004	23.52	0.23	-49.64	25.99	52.21	1	1	1	1
20230403123005	23.52	0.26	-48.56	25.99	52.21	1	1	1	1
20230403123006	23.52	0.32	-46.71	25.99	52.21	1	1	1	1
20230403123007	23.52	0.22	-50.03	25.99	52.23	1	1	1	1
20230403123008	23.54	0.28	-47.89	26.0	52.21	1	1	1	1
20230403123009	23.53	0.32	-46.7	25.99	52.2	1	1	1	1
20230403123010	23.53	0.22	-50.02	25.99	52.21	1	1	1	1
20230403123012	23.53	0.26	-48.56	25.99	52.23	1	1	1	1
20230403123013	23.53	0.32	-46.7	25.99	52.21	1	1	1	1
20230403123014	23.53	0.28	-47.9	25.99	52.21	1	1	1	1
20230403123015	23.53	0.22	-50.02	25.99	52.23	1	1	1	1
20230403123016	23.52	0.22	-50.03	25.99	52.21	1	1	1	1
20230403123017	23.53	0.28	-47.9	26.0	52.23	1	1	1	1
20230403123018	23.53	0.28	-47.9	26.0	52.21	1	1	1	1
20230403123019	23.54	0.22	-50.02	26.0	52.23	1	1	1	1
20230403123020	23.54	0.3	-47.28	26.02	52.25	1	1	1	1
20230403123021	23.54	0.2	-50.84	25.99	52.21	1	1	1	1
20230403123022	23.54	0.28	-47.89	25.99	52.23	1	1	1	1
20230403123023	23.54	0.24	-49.26	26.0	52.23	1	1	1	1
20230403123024	23.53	0.22	-50.02	26.0	52.25	1	1	1	1
20230403123025	23.56	0.18	-51.74	26.0	52.23	1	1	1	1
20230403123026	23.54	0.26	-48.55	25.99	52.23	1	1	1	1
20230403123027	23.52	0.26	-48.56	26.0	52.21	1	1	1	1
20230403123028	23.54	0.24	-49.26	26.0	52.23	1	1	1	1
20230403123029	23.56	0.3	-47.27	26.02	52.23	1	1	1	1
20230403123031	23.54	0.26	-48.55	26.0	52.21	1	1	1	1
20230403123032	23.54	0.22	-50.02	26.0	52.21	1	1	1	1
20230403123033	23.54	0.3	-47.28	26.02	52.23	1	1	1	1
20230403123034	23.56	0.28	-47.88	26.02	52.23	1	1	1	1
20230403123035	23.54	0.34	-46.15	26.0	52.23	1	1	1	1
20230403123036	23.56	0.28	-47.88	26.0	52.23	1	1	1	1
20230403123037	23.56	0.3	-47.27	26.02	52.23	1	1	1	1
20230403123038	23.56	0.22	-50.01	26.0	52.23	1	1	1	1
20230403123039	23.54	0.32	-46.7	26.02	52.23	1	1	1	1
20230403123040	23.56	0.2	-50.83	26.02	52.23	1	1	1	1
20230403123041	23.54	0.18	-51.75	26.02	52.23	1	1	1	1
20230403123042	23.56	0.26	-48.54	26.0	52.23	1	1	1	1
20230403123043	23.57	0.26	-48.54	26.0	52.23	1	1	1	1
20230403123044	23.56	0.2	-50.83	26.02	52.25	1	1	1	1
20230403123045	23.56	0.24	-49.25	25.99	52.23	1	1	1	1
20230403123046	23.53	0.26	-48.56	26.02	52.23	1	1	1	1
20230403123047	23.56	0.26	-48.54	26.02	52.23	1	1	1	1
20230403123048	23.57	0.26	-48.54	26.0	52.23	1	1	1	1
20230403123050	23.56	0.3	-47.27	26.0	52.23	1	1	1	1
20230403123051	23.54	0.26	-48.55	26.0	52.23	1	1	1	1
20230403123052	23.57	0.32	-46.68	26.0	52.25	1	1	1	1
20230403123053	23.59	0.2	-50.82	26.0	52.23	1	1	1	1
20230403123054	23.59	0.26	-48.52	26.0	52.23	1	1	1	1
20230403123055	23.56	0.22	-50.01	26.02	52.25	1	1	1	1
20230403123056	23.57	0.26	-48.54	26.02	52.25	1	1	1	1
20230403123057	23.57	0.26	-48.54	26.0	52.21	1	1	1	1
20230403123058	23.57	0.26	-48.54	26.0	52.23	1	1	1	1
20230403123059	23.59	0.3	-47.25	26.0	52.23	1	1	1	1
20230403123100	23.54	0.28	-47.89	26.0	52.23	1	1	1	1
20230403123101	23.57	0.2	-50.83	26.0	52.23	1	1	1	1
20230403123102	23.54	0.26	-48.55	26.0	52.23	1	1	1	1
20230403123103	23.56	0.26	-48.54	26.0	52.23	1	1	1	1
20230403123104	23.57	0.3	-47.26	26.0	52.23	1	1	1	1
20230403123105	23.56	0.2	-50.83	26.0	52.23	1	1	1	1
20230403123106	23.57	0.24	-49.24	26.0	52.23	1	1	1	1
20230403123108	23.59	0.24	-49.23	26.0	52.25	1	1	1	1
20230403123109	23.59	0.24	-49.23	26.0	52.23	1	1	1	1
20230403123110	23.57	0.26	-48.54	26.0	52.23	1	1	1	1
20230403123111	23.57	0.22	-50.0	26.0	52.25	1	1	1	1
20230403123112	23.57	0.26	-48.54	26.0	52.25	1	1	1	1
20230403123113	23.56	0.2	-50.83	26.02	52.25	1	1	1	1
20230403123114	23.57	0.24	-49.24	26.0	52.23	1	1	1	1
20230403123115	23.57	0.26	-48.54	26.0	52.23	1	1	1	1
20230403123116	23.57	0.28	-47.88	26.0	52.23	1	1	1	1
20230403123117	23.59	0.24	-49.23	26.0	52.25	1	1	1	1
20230403123118	23.59	0.3	-47.25	26.02	52.25	1	1	1	1
20230403123119	23.57	0.26	-48.54	26.02	52.25	1	1	1	1
20230403123120	23.57	0.3	-47.26	26.0	52.23	1	1	1	1
20230403123121	23.56	0.22	-50.01	26.02	52.25	1	1	1	1
20230403123122	23.59	0.22	-49.99	26.02	52.23	1	1	1	1
20230403123123	23.59	0.26	-48.52	26.0	52.23	1	1	1	1
20230403123124	23.59	0.26	-48.52	26.0	52.25	1	1	1	1
20230403123126	23.57	0.26	-48.54	26.0	52.25	1	1	1	1
20230403123127	23.6	0.22	-49.99	26.0	52.25	1	1	1	1
20230403123128	23.59	0.2	-50.82	26.0	52.23	1	1	1	1
20230403123129	23.59	0.26	-48.52	26.0	52.23	1	1	1	1
20230403123130	23.59	0.3	-47.25	26.02	52.27	1	1	1	1
20230403123131	23.57	0.26	-48.54	26.02	52.25	1	1	1	1
20230403123132	23.6	0.24	-49.22	26.02	52.27	1	1	1	1
20230403123133	23.57	0.22	-50.0	26.0	52.25	1	1	1	1
20230403123134	23.6	0.24	-49.22	26.02	52.23	1	1	1	1
20230403123135	23.6	0.28	-47.86	26.0	52.25	1	1	1	1
20230403123136	23.59	0.26	-48.52	26.02	52.27	1	1	1	1
20230403123137	23.6	0.24	-49.22	26.0	52.25	1	1	1	1
20230403123138	23.56	0.22	-50.01	26.0	52.23	1	1	1	1
20230403123139	23.59	0.2	-50.82	26.02	52.27	1	1	1	1
20230403123140	23.59	0.24	-49.23	26.0	52.23	1	1	1	1
20230403123141	23.59	0.26	-48.52	26.02	52.25	1	1	1	1
20230403123142	23.6	0.3	-47.25	26.03	52.27	1	1	1	1
20230403123144	23.62	0.28	-47.85	26.0	52.25	1	1	1	1
20230403123145	23.62	0.24	-49.21	26.0	52.23	1	1	1	1
20230403123146	23.57	0.3	-47.26	26.02	52.25	1	1	1	1
20230403123147	23.59	0.24	-49.23	26.02	52.23	1	1	1	1
20230403123148	23.59	0.26	-48.52	26.02	52.25	1	1	1	1
20230403123149	23.6	0.18	-51.72	26.0	52.25	1	1	1	1
20230403123150	23.6	0.3	-47.25	26.03	52.25	1	1	1	1
20230403123151	23.59	0.24	-49.23	26.0	52.25	1	1	1	1
20230403123152	23.62	0.26	-48.51	26.03	52.27	1	1	1	1
20230403123153	23.59	0.22	-49.99	26.0	52.23	1	1	1	1
20230403123154	23.63	0.26	-48.5	26.02	52.27	1	1	1	1
20230403123155	23.6	0.26	-48.52	26.0	52.23	1	1	1	1
20230403123156	23.62	0.3	-47.24	26.02	52.25	1	1	1	1
20230403123157	23.6	0.26	-48.52	26.02	52.25	1	1	1	1
20230403123158	23.62	0.28	-47.85	26.02	52.23	1	1	1	1
20230403123159	23.62	0.3	-47.24	26.0	52.25	1	1	1	1
20230403123200	23.6	0.24	-49.22	26.03	52.25	1	1	1	1
20230403123202	23.57	0.3	-47.26	26.0	52.23	1	1	1	1
20230403123203	23.59	0.3	-47.25	26.02	52.25	1	1	1	1
20230403123204	23.62	0.26	-48.51	26.0	52.27	1	1	1	1
20230403123205	23.6	0.24	-49.22	26.02	52.23	1	1	1	1
20230403123206	23.62	0.22	-49.97	26.02	52.25	1	1	1	1
20230403123207	23.6	0.22	-49.99	26.02	52.25	1	1	1	1
20230403123208	23.6	0.28	-47.86	26.03	52.25	1	1	1	1
20230403123209	23.6	0.24	-49.22	26.02	52.23	1	1	1	1
20230403123210	23.62	0.26	-48.51	26.02	52.25	1	1	1	1
20230403123211	23.62	0.22	-49.97	26.03	52.23	1	1	1	1
20230403123212	23.63	0.28	-47.85	26.0	52.23	1	1	1	1
20230403123213	23.62	0.2	-50.8	26.02	52.25	1	1	1	1
20230403123214	23.6	0.28	-47.86	26.02	52.23	1	1	1	1
20230403123215	23.62	0.26	-48.51	26.02	52.25	1	1	1	1
20230403123216	23.63	0.22	-49.97	26.02	52.25	1	1	1	1
20230403123217	23.62	0.22	-49.97	26.02	52.25	1	1	1	1
20230403123218	23.62	0.26	-48.51	26.02	52.25	1	1	1	1
20230403123220	23.62	0.24	-49.21	26.02	52.25	1	1	1	1
20230403123221	23.62	0.18	-51.71	26.02	52.25	1	1	1	1
20230403123222	23.62	0.22	-49.97	26.02	52.25	1	1	1	1
20230403123223	23.6	0.22	-49.99	26.02	52.25	1	1	1	1
20230403123224	23.62	0.26	-48.51	26.03	52.25	1	1	1	1
20230403123225	23.63	0.22	-49.97	26.0	52.25	1	1	1	1
20230403123226	23.62	0.18	-51.71	26.02	52.27	1	1	1	1
20230403123227	23.6	0.26	-48.52	26.02	52.25	1	1	1	1
20230403123228	23.62	0.24	-49.21	26.02	52.25	1	1	1	1
20230403123229	23.65	0.3	-47.22	26.02	52.23	1	1	1	1
20230403123230	23.62	0.18	-51.71	26.02	52.25	1	1	1	1
20230403123231	23.6	0.32	-46.67	26.02	52.25	1	1	1	1
20230403123232	23.63	0.32	-46.65	26.02	52.23	1	1	1	1
20230403123233	23.63	0.28	-47.85	26.02	52.25	1	1	1	1
20230403123234	23.65	0.18	-51.69	26.03	52.27	1	1	1	1
20230403123235	23.63	0.26	-48.5	26.02	52.23	1	1	1	1
20230403123236	23.6	0.22	-49.99	26.02	52.25	1	1	1	1
20230403123238	23.6	0.24	-49.22	26.02	52.25	1	1	1	1
20230403123239	23.63	0.26	-48.5	26.02	52.23	1	1	1	1
20230403123240	23.6	0.28	-47.86	26.02	52.25	1	1	1	1
20230403123241	23.63	0.22	-49.97	26.02	52.25	1	1	1	1
20230403123242	23.6	0.3	-47.25	26.02	52.25	1	1	1	1
20230403123243	23.63	0.28	-47.85	26.02	52.25	1	1	1	1
20230403123244	23.63	0.26	-48.5	26.02	52.25	1	1	1	1
20230403123245	23.62	0.26	-48.51	26.03	52.27	1	1	1	1
20230403123246	23.6	0.3	-47.25	26.03	52.27	1	1	1	1
20230403123247	23.63	0.36	-45.58	26.02	52.27	1	1	1	1
20230403123248	23.63	0.3	-47.23	26.02	52.23	1	1	1	1
20230403123249	23.65	0.24	-49.2	26.02	52.25	1	1	1	1
20230403123250	23.63	0.26	-48.5	26.02	52.25	1	1	1	1
20230403123251	23.62	0.22	-49.97	26.02	52.23	1	1	1	1
20230403123252	23.63	0.24	-49.21	26.02	52.23	1	1	1	1
20230403123253	23.63	0.26	-48.5	26.02	52.25	1	1	1	1
20230403123254	23.62	0.24	-49.21	26.02	52.25	1	1	1	1
20230403123255	23.63	0.3	-47.23	26.02	52.25	1	1	1	1
20230403123257	23.63	0.28	-47.85	26.03	52.27	1	1	1	1
20230403123258	23.63	0.28	-47.85	26.02	52.25	1	1	1	1
20230403123259	23.65	0.26	-48.49	26.02	52.25	1	1	1	1
20230403123300	23.63	0.22	-49.97	26.02	52.27	1	1	1	1
20230403123301	23.62	0.26	-48.51	26.02	52.23	1	1	1	1
20230403123302	23.62	0.2	-50.8	26.02	52.25	1	1	1	1
20230403123303	23.63	0.24	-49.21	26.02	52.25	1	1	1	1
20230403123304	23.63	0.22	-49.97	26.03	52.27	1	1	1	1
20230403123305	23.63	0.24	-49.21	26.03	52.27	1	1	1	1
20230403123306	23.65	0.28	-47.84	26.02	52.25	1	1	1	1
20230403123307	23.63	0.24	-49.21	26.02	52.25	1	1	1	1
20230403123308	23.63	0.22	-49.97	26.02	52.25	1	1	1	1
20230403123309	23.63	0.22	-49.97	26.02	52.25	1	1	1	1
20230403123310	23.65	0.26	-48.49	26.02	52.25	1	1	1	1
20230403123311	23.65	0.2	-50.79	26.02	52.25	1	1	1	1
20230403123312	23.65	0.24	-49.2	26.02	52.25	1	1	1	1
20230403123313	23.65	0.28	-47.84	26.02	52.25	1	1	1	1
20230403123315	23.65	0.32	-46.64	26.02	52.25	1	1	1	1
20230403123316	23.62	0.3	-47.24	26.02	52.25	1	1	1	1
20230403123317	23.65	0.22	-49.96	26.02	52.25	1	1	1	1
20230403123318	23.66	0.24	-49.19	26.03	52.25	1	1	1	1
20230403123319	23.62	0.26	-48.51	26.02	52.25	1	1	1	1
20230403123320	23.66	0.24	-49.19	26.02	52.25	1	1	1	1
20230403123321	23.65	0.28	-47.84	26.02	52.25	1	1	1	1
20230403123322	23.65	0.24	-49.2	26.03	52.27	1	1	1	1
20230403123323	23.65	0.26	-48.49	26.02	52.25	1	1	1	1
20230403123324	23.65	0.28	-47.84	26.03	52.25	1	1	1	1
20230403123325	23.63	0.24	-49.21	26.03	52.25	1	1	1	1
20230403123326	23.63	0.28	-47.85	26.03	52.25	1	1	1	1
20230403123327	23.65	0.2	-50.79	26.02	52.25	1	1	1	1
20230403123328	23.65	0.22	-49.96	26.02	52.23	1	1	1	1
20230403123329	23.63	0.2	-50.8	26.02	52.25	1	1	1	1
20230403123330	23.63	0.24	-49.21	26.02	52.25	1	1	1	1
20230403123332	23.65	0.24	-49.2	26.02	52.25	1	1	1	1
20230403123333	23.65	0.24	-49.2	26.02	52.25	1	1	1	1
20230403123334	23.63	0.18	-51.7	26.02	52.25	1	1	1	1
20230403123335	23.65	0.16	-52.69	26.02	52.25	1	1	1	1
20230403123336	23.66	0.2	-50.78	26.03	52.27	1	1	1	1
20230403123337	23.63	0.28	-47.85	26.02	52.25	1	1	1	1
20230403123338	23.68	0.24	-49.18	26.02	52.25	1	1	1	1
20230403123339	23.65	0.22	-49.96	26.03	52.27	1	1	1	1
20230403123340	23.65	0.26	-48.49	26.03	52.27	1	1	1	1
20230403123341	23.63	0.26	-48.5	26.02	52.25	1	1	1	1
20230403123342	23.65	0.22	-49.96	26.02	52.25	1	1	1	1
20230403123343	23.65	0.14	-53.82	26.02	52.25	1	1	1	1
20230403123344	23.65	0.34	-46.09	26.03	52.25	1	1	1	1
20230403123345	23.65	0.24	-49.2	26.03	52.25	1	1	1	1
20230403123346	23.66	0.24	-49.19	26.03	52.27	1	1	1	1
20230403123347	23.65	0.2	-50.79	26.02	52.27	1	1	1	1
20230403123349	23.65	0.3	-47.22	26.02	52.25	1	1	1	1
20230403123350	23.65	0.3	-47.22	26.02	52.25	1	1	1	1
20230403123351	23.63	0.2	-50.8	26.02	52.25	1	1	1	1
20230403123352	23.65	0.24	-49.2	26.03	52.25	1	1	1	1
20230403123353	23.66	0.24	-49.19	26.03	52.25	1	1	1	1
20230403123354	23.65	0.26	-48.49	26.02	52.25	1	1	1	1
20230403123355	23.63	0.26	-48.5	26.03	52.25	1	1	1	1
20230403123356	23.65	0.22	-49.96	26.02	52.25	1	1	1	1
20230403123357	23.63	0.22	-49.97	26.03	52.27	1	1	1	1
20230403123358	23.65	0.24	-49.2	26.03	52.25	1	1	1	1
20230403123359	23.66	0.28	-47.83	26.02	52.25	1	1	1	1
20230403123400	23.63	0.26	-48.5	26.03	52.25	1	1	1	1
20230403123401	23.65	0.18	-51.69	26.03	52.27	1	1	1	1
20230403123402	23.65	0.26	-48.49	26.03	52.25	1	1	1	1
20230403123403	23.68	0.2	-50.77	26.03	52.25	1	1	1	1
20230403123404	23.68	0.22	-49.94	26.03	52.25	1	1	1	1
20230403123405	23.68	0.18	-51.68	26.02	52.25	1	1	1	1
20230403123407	23.65	0.26	-48.49	26.02	52.25	1	1	1	1
20230403123408	23.63	0.22	-49.97	26.03	52.27	1	1	1	1
20230403123409	23.65	0.3	-47.22	26.03	52.27	1	1	1	1
20230403123410	23.68	0.3	-47.2	26.03	52.25	1	1	1	1
20230403123411	23.65	0.22	-49.96	26.03	52.27	1	1	1	1
20230403123412	23.66	0.24	-49.19	26.03	52.27	1	1	1	1
20230403123413	23.65	0.28	-47.84	26.03	52.27	1	1	1	1
20230403123414	23.65	0.26	-48.49	26.03	52.27	1	1	1	1
20230403123415	23.68	0.2	-50.77	26.03	52.27	1	1	1	1
20230403123416	23.65	0.2	-50.79	26.03	52.25	1	1	1	1
20230403123417	23.66	0.24	-49.19	26.03	52.25	1	1	1	1
20230403123418	23.66	0.24	-49.19	26.03	52.25	1	1	1	1
20230403123419	23.65	0.3	-47.22	26.03	52.27	1	1	1	1
20230403123420	23.68	0.24	-49.18	26.03	52.27	1	1	1	1
20230403123421	23.65	0.22	-49.96	26.02	52.25	1	1	1	1
20230403123422	23.65	0.26	-48.49	26.03	52.27	1	1	1	1
20230403123423	23.66	0.22	-49.95	26.03	52.25	1	1	1	1
20230403123425	23.65	0.22	-49.96	26.03	52.28	1	1	1	1
20230403123426	23.66	0.28	-47.83	26.03	52.25	1	1	1	1
20230403123427	23.66	0.26	-48.49	26.02	52.25	1	1	1	1
20230403123428	23.63	0.12	-55.11	26.03	52.25	1	1	1	1
20230403123429	23.68	0.22	-49.94	26.02	52.25	1	1	1	1
20230403123430	23.66	0.24	-49.19	26.03	52.25	1	1	1	1
20230403123431	23.65	0.2	-50.79	26.03	52.25	1	1	1	1
20230403123432	23.66	0.24	-49.19	26.03	52.25	1	1	1	1
20230403123433	23.68	0.28	-47.82	26.03	52.27	1	1	1	1
20230403123434	23.66	0.22	-49.95	26.03	52.27	1	1	1	1
20230403123435	23.66	0.24	-49.19	26.03	52.27	1	1	1	1
20230403123436	23.66	0.26	-48.49	26.03	52.25	1	1	1	1
20230403123437	23.65	0.16	-52.69	26.03	52.25	1	1	1	1
20230403123438	23.68	0.24	-49.18	26.03	52.25	1	1	1	1
20230403123439	23.68	0.28	-47.82	26.03	52.25	1	1	1	1
20230403123440	23.66	0.28	-47.83	26.03	52.25	1	1	1	1
20230403123441	23.66	0.22	-49.95	26.03	52.27	1	1	1	1
20230403123443	23.68	0.22	-49.94	26.03	52.27	1	1	1	1
20230403123444	23.68	0.24	-49.18	26.03	52.25	1	1	1	1
20230403123445	23.66	0.2	-50.78	26.03	52.27	1	1	1	1
20230403123446	23.66	0.24	-49.19	26.03	52.27	1	1	1	1
20230403123447	23.68	0.32	-46.62	26.03	52.27	1	1	1	1
20230403123448	23.7	0.24	-49.17	26.03	52.27	1	1	1	1
20230403123449	23.68	0.24	-49.18	26.03	52.27	1	1	1	1
20230403123450	23.66	0.3	-47.21	26.03	52.27	1	1	1	1
20230403123451	23.66	0.2	-50.78	26.03	52.27	1	1	1	1
20230403123452	23.69	0.2	-50.76	26.03	52.25	1	1	1	1
20230403123453	23.68	0.26	-48.48	26.03	52.25	1	1	1	1
20230403123454	23.68	0.26	-48.48	26.03	52.27	1	1	1	1
20230403123455	23.66	0.22	-49.95	26.03	52.28	1	1	1	1
20230403123456	23.66	0.26	-48.49	26.03	52.27	1	1	1	1
20230403123457	23.66	0.18	-51.69	26.03	52.25	1	1	1	1
20230403123458	23.66	0.24	-49.19	26.03	52.27	1	1	1	1
20230403123459	23.66	0.2	-50.78	26.03	52.25	1	1	1	1
20230403123501	23.68	0.26	-48.48	26.03	52.25	1	1	1	1
20230403123502	23.68	0.26	-48.48	26.03	52.25	1	1	1	1
20230403123503	23.68	0.24	-49.18	26.03	52.27	1	1	1	1
20230403123504	23.66	0.2	-50.78	26.03	52.25	1	1	1	1
20230403123505	23.65	0.18	-51.69	26.03	52.25	1	1	1	1
20230403123506	23.68	0.28	-47.82	26.03	52.27	1	1	1	1
20230403123507	23.65	0.26	-48.49	26.02	52.25	1	1	1	1
20230403123508	23.68	0.16	-52.68	26.03	52.27	1	1	1	1
20230403123509	23.66	0.28	-47.83	26.03	52.27	1	1	1	1
20230403123510	23.68	0.24	-49.18	26.03	52.27	1	1	1	1
20230403123511	23.66	0.3	-47.21	26.03	52.25	1	1	1	1
20230403123512	23.68	0.28	-47.82	26.03	52.25	1	1	1	1
20230403123513	23.66	0.32	-46.63	26.03	52.25	1	1	1	1
20230403123514	23.66	0.26	-48.49	26.03	52.27	1	1	1	1
20230403123515	23.69	0.22	-49.94	26.03	52.25	1	1	1	1
20230403123516	23.68	0.22	-49.94	26.03	52.25	1	1	1	1
20230403123517	23.66	0.2	-50.78	26.03	52.25	1	1	1	1
20230403123518	23.66	0.22	-49.95	26.03	52.27	1	1	1	1
20230403123520	23.68	0.18	-51.68	26.03	52.27	1	1	1	1
20230403123521	23.66	0.26	-48.49	26.03	52.25	1	1	1	1
20230403123522	23.66	0.2	-50.78	26.03	52.27	1	1	1	1
20230403123523	23.69	0.24	-49.18	26.03	52.27	1	1	1	1
20230403123524	23.69	0.2	-50.76	26.03	52.27	1	1	1	1
20230403123525	23.68	0.22	-49.94	26.03	52.27	1	1	1	1
20230403123526	23.68	0.22	-49.94	26.03	52.25	1	1	1	1
20230403123527	23.68	0.24	-49.18	26.03	52.25	1	1	1	1
20230403123528	23.68	0.22	-49.94	26.03	52.27	1	1	1	1
20230403123529	23.68	0.24	-49.18	26.03	52.27	1	1	1	1
20230403123530	23.69	0.2	-50.76	26.03	52.25	1	1	1	1
20230403123531	23.66	0.28	-47.83	26.03	52.25	1	1	1	1
20230403123532	23.66	0.22	-49.95	26.03	52.27	1	1	1	1
20230403123533	23.68	0.26	-48.48	26.03	52.25	1	1	1	1
20230403123534	23.68	0.2	-50.77	26.03	52.27	1	1	1	1
20230403123535	23.69	0.22	-49.94	26.03	52.25	1	1	1	1
20230403123536	23.7	0.22	-49.93	26.03	52.27	1	1	1	1
20230403123538	23.69	0.22	-49.94	26.03	52.27	1	1	1	1
20230403123539	23.68	0.2	-50.77	26.03	52.27	1	1	1	1
20230403123540	23.69	0.22	-49.94	26.03	52.25	1	1	1	1
20230403123541	23.69	0.26	-48.47	26.03	52.27	1	1	1	1
20230403123542	23.68	0.2	-50.77	26.03	52.27	1	1	1	1
20230403123543	23.72	0.2	-50.75	26.03	52.27	1	1	1	1
20230403123544	23.69	0.24	-49.18	26.03	52.27	1	1	1	1
20230403123545	23.69	0.2	-50.76	26.03	52.25	1	1	1	1
20230403123546	23.7	0.32	-46.61	26.03	52.27	1	1	1	1
20230403123547	23.69	0.28	-47.81	26.03	52.27	1	1	1	1
20230403123548	23.69	0.18	-51.67	26.03	52.27	1	1	1	1
20230403123549	23.68	0.26	-48.48	26.03	52.27	1	1	1	1
20230403123550	23.68	0.24	-49.18	26.03	52.25	1	1	1	1
20230403123551	23.68	0.3	-47.2	26.03	52.27	1	1	1	1
20230403123552	23.7	0.24	-49.17	26.03	52.27	1	1	1	1
20230403123553	23.69	0.22	-49.94	26.03	52.25	1	1	1	1
20230403123554	23.68	0.3	-47.2	26.03	52.27	1	1	1	1
20230403123555	23.69	0.24	-49.18	26.03	52.27	1	1	1	1
20230403123557	23.68	0.2	-50.77	26.03	52.27	1	1	1	1
20230403123558	23.68	0.22	-49.94	26.03	52.27	1	1	1	1
20230403123559	23.69	0.26	-48.47	26.03	52.25	1	1	1	1
20230403123600	23.69	0.22	-49.94	26.03	52.27	1	1	1	1
20230403123601	23.68	0.2	-50.77	26.03	52.27	1	1	1	1
20230403123602	23.68	0.2	-50.77	26.03	52.25	1	1	1	1
20230403123603	23.68	0.22	-49.94	26.03	52.25	1	1	1	1
20230403123604	23.69	0.22	-49.94	26.03	52.27	1	1	1	1
20230403123605	23.72	0.22	-49.92	26.03	52.27	1	1	1	1
20230403123606	23.66	0.22	-49.95	26.03	52.27	1	1	1	1
20230403123607	23.69	0.22	-49.94	26.03	52.27	1	1	1	1
20230403123608	23.66	0.16	-52.69	26.03	52.27	1	1	1	1
20230403123609	23.69	0.22	-49.94	26.03	52.25	1	1	1	1
20230403123610	23.68	0.24	-49.18	26.03	52.25	1	1	1	1
20230403123611	23.69	0.24	-49.18	26.03	52.25	1	1	1	1
20230403123612	23.7	0.24	-49.17	26.03	52.27	1	1	1	1
20230403123613	23.69	0.28	-47.81	26.03	52.25	1	1	1	1
20230403123614	23.7	0.32	-46.61	26.03	52.27	1	1	1	1
20230403123616	23.68	0.22	-49.94	26.03	52.27	1	1	1	1
20230403123617	23.69	0.28	-47.81	26.03	52.25	1	1	1	1
20230403123618	23.66	0.2	-50.78	26.03	52.25	1	1	1	1
20230403123619	23.69	0.28	-47.81	26.03	52.27	1	1	1	1
20230403123620	23.69	0.22	-49.94	26.03	52.27	1	1	1	1
20230403123621	23.7	0.26	-48.47	26.03	52.27	1	1	1	1
20230403123622	23.66	0.26	-48.49	26.03	52.25	1	1	1	1
20230403123623	23.69	0.18	-51.67	26.03	52.27	1	1	1	1
20230403123624	23.7	0.2	-50.76	26.03	52.27	1	1	1	1
20230403123625	23.7	0.2	-50.76	26.03	52.27	1	1	1	1
20230403123626	23.68	0.2	-50.77	26.03	52.27	1	1	1	1
20230403123627	23.69	0.22	-49.94	26.03	52.25	1	1	1	1
20230403123628	23.68	0.26	-48.48	26.03	52.27	1	1	1	1
20230403123629	23.69	0.28	-47.81	26.03	52.25	1	1	1	1
20230403123630	23.69	0.24	-49.18	26.03	52.25	1	1	1	1
20230403123631	23.68	0.26	-48.48	26.03	52.25	1	1	1	1
20230403123632	23.7	0.18	-51.67	26.03	52.27	1	1	1	1
20230403123633	23.69	0.2	-50.76	26.03	52.27	1	1	1	1
20230403123635	23.69	0.28	-47.81	26.03	52.28	1	1	1	1
20230403123636	23.68	0.2	-50.77	26.03	52.27	1	1	1	1
20230403123637	23.7	0.22	-49.93	26.03	52.25	1	1	1	1
20230403123638	23.69	0.26	-48.47	26.03	52.25	1	1	1	1
20230403123639	23.7	0.18	-51.67	26.03	52.27	1	1	1	1
20230403123640	23.7	0.22	-49.93	26.03	52.25	1	1	1	1
20230403123641	23.68	0.2	-50.77	26.03	52.27	1	1	1	1
20230403123642	23.69	0.22	-49.94	26.03	52.25	1	1	1	1
20230403123643	23.68	0.28	-47.82	26.03	52.25	1	1	1	1
20230403123644	23.68	0.22	-49.94	26.03	52.27	1	1	1	1
20230403123645	23.69	0.22	-49.94	26.03	52.27	1	1	1	1
20230403123646	23.72	0.32	-46.6	26.03	52.25	1	1	1	1
20230403123647	23.69	0.22	-49.94	26.03	52.27	1	1	1	1
20230403123648	23.69	0.26	-48.47	26.03	52.27	1	1	1	1
20230403123649	23.69	0.22	-49.94	26.03	52.28	1	1	1	1
20230403123650	23.7	0.26	-48.47	26.03	52.27	1	1	1	1
20230403123651	23.68	0.28	-47.82	26.03	52.27	1	1	1	1
20230403123653	23.7	0.3	-47.19	26.03	52.27	1	1	1	1
20230403123654	23.69	0.2	-50.76	26.03	52.27	1	1	1	1
20230403123655	23.7	0.22	-49.93	26.03	52.27	1	1	1	1
20230403123656	23.69	0.22	-49.94	26.03	52.28	1	1	1	1
20230403123657	23.68	0.26	-48.48	26.04	52.28	1	1	1	1
20230403123658	23.7	0.28	-47.81	26.03	52.25	1	1	1	1
20230403123659	23.7	0.24	-49.17	26.03	52.27	1	1	1	1
20230403123700	23.72	0.2	-50.75	26.03	52.27	1	1	1	1
20230403123701	23.7	0.18	-51.67	26.03	52.25	1	1	1	1
20230403123702	23.72	0.24	-49.16	26.03	52.27	1	1	1	1
20230403123703	23.7	0.24	-49.17	26.03	52.27	1	1	1	1
20230403123704	23.69	0.2	-50.76	26.03	52.27	1	1	1	1
20230403123705	23.69	0.26	-48.47	26.03	52.25	1	1	1	1
20230403123706	23.7	0.22	-49.93	26.03	52.25	1	1	1	1
20230403123707	23.7	0.2	-50.76	26.03	52.27	1	1	1	1
20230403123708	23.7	0.3	-47.19	26.03	52.27	1	1	1	1
20230403123709	23.69	0.2	-50.76	26.03	52.25	1	1	1	1
20230403123710	23.68	0.24	-49.18	26.03	52.25	1	1	1	1
20230403123712	23.69	0.2	-50.76	26.03	52.25	1	1	1	1
20230403123713	23.68	0.32	-46.62	26.03	52.25	1	1	1	1
20230403123714	23.7	0.26	-48.47	26.03	52.27	1	1	1	1
20230403123715	23.7	0.24	-49.17	26.03	52.27	1	1	1	1
20230403123716	23.7	0.28	-47.81	26.03	52.27	1	1	1	1
20230403123717	23.7	0.22	-49.93	26.03	52.27	1	1	1	1
20230403123718	23.7	0.18	-51.67	26.03	52.27	1	1	1	1
20230403123719	23.7	0.26	-48.47	26.03	52.28	1	1	1	1
20230403123720	23.69	0.22	-49.94	26.03	52.27	1	1	1	1
20230403123721	23.69	0.2	-50.76	26.03	52.27	1	1	1	1
20230403123722	23.73	0.18	-51.65	26.03	52.25	1	1	1	1
20230403123723	23.73	0.3	-47.18	26.03	52.27	1	1	1	1
20230403123724	23.69	0.28	-47.81	26.03	52.25	1	1	1	1
20230403123725	23.7	0.26	-48.47	26.03	52.25	1	1	1	1
20230403123726	23.69	0.24	-49.18	26.03	52.27	1	1	1	1
20230403123727	23.69	0.2	-50.76	26.03	52.25	1	1	1	1
20230403123728	23.72	0.22	-49.92	26.03	52.27	1	1	1	1
20230403123729	23.69	0.28	-47.81	26.03	52.27	1	1	1	1
20230403123731	23.7	0.24	-49.17	26.03	52.27	1	1	1	1
20230403123732	23.69	0.2	-50.76	26.03	52.27	1	1	1	1
20230403123733	23.68	0.22	-49.94	26.03	52.25	1	1	1	1
20230403123734	23.69	0.24	-49.18	26.03	52.27	1	1	1	1
20230403123735	23.69	0.2	-50.76	26.03	52.27	1	1	1	1
20230403123736	23.69	0.26	-48.47	26.03	52.27	1	1	1	1
20230403123737	23.7	0.22	-49.93	26.03	52.25	1	1	1	1
20230403123738	23.69	0.24	-49.18	26.03	52.27	1	1	1	1
20230403123739	23.69	0.22	-49.94	26.03	52.27	1	1	1	1
20230403123740	23.7	0.24	-49.17	26.03	52.27	1	1	1	1
20230403123741	23.69	0.2	-50.76	26.03	52.27	1	1	1	1
20230403123742	23.69	0.24	-49.18	26.03	52.27	1	1	1	1
20230403123743	23.72	0.28	-47.8	26.03	52.27	1	1	1	1
20230403123744	23.72	0.18	-51.66	26.03	52.25	1	1	1	1
20230403123745	23.7	0.18	-51.67	26.03	52.27	1	1	1	1
20230403123746	23.69	0.24	-49.18	26.03	52.27	1	1	1	1
20230403123747	23.69	0.16	-52.67	26.03	52.28	1	1	1	1
20230403123748	23.7	0.14	-53.79	26.03	52.28	1	1	1	1
20230403123750	23.7	0.22	-49.93	26.03	52.28	1	1	1	1
20230403123751	23.69	0.24	-49.18	26.03	52.27	1	1	1	1
20230403123752	23.72	0.2	-50.75	26.03	52.25	1	1	1	1
20230403123753	23.69	0.22	-49.94	26.03	52.25	1	1	1	1
20230403123754	23.72	0.26	-48.46	26.03	52.28	1	1	1	1
20230403123755	23.73	0.2	-50.74	26.03	52.27	1	1	1	1
20230403123756	23.7	0.18	-51.67	26.03	52.27	1	1	1	1
20230403123757	23.72	0.22	-49.92	26.03	52.27	1	1	1	1
20230403123758	23.72	0.22	-49.92	26.03	52.27	1	1	1	1
20230403123759	23.69	0.26	-48.47	26.03	52.25	1	1	1	1
20230403123800	23.72	0.22	-49.92	26.03	52.28	1	1	1	1
20230403123801	23.69	0.26	-48.47	26.03	52.27	1	1	1	1
20230403123802	23.72	0.24	-49.16	26.03	52.27	1	1	1	1
20230403123803	23.7	0.18	-51.67	26.03	52.27	1	1	1	1
20230403123804	23.72	0.22	-49.92	26.03	52.25	1	1	1	1
20230403123805	23.72	0.18	-51.66	26.03	52.27	1	1	1	1
20230403123806	23.7	0.24	-49.17	26.03	52.25	1	1	1	1
20230403123807	23.7	0.24	-49.17	26.03	52.25	1	1	1	1
20230403123809	23.69	0.24	-49.18	26.03	52.25	1	1	1	1
20230403123810	23.72	0.22	-49.92	26.03	52.28	1	1	1	1
20230403123811	23.7	0.18	-51.67	26.03	52.27	1	1	1	1
20230403123812	23.7	0.22	-49.93	26.03	52.25	1	1	1	1
20230403123813	23.72	0.2	-50.75	26.03	52.27	1	1	1	1
20230403123814	23.72	0.24	-49.16	26.03	52.25	1	1	1	1
20230403123815	23.7	0.2	-50.76	26.03	52.27	1	1	1	1
20230403123816	23.72	0.22	-49.92	26.03	52.27	1	1	1	1
20230403123817	23.69	0.14	-53.8	26.03	52.27	1	1	1	1
20230403123818	23.69	0.18	-51.67	26.03	52.27	1	1	1	1
20230403123819	23.73	0.22	-49.92	26.03	52.27	1	1	1	1
20230403123820	23.69	0.2	-50.76	26.03	52.28	1	1	1	1
20230403123821	23.72	0.2	-50.75	26.03	52.27	1	1	1	1
20230403123822	23.7	0.22	-49.93	26.03	52.27	1	1	1	1
20230403123823	23.73	0.24	-49.16	26.03	52.28	1	1	1	1
20230403123824	23.72	0.26	-48.46	26.03	52.25	1	1	1	1
20230403123825	23.7	0.28	-47.81	26.03	52.25	1	1	1	1
20230403123827	23.72	0.24	-49.16	26.03	52.25	1	1	1	1
20230403123828	23.72	0.2	-50.75	26.03	52.25	1	1	1	1
20230403123829	23.68	0.28	-47.82	26.03	52.27	1	1	1	1
20230403123830	23.7	0.26	-48.47	26.03	52.27	1	1	1	1
20230403123831	23.7	0.24	-49.17	26.03	52.27	1	1	1	1
20230403123832	23.7	0.22	-49.93	26.03	52.27	1	1	1	1
20230403123833	23.69	0.24	-49.18	26.03	52.25	1	1	1	1
20230403123834	23.72	0.18	-51.66	26.03	52.27	1	1	1	1
20230403123835	23.73	0.24	-49.16	26.03	52.27	1	1	1	1
20230403123836	23.72	0.24	-49.16	26.03	52.25	1	1	1	1
20230403123837	23.72	0.24	-49.16	26.03	52.27	1	1	1	1
20230403123838	23.72	0.16	-52.66	26.03	52.25	1	1	1	1
20230403123839	23.7	0.2	-50.76	26.03	52.27	1	1	1	1
20230403123840	23.72	0.22	-49.92	26.03	52.27	1	1	1	1
20230403123841	23.7	0.22	-49.93	26.03	52.25	1	1	1	1
20230403123842	23.72	0.2	-50.75	26.03	52.27	1	1	1	1
20230403123843	23.72	0.24	-49.16	26.03	52.27	1	1	1	1
20230403123844	23.73	0.2	-50.74	26.03	52.27	1	1	1	1
20230403123846	23.72	0.18	-51.66	26.03	52.27	1	1	1	1
20230403123847	23.72	0.26	-48.46	26.03	52.27	1	1	1	1
20230403123848	23.69	0.28	-47.81	26.03	52.27	1	1	1	1
20230403123849	23.72	0.22	-49.92	26.03	52.27	1	1	1	1
20230403123850	23.72	0.3	-47.18	26.03	52.25	1	1	1	1
20230403123851	23.72	0.18	-51.66	26.03	52.27	1	1	1	1
20230403123852	23.69	0.24	-49.18	26.03	52.27	1	1	1	1
20230403123853	23.74	0.24	-49.15	26.03	52.27	0	1	1	1
20230403123854	23.7	0.2	-50.76	26.03	52.28	0	1	1	1
20230403123855	23.72	0.16	-52.66	26.03	52.25	0	1	1	1
20230403123856	23.72	0.2	-50.75	26.03	52.27	0	1	1	1
20230403123857	23.73	0.22	-49.92	26.03	52.25	0	1	1	1
20230403123858	23.7	0.16	-52.67	26.03	52.27	0	1	1	1
20230403123859	23.73	0.18	-51.65	26.03	52.27	0	1	1	1
20230403123900	23.72	0.2	-50.75	26.03	52.28	0	1	1	1
20230403123901	23.7	0.24	-49.17	26.03	52.27	0	1	1	1
20230403123902	23.73	0.3	-47.18	26.03	52.25	0	1	1	1
20230403123903	23.72	0.24	-49.16	26.03	52.25	0	1	1	1
20230403123905	23.72	0.24	-49.16	26.03	52.25	0	1	1	1
20230403123906	23.72	0.18	-51.66	26.03	52.28	0	1	1	1
20230403123907	23.73	0.16	-52.65	26.03	52.27	0	1	1	1
20230403123908	23.72	0.2	-50.75	26.03	52.27	0	1	1	1
20230403123909	23.72	0.24	-49.16	26.03	52.28	0	1	1	1
20230403123910	23.7	0.22	-49.93	26.03	52.28	0	1	1	1
20230403123911	23.7	0.24	-49.17	26.03	52.28	0	1	1	1
20230403123912	23.72	0.22	-49.92	26.03	52.27	0	1	1	1
20230403123913	23.7	0.24	-49.17	26.03	52.28	0	1	1	1
20230403123914	23.7	0.2	-50.76	26.03	52.27	0	1	1	1
20230403123915	23.7	0.22	-49.93	26.03	52.27	0	1	1	1
20230403123916	23.7	0.24	-49.17	26.03	52.25	0	1	1	1
20230403123917	23.72	0.2	-50.75	26.03	52.27	0	1	1	1
20230403123918	23.7	0.22	-49.93	26.03	52.27	0	1	1	1
20230403123919	23.73	0.28	-47.79	26.02	52.25	0	1	1	1
20230403123920	23.72	0.22	-49.92	26.03	52.25	0	1	1	1
20230403123921	23.69	0.18	-51.67	26.03	52.27	0	1	1	1
20230403123922	23.72	0.24	-49.16	26.03	52.27	0	1	1	1
20230403123924	23.7	0.3	-47.19	26.03	52.27	0	1	1	1
20230403123925	23.72	0.26	-48.46	26.03	52.27	0	1	1	1
20230403123926	23.7	0.24	-49.17	26.03	52.27	0	1	1	1
20230403123927	23.7	0.26	-48.47	26.03	52.25	0	1	1	1
20230403123928	23.72	0.22	-49.92	26.03	52.27	0	1	1	1
20230403123929	23.72	0.18	-51.66	26.03	52.27	0	1	1	1
20230403123930	23.69	0.2	-50.76	26.03	52.25	0	1	1	1
20230403123931	23.72	0.22	-49.92	26.03	52.27	0	1	1	1
20230403123932	23.69	0.2	-50.76	26.03	52.27	0	1	1	1
20230403123933	23.72	0.22	-49.92	26.03	52.25	0	1	1	1
20230403123934	23.72	0.26	-48.46	26.03	52.27	0	1	1	1
20230403123935	23.72	0.18	-51.66	26.03	52.27	0	1	1	1
20230403123936	23.7	0.18	-51.67	26.03	52.27	0	1	1	1
20230403123937	23.72	0.26	-48.46	26.03	52.27	0	1	1	1
20230403123938	23.69	0.26	-48.47	26.03	52.27	0	1	1	1
20230403123939	23.72	0.18	-51.66	26.03	52.27	0	1	1	1
20230403123940	23.74	0.2	-50.74	26.03	52.27	0	1	1	1
20230403123941	23.7	0.2	-50.76	26.03	52.27	0	1	1	1
20230403123943	23.72	0.22	-49.92	26.03	52.25	0	1	1	1
20230403123944	23.72	0.24	-49.16	26.03	52.27	0	1	1	1
20230403123945	23.72	0.2	-50.75	26.03	52.27	0	1	1	1
20230403123946	23.7	0.22	-49.93	26.03	52.27	0	1	1	1
20230403123947	23.73	0.24	-49.16	26.03	52.27	0	1	1	1
20230403123948	23.72	0.2	-50.75	26.03	52.27	0	1	1	1
20230403123949	23.7	0.26	-48.47	26.03	52.27	0	1	1	1
20230403123950	23.7	0.2	-50.76	26.03	52.25	1	1	1	1
20230403123951	23.7	0.22	-49.93	26.03	52.27	1	1	1	1
20230403123952	23.73	0.24	-49.16	26.03	52.27	1	1	1	1
20230403123953	23.7	0.22	-49.93	26.03	52.27	1	1	1	1
20230403123954	23.7	0.24	-49.17	26.03	52.27	1	1	1	1
20230403123955	23.73	0.33	-46.32	26.03	52.27	1	1	1	1
20230403123956	23.69	0.22	-49.94	26.03	52.27	1	1	1	1
20230403123957	23.7	0.18	-51.67	26.03	52.25	1	1	1	1
20230403123958	23.68	0.18	-51.68	26.03	52.27	1	1	1	1
20230403123959	23.7	0.28	-47.81	26.03	52.25	1	1	1	1
20230403124001	23.73	0.34	-46.05	26.03	52.25	1	1	1	1
20230403124002	23.72	0.26	-48.46	26.03	52.25	1	1	1	1
20230403124003	23.73	0.27	-48.12	26.03	52.27	1	1	1	1
20230403124004	23.72	0.22	-49.92	26.03	52.27	1	1	1	1
20230403124005	23.7	0.28	-47.81	26.03	52.27	1	1	1	1
20230403124006	23.72	0.22	-49.92	26.03	52.25	1	1	1	1
20230403124007	23.72	0.18	-51.66	26.03	52.25	1	1	1	1
20230403124008	23.72	0.22	-49.92	26.03	52.25	1	1	1	1
20230403124009	23.73	0.22	-49.92	26.03	52.27	1	1	1	1
20230403124010	23.74	0.22	-49.91	26.03	52.27	1	1	1	1
20230403124011	23.72	0.22	-49.92	26.03	52.25	1	1	1	1
20230403124012	23.72	0.26	-48.46	26.03	52.25	1	1	1	1
20230403124013	23.73	0.22	-49.92	26.03	52.25	1	1	1	1
20230403124014	23.69	0.24	-49.18	26.03	52.27	1	1	1	1
20230403124015	23.73	0.2	-50.74	26.03	52.27	1	1	1	1
20230403124016	23.72	0.3	-47.18	26.03	52.27	1	1	1	1
20230403124017	23.73	0.18	-51.65	26.03	52.25	1	1	1	1
20230403124018	23.73	0.28	-47.79	26.03	52.27	1	1	1	1
20230403124020	23.7	0.22	-49.93	26.03	52.27	1	1	1	1
20230403124021	23.7	0.2	-50.76	26.03	52.25	1	1	1	1
20230403124022	23.72	0.22	-49.92	26.03	52.27	1	1	1	1
20230403124023	23.72	0.24	-49.16	26.03	52.27	1	1	1	1
20230403124024	23.7	0.2	-50.76	26.03	52.27	1	1	1	1
20230403124025	23.72	0.18	-51.66	26.03	52.25	1	1	1	1
20230403124026	23.69	0.26	-48.47	26.03	52.27	1	1	1	1
20230403124027	23.7	0.22	-49.93	26.03	52.25	1	1	1	1
20230403124028	23.72	0.22	-49.92	26.03	52.27	1	1	1	1
20230403124029	23.73	0.22	-49.92	26.03	52.27	1	1	1	1
20230403124030	23.72	0.24	-49.16	26.03	52.27	1	1	1	1
20230403124031	23.72	0.2	-50.75	26.03	52.27	1	1	1	1
20230403124032	23.69	0.18	-51.67	26.03	52.25	1	1	1	1
20230403124033	23.7	0.24	-49.17	26.03	52.27	1	1	1	1
20230403124034	23.72	0.22	-49.92	26.03	52.27	1	1	1	1
20230403124035	23.72	0.24	-49.16	26.03	52.27	1	1	1	1
20230403124036	23.72	0.26	-48.46	26.03	52.27	1	1	1	1
20230403124037	23.72	0.28	-47.8	26.03	52.27	1	1	1	1
20230403124039	23.72	0.2	-50.75	26.03	52.27	1	1	1	1
20230403124040	23.72	0.26	-48.46	26.03	52.28	1	1	1	1
20230403124041	23.73	0.24	-49.16	26.03	52.27	1	1	1	1
20230403124042	23.72	0.16	-52.66	26.03	52.27	1	1	1	1
20230403124043	23.7	0.28	-47.81	26.03	52.27	1	1	1	1
20230403124044	23.72	0.24	-49.16	26.03	52.27	1	1	1	1
20230403124045	23.7	0.18	-51.67	26.03	52.25	1	1	1	1
20230403124046	23.72	0.22	-49.92	26.03	52.27	1	1	1	1
20230403124047	23.73	0.27	-48.12	26.04	52.27	1	1	1	1
20230403124048	23.72	0.18	-51.66	26.03	52.25	1	1	1	1
20230403124049	23.72	0.28	-47.8	26.03	52.27	1	1	1	1
20230403124050	23.72	0.24	-49.16	26.03	52.27	1	1	1	1
20230403124051	23.72	0.24	-49.16	26.03	52.27	1	1	1	1
20230403124052	23.7	0.22	-49.93	26.03	52.25	1	1	1	1
20230403124053	23.72	0.2	-50.75	26.03	52.27	1	1	1	1
20230403124054	23.72	0.2	-50.75	26.03	52.27	1	1	1	1
20230403124055	23.72	0.22	-49.92	26.03	52.25	1	1	1	1
20230403124056	23.72	0.2	-50.75	26.03	52.25	1	1	1	1
20230403124057	23.73	0.24	-49.16	26.03	52.27	1	1	1	1
20230403124059	23.73	0.28	-47.79	26.03	52.27	1	1	1	1
20230403124100	23.73	0.27	-48.12	26.03	52.27	1	1	1	1
20230403124101	23.72	0.22	-49.92	26.03	52.27	1	1	1	1
20230403124102	23.72	0.24	-49.16	26.03	52.25	1	1	1	1
20230403124103	23.7	0.18	-51.67	26.03	52.25	1	1	1	1
20230403124104	23.74	0.28	-47.79	26.03	52.25	1	1	1	1
20230403124105	23.72	0.18	-51.66	26.03	52.25	1	1	1	1
20230403124106	23.72	0.2	-50.75	26.03	52.25	1	1	1	1
20230403124107	23.7	0.16	-52.67	26.03	52.25	1	1	1	1
20230403124108	23.74	0.24	-49.15	26.03	52.25	1	1	1	1
20230403124109	23.73	0.22	-49.92	26.03	52.25	1	1	1	1
20230403124110	23.73	0.18	-51.65	26.03	52.25	1	1	1	1
20230403124111	23.72	0.2	-50.75	26.03	52.27	1	1	1	1
20230403124112	23.72	0.26	-48.46	26.03	52.27	1	1	1	1
20230403124113	23.72	0.26	-48.46	26.03	52.27	1	1	1	1
20230403124114	23.73	0.28	-47.79	26.03	52.27	1	1	1	1
20230403124115	23.72	0.2	-50.75	26.03	52.25	1	1	1	1
20230403124116	23.72	0.24	-49.16	26.03	52.25	1	1	1	1
20230403124118	23.72	0.22	-49.92	26.03	52.27	1	1	1	1
20230403124119	23.72	0.2	-50.75	26.03	52.27	1	1	1	1
20230403124120	23.73	0.24	-49.16	26.03	52.27	1	1	1	1
20230403124121	23.72	0.2	-50.75	26.03	52.27	1	1	1	1
20230403124122	23.7	0.22	-49.93	26.03	52.27	1	1	1	1
20230403124123	23.72	0.26	-48.46	26.03	52.27	1	1	1	1
20230403124124	23.72	0.24	-49.16	26.03	52.27	1	1	1	1
20230403124125	23.73	0.24	-49.16	26.03	52.27	1	1	1	1
20230403124126	23.72	0.26	-48.46	26.03	52.27	1	1	1	1
20230403124127	23.73	0.2	-50.74	26.03	52.25	1	1	1	1
20230403124128	23.74	0.22	-49.91	26.03	52.27	1	1	1	1
20230403124129	23.72	0.18	-51.66	26.03	52.27	1	1	1	1
20230403124130	23.73	0.28	-47.79	26.03	52.25	1	1	1	1
20230403124131	23.73	0.24	-49.16	26.03	52.27	1	1	1	1
20230403124132	23.72	0.24	-49.16	26.03	52.27	1	1	1	1
20230403124133	23.73	0.22	-49.92	26.03	52.27	1	1	1	1
20230403124134	23.72	0.18	-51.66	26.03	52.25	1	1	1	1
20230403124135	23.73	0.27	-48.12	26.03	52.25	1	1	1	1
20230403124137	23.72	0.22	-49.92	26.03	52.27	1	1	1	1
20230403124138	23.73	0.18	-51.65	26.03	52.27	1	1	1	1
20230403124139	23.73	0.2	-50.74	26.03	52.27	1	1	1	1
20230403124140	23.7	0.26	-48.47	26.04	52.27	1	1	1	1
20230403124141	23.72	0.22	-49.92	26.03	52.27	1	1	1	1
20230403124142	23.74	0.24	-49.15	26.03	52.27	1	1	1	1
20230403124143	23.73	0.3	-47.18	26.03	52.25	1	1	1	1
20230403124144	23.73	0.27	-48.12	26.03	52.27	1	1	1	1
20230403124145	23.72	0.22	-49.92	26.03	52.25	1	1	1	1
20230403124146	23.74	0.24	-49.15	26.03	52.25	1	1	1	1
20230403124147	23.73	0.22	-49.92	26.03	52.25	1	1	1	1
20230403124148	23.73	0.22	-49.92	26.03	52.25	1	1	1	1
20230403124149	23.72	0.22	-49.92	26.03	52.27	1	1	1	1
20230403124150	23.73	0.24	-49.16	26.03	52.25	1	1	1	1
20230403124151	23.74	0.18	-51.64	26.03	52.27	1	1	1	1
20230403124152	23.73	0.28	-47.79	26.03	52.27	1	1	1	1
20230403124153	23.7	0.18	-51.67	26.03	52.27	1	1	1	1
20230403124154	23.73	0.24	-49.16	26.03	52.25	1	1	1	1
20230403124156	23.7	0.26	-48.47	26.03	52.25	1	1	1	1
20230403124157	23.74	0.3	-47.17	26.03	52.27	1	1	1	1
20230403124158	23.72	0.24	-49.16	26.03	52.25	1	1	1	1
20230403124159	23.73	0.2	-50.74	26.03	52.27	1	1	1	1
20230403124200	23.72	0.24	-49.16	26.03	52.27	1	1	1	1
20230403124201	23.7	0.2	-50.76	26.03	52.25	1	1	1	1
20230403124202	23.73	0.24	-49.16	26.03	52.25	1	1	1	1
20230403124203	23.73	0.3	-47.18	26.03	52.27	1	1	1	1
20230403124204	23.7	0.22	-49.93	26.03	52.27	1	1	1	1
20230403124205	23.73	0.22	-49.92	26.03	52.25	1	1	1	1
20230403124206	23.73	0.27	-48.12	26.03	52.25	1	1	1	1
20230403124207	23.72	0.18	-51.66	26.03	52.27	1	1	1	1
20230403124208	23.72	0.28	-47.8	26.03	52.27	1	1	1	1
20230403124209	23.72	0.26	-48.46	26.03	52.27	1	1	1	1
20230403124210	23.7	0.22	-49.93	26.03	52.25	1	1	1	1
20230403124211	23.73	0.27	-48.12	26.03	52.27	1	1	1	1
20230403124212	23.72	0.18	-51.66	26.03	52.27	1	1	1	1
20230403124213	23.73	0.22	-49.92	26.03	52.25	1	1	1	1
20230403124214	23.73	0.18	-51.65	26.03	52.27	1	1	1	1
20230403124216	23.73	0.22	-49.92	26.03	52.25	1	1	1	1
20230403124217	23.74	0.2	-50.74	26.03	52.25	1	1	1	1
20230403124218	23.72	0.24	-49.16	26.03	52.25	1	1	1	1
20230403124219	23.69	0.24	-49.18	26.03	52.27	1	1	1	1
20230403124220	23.73	0.27	-48.12	26.03	52.25	1	1	1	1
20230403124221	23.73	0.24	-49.16	26.03	52.27	1	1	1	1
20230403124222	23.72	0.18	-51.66	26.03	52.25	1	1	1	1
20230403124223	23.72	0.2	-50.75	26.03	52.25	1	1	1	1
20230403124224	23.72	0.2	-50.75	26.03	52.27	1	1	1	1
20230403124225	23.72	0.26	-48.46	26.03	52.27	1	1	1	1
20230403124226	23.72	0.14	-53.78	26.03	52.27	1	1	1	1
20230403124227	23.72	0.18	-51.66	26.03	52.25	1	1	1	1
20230403124228	23.7	0.26	-48.47	26.03	52.27	1	1	1	1
20230403124229	23.74	0.22	-49.91	26.03	52.25	1	1	1	1
20230403124231	23.73	0.24	-49.16	26.03	52.27	1	1	1	1
20230403124232	23.73	0.27	-48.12	26.03	52.27	1	1	1	1
20230403124233	23.72	0.2	-50.75	26.03	52.23	1	1	1	1
20230403124234	23.73	0.33	-46.32	26.03	52.27	1	1	1	1
20230403124235	23.73	0.27	-48.12	26.03	52.27	1	1	1	1
20230403124236	23.73	0.22	-49.92	26.03	52.25	1	1	1	1
20230403124237	23.7	0.26	-48.47	26.03	52.27	1	1	1	1
20230403124238	23.74	0.27	-48.11	26.03	52.27	1	1	1	1
20230403124239	23.73	0.18	-51.65	26.03	52.27	1	1	1	1
20230403124240	23.73	0.24	-49.16	26.03	52.27	1	1	1	1
20230403124241	23.74	0.2	-50.74	26.03	52.27	1	1	1	1
20230403124242	23.72	0.16	-52.66	26.03	52.27	1	1	1	1
20230403124243	23.72	0.22	-49.92	26.03	52.25	1	1	1	1
20230403124244	23.72	0.26	-48.46	26.03	52.27	1	1	1	1
20230403124245	23.73	0.22	-49.92	26.03	52.25	1	1	1	1
20230403124246	23.72	0.24	-49.16	26.03	52.27	1	1	1	1
20230403124247	23.72	0.18	-51.66	26.03	52.27	1	1	1	1
20230403124249	23.7	0.2	-50.76	26.03	52.27	1	1	1	1
20230403124250	23.72	0.2	-50.75	26.03	52.27	1	1	1	1
20230403124251	23.74	0.24	-49.15	26.03	52.25	1	1	1	1
20230403124252	23.72	0.24	-49.16	26.03	52.27	1	1	1	1
20230403124253	23.72	0.24	-49.16	26.03	52.27	1	1	1	1
20230403124254	23.72	0.2	-50.75	26.03	52.25	1	1	1	1
20230403124255	23.72	0.24	-49.16	26.03	52.27	1	1	1	1
20230403124256	23.74	0.18	-51.64	26.03	52.27	1	1	1	1
20230403124257	23.74	0.28	-47.79	26.03	52.25	1	1	1	1
20230403124258	23.73	0.24	-49.16	26.03	52.25	1	1	1	1
20230403124259	23.7	0.22	-49.93	26.03	52.27	1	1	1	1
20230403124300	23.73	0.24	-49.16	26.03	52.25	1	1	1	1
20230403124301	23.72	0.2	-50.75	26.03	52.25	1	1	1	1
20230403124302	23.72	0.2	-50.75	26.03	52.25	1	1	1	1
20230403124303	23.73	0.27	-48.12	26.03	52.27	1	1	1	1
20230403124304	23.72	0.22	-49.92	26.03	52.27	1	1	1	1
20230403124305	23.72	0.18	-51.66	26.03	52.27	1	1	1	1
20230403124306	23.74	0.18	-51.64	26.03	52.27	1	1	1	1
20230403124308	23.73	0.24	-49.16	26.03	52.25	1	1	1	1
20230403124309	23.7	0.24	-49.17	26.03	52.27	1	1	1	1
20230403124310	23.73	0.28	-47.79	26.03	52.25	1	1	1	1
20230403124311	23.72	0.24	-49.16	26.03	52.25	1	1	1	1
20230403124312	23.73	0.24	-49.16	26.03	52.25	1	1	1	1
20230403124313	23.74	0.24	-49.15	26.03	52.27	1	1	1	1
20230403124314	23.73	0.16	-52.65	26.03	52.25	1	1	1	1
20230403124315	23.69	0.24	-49.18	26.03	52.27	1	1	1	1
20230403124316	23.73	0.2	-50.74	26.03	52.25	1	1	1	1
20230403124317	23.74	0.2	-50.74	26.03	52.27	1	1	1	1
20230403124318	23.72	0.22	-49.92	26.03	52.25	1	1	1	1
20230403124319	23.72	0.26	-48.46	26.03	52.27	1	1	1	1
20230403124320	23.7	0.18	-51.67	26.03	52.27	1	1	1	1
20230403124321	23.73	0.22	-49.92	26.03	52.27	1	1	1	1
20230403124322	23.7	0.24	-49.17	26.03	52.27	1	1	1	1
20230403124323	23.72	0.24	-49.16	26.03	52.27	1	1	1	1
20230403124324	23.74	0.2	-50.74	26.03	52.25	1	1	1	1
20230403124326	23.72	0.14	-53.78	26.03	52.25	1	1	1	1
20230403124327	23.72	0.22	-49.92	26.03	52.27	1	1	1	1
20230403124328	23.7	0.18	-51.67	26.03	52.27	1	1	1	1
20230403124329	23.73	0.27	-48.12	26.03	52.27	1	1	1	1
20230403124330	23.7	0.16	-52.67	26.03	52.25	1	1	1	1
20230403124331	23.72	0.2	-50.75	26.03	52.27	1	1	1	1
20230403124332	23.73	0.24	-49.16	26.03	52.27	1	1	1	1
20230403124333	23.72	0.2	-50.75	26.03	52.25	1	1	1	1
20230403124334	23.73	0.28	-47.79	26.03	52.27	1	1	1	1
20230403124335	23.73	0.22	-49.92	26.03	52.27	1	1	1	1
20230403124336	23.73	0.16	-52.65	26.03	52.27	1	1	1	1
20230403124337	23.73	0.14	-53.78	26.03	52.27	1	1	1	1
20230403124338	23.72	0.16	-52.66	26.03	52.27	1	1	1	1
20230403124339	23.72	0.24	-49.16	26.03	52.27	1	1	1	1
20230403124340	23.7	0.22	-49.93	26.03	52.27	1	1	1	1
20230403124341	23.73	0.2	-50.74	26.03	52.27	1	1	1	1
20230403124342	23.72	0.14	-53.78	26.03	52.27	1	1	1	1
20230403124344	23.74	0.22	-49.91	26.03	52.25	1	1	1	1
20230403124345	23.73	0.22	-49.92	26.03	52.27	1	1	1	1
20230403124346	23.73	0.24	-49.16	26.03	52.27	1	1	1	1
20230403124347	23.7	0.16	-52.67	26.03	52.27	1	1	1	1
20230403124348	23.73	0.22	-49.92	26.03	52.27	1	1	1	1
20230403124349	23.72	0.26	-48.46	26.03	52.27	1	1	1	1
20230403124350	23.72	0.24	-49.16	26.03	52.27	1	1	1	1
20230403124351	23.72	0.22	-49.92	26.03	52.27	1	1	1	1
20230403124352	23.72	0.22	-49.92	26.03	52.27	1	1	1	1
20230403124353	23.74	0.22	-49.91	26.03	52.27	1	1	1	1
20230403124354	23.7	0.18	-51.67	26.03	52.27	1	1	1	1
20230403124355	23.74	0.2	-50.74	26.03	52.27	1	1	1	1
20230403124356	23.72	0.16	-52.66	26.03	52.27	1	1	1	1
20230403124357	23.7	0.26	-48.47	26.03	52.27	1	1	1	1
20230403124358	23.7	0.22	-49.93	26.03	52.25	1	1	1	1
20230403124359	23.72	0.22	-49.92	26.03	52.25	1	1	1	1
20230403124400	23.73	0.28	-47.79	26.03	52.27	1	1	1	1
20230403124401	23.72	0.18	-51.66	26.03	52.27	1	1	1	1
20230403124403	23.72	0.18	-51.66	26.03	52.25	1	1	1	1
20230403124404	23.7	0.18	-51.67	26.03	52.25	1	1	1	1
20230403124405	23.73	0.28	-47.79	26.03	52.27	1	1	1	1
20230403124406	23.74	0.22	-49.91	26.03	52.25	1	1	1	1
20230403124407	23.72	0.2	-50.75	26.03	52.25	1	1	1	1
20230403124408	23.72	0.22	-49.92	26.03	52.27	1	1	1	1
20230403124409	23.72	0.2	-50.75	26.03	52.25	1	1	1	1
20230403124410	23.73	0.22	-49.92	26.03	52.27	1	1	1	1
20230403124411	23.73	0.22	-49.92	26.03	52.27	1	1	1	1
20230403124412	23.73	0.16	-52.65	26.03	52.27	1	1	1	1
20230403124413	23.7	0.2	-50.76	26.03	52.25	1	1	1	1
20230403124414	23.72	0.16	-52.66	26.03	52.25	1	1	1	1
20230403124415	23.72	0.22	-49.92	26.03	52.25	1	1	1	1
20230403124416	23.72	0.24	-49.16	26.03	52.27	1	1	1	1
20230403124417	23.74	0.33	-46.31	26.03	52.25	1	1	1	1
20230403124418	23.76	0.22	-49.9	26.03	52.27	1	1	1	1
20230403124419	23.7	0.16	-52.67	26.03	52.27	1	1	1	1
20230403124420	23.73	0.27	-48.12	26.03	52.27	1	1	1	1
20230403124422	23.74	0.22	-49.91	26.03	52.25	1	1	1	1
20230403124423	23.73	0.22	-49.92	26.03	52.25	1	1	1	1
20230403124424	23.73	0.18	-51.65	26.03	52.25	1	1	1	1
20230403124425	23.73	0.22	-49.92	26.03	52.27	1	1	1	1
20230403124426	23.72	0.18	-51.66	26.03	52.27	1	1	1	1
20230403124427	23.73	0.2	-50.74	26.03	52.25	1	1	1	1
20230403124428	23.69	0.18	-51.67	26.03	52.27	1	1	1	1
20230403124429	23.72	0.2	-50.75	26.03	52.27	1	1	1	1
20230403124430	23.74	0.22	-49.91	26.03	52.25	1	1	1	1
20230403124431	23.72	0.22	-49.92	26.03	52.25	1	1	1	1
20230403124432	23.72	0.24	-49.16	26.03	52.27	1	1	1	1
20230403124433	23.73	0.22	-49.92	26.03	52.27	1	1	1	1
20230403124434	23.72	0.22	-49.92	26.03	52.27	1	1	1	1
20230403124436	23.72	0.22	-49.92	26.03	52.27	1	1	1	1
20230403124437	23.7	0.26	-48.47	26.03	52.27	1	1	1	1
20230403124438	23.73	0.22	-49.92	26.03	52.25	1	1	1	1
20230403124439	23.73	0.24	-49.16	26.03	52.27	1	1	1	1
20230403124440	23.72	0.22	-49.92	26.03	52.25	1	1	1	1
20230403124441	23.69	0.24	-49.18	26.03	52.25	1	1	1	1
20230403124442	23.74	0.22	-49.91	26.03	52.27	1	1	1	1
20230403124443	23.73	0.24	-49.16	26.03	52.27	1	1	1	1
20230403124444	23.73	0.18	-51.65	26.03	52.27	1	1	1	1
20230403124445	23.74	0.18	-51.64	26.03	52.27	1	1	1	1
20230403124446	23.7	0.22	-49.93	26.03	52.27	1	1	1	1
20230403124447	23.73	0.2	-50.74	26.03	52.25	1	1	1	1
20230403124449	23.72	0.14	-53.78	26.03	52.27	1	1	1	1
20230403124450	23.73	0.24	-49.16	26.03	52.27	1	1	1	1
20230403124451	23.72	0.22	-49.92	26.03	52.27	1	1	1	1
20230403124452	23.72	0.24	-49.16	26.03	52.25	1	1	1	1
20230403124453	23.72	0.22	-49.92	26.03	52.25	1	1	1	1
20230403124454	23.72	0.22	-49.92	26.03	52.27	1	1	1	1
20230403124455	23.7	0.28	-47.81	26.03	52.27	1	1	1	1
20230403124456	23.7	0.24	-49.17	26.03	52.27	1	1	1	1
20230403124457	23.72	0.18	-51.66	26.03	52.25	1	1	1	1
20230403124458	23.7	0.24	-49.17	26.03	52.27	1	1	1	1
20230403124459	23.73	0.22	-49.92	26.03	52.25	1	1	1	1
20230403124500	23.7	0.16	-52.67	26.03	52.27	1	1	1	1
20230403124502	23.73	0.28	-47.79	26.03	52.27	1	1	1	1
20230403124503	23.73	0.18	-51.65	26.03	52.25	1	1	1	1
20230403124504	23.72	0.16	-52.66	26.03	52.27	1	1	1	1
20230403124505	23.72	0.14	-53.78	26.03	52.25	1	1	1	1
20230403124506	23.73	0.27	-48.12	26.03	52.27	1	1	1	1
20230403124507	23.72	0.24	-49.16	26.03	52.27	1	1	1	1
20230403124508	23.7	0.18	-51.67	26.03	52.25	1	1	1	1
20230403124509	23.7	0.22	-49.93	26.03	52.27	1	1	1	1
20230403124510	23.73	0.14	-53.78	26.03	52.25	1	1	1	1
20230403124511	23.7	0.2	-50.76	26.03	52.27	1	1	1	1
20230403124512	23.73	0.18	-51.65	26.03	52.27	1	1	1	1
20230403124514	23.72	0.26	-48.46	26.03	52.27	1	1	1	1
20230403124515	23.72	0.26	-48.46	26.03	52.27	1	1	1	1
20230403124516	23.72	0.18	-51.66	26.03	52.27	1	1	1	1
20230403124517	23.74	0.18	-51.64	26.03	52.25	1	1	1	1
20230403124518	23.73	0.22	-49.92	26.03	52.27	1	1	1	1
20230403124519	23.72	0.18	-51.66	26.03	52.23	1	1	1	1
20230403124520	23.72	0.28	-47.8	26.03	52.27	1	1	1	1
