EventTime	aTemp	RH	DP	cTemp	mTemp	sLid	sVacuu	sPressure	IsOkay
20230329163654	18.28	0.0	-89.58	18.58	17.83	1	1	1	1
20230329163655	18.29	0.01	-75.77	18.58	17.84	1	1	1	1
20230329163656	18.28	0.0	-89.58	18.59	17.84	1	1	1	1
20230329163657	18.29	0.0	-89.58	18.61	17.87	1	1	1	1
20230329163658	18.28	0.0	-89.58	18.61	17.86	1	1	1	1
20230329163659	18.29	0.0	-89.58	18.6	17.86	1	1	1	1
20230329163700	18.31	0.0	-89.57	18.63	17.86	1	1	1	1
20230329163701	18.29	0.0	-89.58	18.63	17.87	1	1	1	1
20230329163702	18.28	0.0	-89.58	18.64	17.88	1	1	1	1
20230329163703	18.28	0.0	-89.58	18.64	17.88	1	1	1	1
20230329163704	18.29	0.0	-89.58	18.64	17.88	1	1	1	1
20230329163706	18.31	0.0	-89.57	18.65	17.88	1	1	1	1
20230329163707	18.28	0.0	-89.58	18.65	17.89	1	1	1	1
20230329163708	18.28	0.0	-89.58	18.66	17.89	1	1	1	1
20230329163709	18.27	0.0	-89.59	18.67	17.89	1	1	1	1
20230329163710	18.27	0.0	-89.59	18.67	17.9	1	1	1	1
20230329163711	18.29	0.0	-89.58	18.7	17.91	1	1	1	1
20230329163712	18.27	0.0	-89.59	18.68	17.9	1	1	1	1
20230329163713	18.27	0.0	-89.59	18.68	17.9	1	1	1	1
20230329163714	18.28	0.0	-89.58	18.68	17.9	1	1	1	1
20230329163715	18.28	0.03	-68.27	18.7	17.9	1	1	1	1
20230329163716	18.27	0.0	-89.59	18.7	17.91	1	1	1	1
20230329163717	18.25	0.0	-89.59	18.71	17.93	1	1	1	1
20230329163718	18.25	0.0	-89.59	18.72	17.93	1	1	1	1
20230329163719	18.25	0.0	-89.59	18.72	17.93	1	1	1	1
20230329163720	18.24	0.0	-89.6	18.74	17.95	1	1	1	1
20230329163721	18.24	0.0	-89.6	18.73	17.94	1	1	1	1
20230329163722	18.25	0.0	-89.59	18.73	17.95	1	1	1	1
20230329163723	18.24	0.0	-89.6	18.73	17.94	1	1	1	1
20230329163724	18.25	0.0	-89.59	18.74	17.95	1	1	1	1
20230329163725	18.24	0.0	-89.6	18.74	17.95	1	1	1	1
20230329163727	18.24	0.0	-89.6	18.74	17.95	1	1	1	1
20230329163728	18.24	0.0	-89.6	18.77	17.96	1	1	1	1
20230329163729	18.25	0.0	-89.59	18.75	17.95	1	1	1	1
20230329163730	18.22	0.0	-89.6	18.77	17.95	1	1	1	1
20230329163731	18.24	0.0	-89.6	18.79	17.97	1	1	1	1
20230329163732	18.24	0.0	-89.6	18.78	17.97	1	1	1	1
20230329163733	18.25	0.0	-89.59	18.78	17.96	1	1	1	1
20230329163734	18.24	0.0	-89.6	18.78	17.97	1	1	1	1
20230329163735	18.24	0.0	-89.6	18.79	17.97	1	1	1	1
20230329163736	18.24	0.01	-75.79	18.79	17.97	1	1	1	1
20230329163737	18.22	0.02	-71.14	18.8	17.97	1	1	1	1
20230329163738	18.25	0.0	-89.59	18.8	17.98	1	1	1	1
20230329163739	18.22	0.0	-89.6	18.81	17.98	1	1	1	1
20230329163740	18.25	0.0	-89.59	18.81	18.0	1	1	1	1
20230329163741	18.25	0.0	-89.59	18.81	18.0	1	1	1	1
20230329163742	18.22	0.0	-89.6	18.82	18.0	1	1	1	1
20230329163743	18.24	0.0	-89.6	18.82	18.0	1	1	1	1
20230329163744	18.22	0.0	-89.6	18.82	18.0	1	1	1	1
20230329163745	18.22	0.0	-89.6	18.84	18.01	1	1	1	1
20230329163746	18.24	0.0	-89.6	18.84	18.01	1	1	1	1
20230329163748	18.24	0.0	-89.6	18.84	18.01	1	1	1	1
20230329163749	18.24	0.0	-89.6	18.85	18.01	1	1	1	1
20230329163750	18.24	0.07	-62.02	18.85	18.01	1	1	1	1
20230329163751	18.25	0.0	-89.59	18.85	18.02	1	1	1	1
20230329163752	18.24	0.0	-89.6	18.86	18.02	1	1	1	1
20230329163753	18.22	0.0	-89.6	18.87	18.04	1	1	1	1
20230329163754	18.22	0.01	-75.8	18.86	18.03	1	1	1	1
20230329163755	18.22	0.0	-89.6	18.87	18.03	1	1	1	1
20230329163756	18.25	0.0	-89.59	18.87	18.03	1	1	1	1
20230329163757	18.22	0.0	-89.6	18.87	18.04	1	1	1	1
20230329163758	18.24	0.0	-89.6	18.87	18.04	1	1	1	1
20230329163759	18.22	0.0	-89.6	18.84	18.03	1	1	1	1
20230329163800	18.24	0.0	-89.6	18.78	18.03	1	1	1	1
20230329163801	18.22	0.0	-89.6	18.71	18.01	1	1	1	1
20230329163802	18.24	0.0	-89.6	18.64	17.98	1	1	1	1
20230329163803	18.22	0.0	-89.6	18.55	17.95	1	1	1	1
20230329163804	18.24	0.0	-89.6	18.48	17.9	1	1	1	1
20230329163805	18.25	0.0	-89.59	18.4	17.87	1	1	1	1
20230329163806	18.22	0.0	-89.6	18.32	17.82	1	1	1	1
20230329163807	18.22	0.0	-89.6	18.25	17.79	1	1	1	1
20230329163809	18.21	0.0	-89.61	18.18	17.9	1	1	1	1
20230329163810	18.22	0.0	-89.6	18.13	18.09	1	1	1	1
20230329163811	18.2	0.0	-89.61	18.09	18.29	1	1	1	1
20230329163812	18.24	0.0	-89.6	18.08	18.43	0	1	1	1
20230329163813	18.22	0.0	-89.6	18.06	18.54	0	1	1	1
20230329163814	18.27	0.0	-89.59	18.05	18.64	0	1	1	1
20230329163815	18.28	0.0	-89.58	18.04	18.68	0	1	1	1
20230329163816	18.28	0.0	-89.58	18.03	18.74	0	1	1	1
20230329163817	18.29	0.0	-89.58	18.03	18.78	0	1	1	0
20230329163818	18.29	0.0	-89.58	18.03	18.73	0	1	1	0
20230329163819	18.32	0.0	-89.57	18.06	18.53	0	1	1	0
20230329163820	18.32	0.0	-89.57	18.1	18.33	0	1	1	0
20230329163821	18.32	0.0	-89.57	18.12	18.15	0	1	1	0
20230329163823	18.31	0.01	-75.76	18.15	18.02	0	1	1	0
20230329163824	18.31	0.0	-89.57	18.17	17.94	0	1	1	0
20230329163825	18.32	0.0	-89.57	18.19	17.87	1	1	1	0
20230329163826	18.33	0.0	-89.57	18.2	17.81	1	1	1	0
20230329163827	18.33	0.0	-89.57	18.23	17.77	1	1	1	0
20230329163828	18.35	0.0	-89.56	18.24	17.75	1	1	1	0
20230329163829	18.32	0.0	-89.57	18.27	17.73	1	1	1	0
20230329163830	18.33	0.0	-89.57	18.29	17.7	1	1	1	0
20230329163831	18.31	0.0	-89.57	18.31	17.7	1	1	1	0
20230329163832	18.32	0.0	-89.57	18.33	17.7	1	1	1	0
20230329163833	18.32	0.0	-89.57	18.34	17.7	1	1	1	0
20230329163834	18.29	0.0	-89.58	18.37	17.72	1	1	1	0
20230329163836	18.29	0.0	-89.58	18.39	17.72	1	1	1	0
20230329163837	18.31	0.0	-89.57	18.41	17.73	1	1	1	0
20230329163838	18.32	0.07	-61.99	18.43	17.74	1	1	1	0
20230329163839	18.31	0.0	-89.57	18.44	17.74	1	1	1	0
20230329163840	18.31	0.0	-89.57	18.46	17.75	1	1	1	0
20230329163841	18.28	0.0	-89.58	18.48	17.76	1	1	1	0
20230329163842	18.29	0.01	-75.77	18.48	17.77	1	1	1	0
20230329163843	18.29	0.0	-89.58	18.51	17.79	1	1	1	0
20230329163844	18.28	0.0	-89.58	18.53	17.8	1	1	1	0
20230329163845	18.27	0.0	-89.59	18.54	17.81	1	1	1	0
20230329163846	18.29	0.0	-89.58	18.55	17.81	1	1	1	0
20230329163847	18.29	0.0	-89.58	18.58	17.82	1	1	1	0
20230329163848	18.29	0.0	-89.58	18.59	17.83	1	1	1	0
20230329163850	18.28	0.0	-89.58	18.61	17.84	1	1	1	0
