EventTime	aTemp	RH	DP	cTemp	mTemp	sLid	sVacuu	sPressure	IsOkay
20230331163020	-15.35	0.0	-99.23	-2.67	1.16	1	1	1	1
20230331163021	-15.26	0.0	-99.19	-2.55	1.12	1	1	1	1
20230331163022	-15.22	0.0	-99.17	-2.55	1.2	1	1	1	1
20230331163024	-15.18	0.0	-99.15	-2.5	1.23	1	1	1	1
20230331163025	-15.16	0.0	-99.14	-2.41	1.29	1	1	1	1
20230331163026	-15.09	0.0	-99.11	-2.38	1.33	1	1	1	1
20230331163027	-15.07	0.0	-99.1	-2.24	1.44	1	1	1	1
20230331163028	-15.04	0.0	-99.09	-2.24	1.44	1	1	1	1
20230331163029	-14.98	0.0	-99.06	-2.18	1.48	1	1	1	1
20230331163030	-14.95	0.0	-99.04	-2.12	1.56	1	1	1	1
20230331163031	-14.88	0.0	-99.01	-2.04	1.56	1	1	1	1
20230331163032	-14.88	0.0	-99.01	-2.01	1.62	1	1	1	1
20230331163033	-14.84	0.0	-98.99	-1.9	1.64	1	1	1	1
20230331163034	-14.8	0.0	-98.98	-1.87	1.69	1	1	1	1
20230331163035	-14.77	0.0	-98.96	-1.79	1.75	1	1	1	1
20230331163036	-14.73	0.0	-98.95	-1.76	1.77	1	1	1	1
20230331163037	-14.68	0.0	-98.92	-1.68	1.79	1	1	1	1
20230331163038	-14.67	0.0	-98.92	-1.63	1.89	1	1	1	1
20230331163039	-14.58	0.0	-98.88	-1.52	1.97	1	1	1	1
20230331163040	-14.54	0.0	-98.86	-1.44	1.97	1	1	1	1
20230331163041	-14.53	0.0	-98.85	-1.44	1.97	1	1	1	1
20230331163042	-14.48	0.0	-98.83	-1.34	2.03	1	1	1	1
20230331163043	-14.45	0.0	-98.82	-1.29	2.09	1	1	1	1
20230331163045	-14.43	0.0	-98.81	-1.26	2.09	1	1	1	1
20230331163046	-14.37	0.0	-98.78	-1.18	2.11	1	1	1	1
20230331163047	-14.34	0.0	-98.77	-1.13	2.19	1	1	1	1
20230331163048	-14.33	0.0	-98.76	-1.1	2.21	1	1	1	1
20230331163049	-14.29	0.0	-98.75	-0.98	2.31	1	1	1	1
20230331163050	-14.27	0.0	-98.74	-0.93	2.31	1	1	1	1
20230331163051	-14.23	0.0	-98.72	-0.87	2.35	1	1	1	1
20230331163052	-14.19	0.0	-98.7	-0.9	2.39	1	1	1	1
20230331163053	-14.2	0.0	-98.7	-0.8	2.4	1	1	1	1
20230331163054	-14.14	0.0	-98.68	-0.77	2.4	1	1	1	1
20230331163055	-14.13	0.0	-98.67	-0.7	2.48	1	1	1	1
20230331163056	-14.09	0.0	-98.66	-0.68	2.48	1	1	1	1
20230331163057	-14.06	0.0	-98.64	-0.6	2.54	1	1	1	1
20230331163058	-14.05	0.0	-98.64	-0.55	2.62	1	1	1	1
20230331163059	-13.97	0.0	-98.6	-0.53	2.6	1	1	1	1
20230331163100	-13.97	0.0	-98.6	-0.53	2.64	1	1	1	1
20230331163101	-13.95	0.0	-98.59	-0.6	2.64	1	1	1	1
20230331163102	-13.93	0.0	-98.58	-0.7	2.67	1	1	1	1
20230331163103	-13.9	0.0	-98.57	-0.75	2.64	1	1	1	1
20230331163104	-13.86	0.0	-98.55	-0.85	2.62	1	1	1	1
20230331163105	-13.85	0.0	-98.55	-0.93	2.6	1	1	1	1
20230331163107	-13.83	0.0	-98.54	-1.0	2.5	1	1	1	1
20230331163108	-13.81	0.0	-98.53	-1.16	2.48	1	1	1	1
20230331163109	-13.79	0.0	-98.52	-1.21	2.42	1	1	1	1
20230331163110	-13.76	0.0	-98.51	-1.34	2.33	1	1	1	1
20230331163111	-13.76	0.0	-98.51	-1.44	2.31	1	1	1	1
20230331163112	-13.72	0.0	-98.49	-1.47	2.29	1	1	1	1
20230331163113	-13.75	0.0	-98.5	-1.6	2.21	1	1	1	1
20230331163114	-13.71	0.0	-98.48	-1.63	2.21	1	1	1	1
20230331163115	-13.68	0.0	-98.47	-1.71	2.17	1	1	1	1
20230331163116	-13.66	0.0	-98.46	-1.85	2.07	1	1	1	1
20230331163117	-13.65	0.0	-98.46	-1.85	2.03	1	1	1	1
20230331163118	-13.63	0.0	-98.45	-1.98	1.95	1	1	1	1
20230331163119	-13.61	0.0	-98.44	-1.98	1.95	1	1	1	1
20230331163120	-13.61	0.0	-98.44	-2.12	1.85	1	1	1	1
20230331163121	-13.58	0.0	-98.42	-2.21	1.81	1	1	1	1
20230331163122	-13.61	0.0	-98.44	-2.27	1.81	1	1	1	1
20230331163123	-13.58	0.0	-98.42	-2.32	1.77	1	1	0	1
20230331163124	-13.56	0.0	-98.42	-2.41	1.71	1	1	1	1
20230331163125	-13.55	0.0	-98.41	-2.44	1.69	1	1	1	1
20230331163126	-13.54	0.0	-98.41	-2.5	1.64	1	1	1	1
20230331163127	-13.52	0.0	-98.4	-2.55	1.6	1	1	1	1
20230331163129	-13.52	0.0	-98.4	-2.61	1.52	1	1	1	1
20230331163130	-13.48	0.0	-98.38	-2.73	1.48	1	1	1	1
20230331163131	-13.48	0.0	-98.38	-2.73	1.46	1	1	1	1
20230331163132	-13.48	0.0	-98.38	-2.88	1.42	1	1	1	1
20230331163133	-13.45	0.0	-98.37	-2.94	1.35	1	1	1	1
20230331163134	-13.47	0.0	-98.37	-3.0	1.31	1	1	1	1
20230331163135	-13.47	0.0	-98.37	-3.06	1.25	1	1	1	1
20230331163136	-13.45	0.0	-98.37	-3.12	1.25	1	1	1	1
20230331163137	-13.47	0.0	-98.37	-3.15	1.2	1	1	1	1
20230331163138	-13.41	0.0	-98.35	-3.15	1.18	1	1	1	1
20230331163139	-13.42	0.0	-98.35	-3.21	1.16	1	1	1	1
20230331163140	-13.44	0.0	-98.36	-3.34	1.1	1	1	1	1
20230331163141	-13.38	0.0	-98.33	-3.37	1.03	1	1	1	1
20230331163142	-13.38	0.0	-98.33	-3.43	1.03	1	1	1	1
20230331163143	-13.42	0.0	-98.35	-3.43	0.99	1	1	1	1
20230331163144	-13.38	0.0	-98.33	-3.47	0.99	1	1	1	1
20230331163145	-13.38	0.0	-98.33	-3.63	0.92	1	1	1	1
20230331163146	-13.41	0.0	-98.35	-3.59	0.92	1	1	1	1
20230331163147	-13.38	0.0	-98.33	-3.63	0.88	1	1	1	1
20230331163148	-13.37	0.0	-98.33	-3.69	0.86	1	1	0	1
20230331163150	-13.37	0.0	-98.33	-3.72	0.79	1	1	1	1
20230331163151	-13.37	0.0	-98.33	-3.82	0.79	1	1	1	1
20230331163152	-13.38	0.0	-98.33	-3.89	0.71	1	1	1	1
20230331163153	-13.34	0.0	-98.32	-3.95	0.68	1	1	1	1
20230331163154	-13.37	0.0	-98.33	-3.92	0.71	1	1	1	1
20230331163155	-13.34	0.0	-98.32	-3.95	0.64	1	1	1	1
20230331163156	-13.37	0.0	-98.33	-4.05	0.62	1	1	1	1
20230331163157	-13.35	0.0	-98.32	-4.12	0.55	1	1	1	1
20230331163158	-13.34	0.0	-98.32	-4.19	0.57	1	1	1	1
20230331163159	-13.35	0.0	-98.32	-4.15	0.55	1	1	1	1
20230331163200	-13.35	0.0	-98.32	-4.19	0.55	1	1	1	1
20230331163201	-13.31	0.0	-98.3	-4.29	0.48	1	1	1	1
20230331163202	-13.32	0.0	-98.31	-4.29	0.46	1	1	1	1
20230331163203	-13.34	0.0	-98.32	-4.36	0.48	1	1	1	1
20230331163204	-13.34	0.0	-98.32	-4.32	0.44	1	1	1	1
20230331163205	-13.34	0.0	-98.32	-4.46	0.39	1	1	1	1
20230331163206	-13.35	0.0	-98.32	-4.43	0.39	1	1	1	1
20230331163207	-13.32	0.0	-98.31	-4.53	0.3	1	1	1	1
20230331163208	-13.34	0.0	-98.32	-4.53	0.32	1	1	1	1
20230331163209	-13.35	0.0	-98.32	-4.57	0.35	1	1	1	1
20230331163210	-13.32	0.0	-98.31	-4.57	0.28	1	1	1	1
20230331163212	-13.31	0.0	-98.3	-4.67	0.25	1	1	1	1
20230331163213	-13.32	0.0	-98.31	-4.64	0.25	1	1	1	1
20230331163214	-13.32	0.0	-98.31	-4.78	0.21	1	1	1	1
20230331163215	-13.34	0.0	-98.32	-4.75	0.23	1	1	1	1
20230331163216	-13.32	0.0	-98.31	-4.82	0.14	1	1	1	1
20230331163217	-13.32	0.0	-98.31	-4.85	0.19	1	1	1	1
20230331163218	-13.29	0.0	-98.29	-4.89	0.14	1	1	1	1
20230331163219	-13.32	0.0	-98.31	-4.85	0.12	1	1	1	1
20230331163220	-13.32	0.0	-98.31	-4.93	0.05	1	1	1	1
20230331163221	-13.29	0.0	-98.29	-4.93	0.07	1	1	1	1
20230331163222	-13.31	0.0	-98.3	-4.96	0.05	1	1	1	1
20230331163223	-13.31	0.0	-98.3	-5.0	0.05	1	1	1	1
20230331163224	-13.31	0.0	-98.3	-5.11	-0.02	1	1	1	1
20230331163225	-13.31	0.0	-98.3	-5.04	0.02	1	1	1	1
20230331163226	-13.31	0.0	-98.3	-5.15	-0.07	1	1	1	1
20230331163227	-13.31	0.0	-98.3	-5.19	-0.05	1	1	1	1
20230331163228	-13.32	0.0	-98.31	-5.15	-0.02	1	1	1	1
20230331163229	-13.31	0.0	-98.3	-5.26	-0.09	1	1	1	1
20230331163230	-13.29	0.0	-98.29	-5.22	-0.09	1	1	1	1
20230331163231	-13.31	0.0	-98.3	-5.22	-0.05	1	1	1	1
20230331163232	-13.29	0.0	-98.29	-5.26	-0.09	1	1	1	1
20230331163234	-13.29	0.0	-98.29	-5.37	-0.19	1	1	1	1
20230331163235	-13.31	0.0	-98.3	-5.37	-0.19	1	1	1	1
20230331163236	-13.32	0.0	-98.31	-5.34	-0.17	1	1	1	1
20230331163237	-13.31	0.0	-98.3	-5.34	-0.24	1	1	1	1
20230331163238	-13.32	0.0	-98.31	-5.45	-0.24	1	1	1	1
20230331163239	-13.32	0.0	-98.31	-5.41	-0.19	1	1	1	1
20230331163240	-13.31	0.0	-98.3	-5.53	-0.29	1	1	1	1
20230331163241	-13.32	0.0	-98.31	-5.57	-0.29	1	1	1	1
20230331163242	-13.32	0.0	-98.31	-5.49	-0.29	1	1	1	1
20230331163243	-13.29	0.0	-98.29	-5.61	-0.31	1	1	1	1
20230331163244	-13.31	0.0	-98.3	-5.53	-0.31	1	1	1	1
20230331163245	-13.34	0.0	-98.32	-5.61	-0.36	1	1	1	1
20230331163246	-13.31	0.0	-98.3	-5.72	-0.38	1	1	1	1
20230331163247	-13.31	0.0	-98.3	-5.64	-0.33	1	1	1	1
20230331163248	-13.34	0.0	-98.32	-5.68	-0.36	1	1	1	1
20230331163249	-13.34	0.0	-98.32	-5.76	-0.36	1	1	1	1
20230331163250	-13.31	0.0	-98.3	-5.84	-0.45	1	1	1	1
20230331163251	-13.32	0.0	-98.31	-5.8	-0.43	1	1	1	1
20230331163252	-13.31	0.0	-98.3	-5.84	-0.45	1	1	1	1
20230331163253	-13.32	0.0	-98.31	-5.88	-0.45	1	1	1	1
20230331163255	-13.32	0.0	-98.31	-5.92	-0.55	1	1	1	1
20230331163256	-13.32	0.0	-98.31	-6.08	-0.63	1	1	1	1
20230331163257	-13.32	0.0	-98.31	-6.0	-0.55	1	1	1	1
20230331163258	-13.32	0.0	-98.31	-6.13	-0.58	1	1	1	1
20230331163259	-13.32	0.0	-98.31	-6.17	-0.63	1	1	1	1
20230331163300	-13.32	0.0	-98.31	-6.17	-0.68	1	1	1	1
20230331163301	-13.34	0.0	-98.32	-6.21	-0.72	1	1	1	1
20230331163302	-13.31	0.0	-98.3	-6.25	-0.72	1	1	1	1
20230331163303	-13.34	0.0	-98.32	-6.21	-0.68	1	1	1	1
20230331163304	-13.32	0.0	-98.31	-6.25	-0.72	1	1	1	1
20230331163305	-13.34	0.0	-98.32	-6.38	-0.77	1	1	1	1
20230331163306	-13.34	0.0	-98.32	-6.38	-0.8	1	1	1	1
20230331163307	-13.35	0.0	-98.32	-6.33	-0.77	1	1	1	1
20230331163308	-13.34	0.0	-98.32	-6.42	-0.8	1	1	1	1
20230331163309	-13.35	0.0	-98.32	-6.38	-0.77	1	1	1	1
20230331163310	-13.34	0.0	-98.32	-6.42	-0.77	1	1	1	1
20230331163311	-13.35	0.0	-98.32	-6.59	-0.85	1	1	1	1
20230331163312	-13.35	0.0	-98.32	-6.5	-0.85	1	1	1	1
20230331163313	-13.38	0.0	-98.33	-6.59	-0.93	1	1	1	1
20230331163314	-13.35	0.0	-98.32	-6.54	-0.9	1	1	1	1
20230331163315	-13.37	0.0	-98.33	-6.54	-0.9	1	1	1	1
20230331163317	-13.34	0.0	-98.32	-6.67	-1.03	1	1	1	1
20230331163318	-13.37	0.0	-98.33	-6.72	-1.03	1	1	1	1
20230331163319	-13.38	0.0	-98.33	-6.67	-1.03	1	1	1	1
20230331163320	-13.34	0.0	-98.32	-6.76	-1.03	1	1	1	1
20230331163321	-13.38	0.0	-98.33	-6.81	-1.03	1	1	1	1
20230331163322	-13.39	0.0	-98.34	-6.76	-1.0	1	1	1	1
20230331163323	-13.38	0.0	-98.33	-6.81	-1.05	1	1	1	1
20230331163324	-13.38	0.0	-98.33	-6.89	-1.13	1	1	1	1
20230331163325	-13.38	0.0	-98.33	-6.85	-1.08	1	1	1	1
20230331163326	-13.39	0.0	-98.34	-6.85	-1.1	1	1	1	1
20230331163327	-13.39	0.0	-98.34	-6.85	-1.16	1	1	1	1
20230331163328	-13.39	0.0	-98.34	-6.89	-1.13	1	1	1	1
20230331163329	-13.41	0.0	-98.35	-7.03	-1.21	1	1	1	1
20230331163330	-13.41	0.0	-98.35	-7.03	-1.13	1	1	1	1
20230331163331	-13.42	0.0	-98.35	-6.98	-1.23	1	1	1	1
20230331163332	-13.44	0.0	-98.36	-7.03	-1.18	1	1	1	1
20230331163333	-13.44	0.0	-98.36	-7.16	-1.23	1	1	1	1
20230331163334	-13.42	0.0	-98.35	-7.16	-1.29	1	1	1	1
20230331163335	-13.45	0.0	-98.37	-7.07	-1.21	1	1	1	1
20230331163336	-13.42	0.0	-98.35	-7.12	-1.23	1	1	1	1
20230331163337	-13.45	0.0	-98.37	-7.12	-1.23	1	1	1	1
20230331163339	-13.45	0.0	-98.37	-7.16	-1.29	1	1	1	1
20230331163340	-13.45	0.0	-98.37	-7.26	-1.31	1	1	1	1
20230331163341	-13.47	0.0	-98.37	-7.3	-1.39	1	1	1	1
20230331163342	-13.45	0.0	-98.37	-7.3	-1.36	1	1	1	1
20230331163343	-13.44	0.0	-98.36	-7.26	-1.34	1	1	1	1
20230331163344	-13.47	0.0	-98.37	-7.26	-1.36	1	1	1	1
20230331163345	-13.47	0.0	-98.37	-7.26	-1.42	1	1	1	1
20230331163346	-13.49	0.0	-98.38	-7.4	-1.44	1	1	1	1
20230331163347	-13.49	0.0	-98.38	-7.3	-1.42	1	1	1	1
20230331163348	-13.49	0.0	-98.38	-7.44	-1.44	1	1	1	1
20230331163349	-13.51	0.0	-98.39	-7.4	-1.42	1	1	1	1
20230331163350	-13.49	0.0	-98.38	-7.54	-1.47	1	1	1	1
20230331163351	-13.54	0.0	-98.41	-7.44	-1.47	1	1	1	1
20230331163352	-13.49	0.0	-98.38	-7.54	-1.52	1	1	1	1
20230331163353	-13.49	0.0	-98.38	-7.54	-1.52	1	1	1	1
20230331163354	-13.51	0.0	-98.39	-7.58	-1.55	1	1	1	1
20230331163355	-13.54	0.0	-98.41	-7.58	-1.6	1	1	1	1
20230331163356	-13.55	0.0	-98.41	-7.54	-1.52	1	1	1	1
20230331163357	-13.52	0.0	-98.4	-7.54	-1.55	1	1	1	1
20230331163358	-13.56	0.0	-98.42	-7.58	-1.52	1	1	1	1
20230331163359	-13.56	0.0	-98.42	-7.58	-1.6	1	1	1	1
20230331163401	-13.55	0.0	-98.41	-7.63	-1.55	1	1	1	1
20230331163402	-13.56	0.0	-98.42	-7.73	-1.66	1	1	1	1
20230331163403	-13.56	0.0	-98.42	-7.63	-1.58	1	1	1	1
20230331163404	-13.58	0.0	-98.42	-7.63	-1.58	1	1	1	1
20230331163405	-13.56	0.0	-98.42	-7.68	-1.63	1	1	1	1
20230331163406	-13.58	0.0	-98.42	-7.78	-1.68	1	1	1	1
20230331163407	-13.58	0.0	-98.42	-7.83	-1.68	1	1	1	1
20230331163408	-13.59	0.0	-98.43	-7.83	-1.74	1	1	1	1
20230331163409	-13.61	0.0	-98.44	-7.78	-1.66	1	1	0	1
20230331163410	-13.59	0.0	-98.43	-7.78	-1.63	1	1	1	1
20230331163411	-13.62	0.0	-98.44	-7.78	-1.74	1	1	1	1
20230331163412	-13.63	0.0	-98.45	-7.92	-1.76	1	1	1	1
20230331163413	-13.63	0.0	-98.45	-7.83	-1.74	1	1	1	1
20230331163414	-13.63	0.0	-98.45	-7.83	-1.74	1	1	1	1
20230331163415	-13.65	0.0	-98.46	-7.83	-1.74	1	1	1	1
20230331163416	-13.65	0.0	-98.46	-7.97	-1.79	1	1	1	1
20230331163417	-13.66	0.0	-98.46	-7.97	-1.79	1	1	1	1
20230331163418	-13.66	0.0	-98.46	-7.97	-1.79	1	1	1	1
20230331163419	-13.65	0.0	-98.46	-8.02	-1.82	1	1	1	1
20230331163420	-13.69	0.0	-98.47	-7.97	-1.79	1	1	1	1
20230331163422	-13.69	0.0	-98.47	-7.97	-1.76	1	1	1	1
20230331163423	-13.69	0.0	-98.47	-7.97	-1.79	1	1	0	1
20230331163424	-13.68	0.0	-98.47	-8.07	-1.9	1	1	1	1
20230331163425	-13.69	0.0	-98.47	-8.07	-1.9	1	1	1	1
20230331163426	-13.71	0.0	-98.48	-8.02	-1.85	1	1	1	1
20230331163427	-13.71	0.0	-98.48	-8.02	-1.85	1	1	0	1
20230331163428	-13.73	0.0	-98.49	-8.17	-1.85	1	1	1	1
20230331163429	-13.73	0.0	-98.49	-8.07	-1.9	1	1	1	1
20230331163430	-13.73	0.0	-98.49	-8.17	-1.93	1	1	1	1
20230331163431	-13.75	0.0	-98.5	-8.12	-1.93	1	1	1	1
20230331163432	-13.73	0.0	-98.49	-8.23	-1.98	1	1	1	1
20230331163433	-13.78	0.0	-98.51	-8.23	-1.96	1	1	1	1
20230331163434	-13.81	0.0	-98.53	-8.23	-1.93	1	1	1	1
20230331163435	-13.78	0.0	-98.51	-8.28	-1.96	1	1	1	1
20230331163436	-13.78	0.0	-98.51	-8.38	-1.96	1	1	1	1
20230331163437	-13.79	0.0	-98.52	-8.38	-1.96	1	1	1	1
20230331163438	-13.81	0.0	-98.53	-8.43	-2.07	1	1	1	1
20230331163439	-13.81	0.0	-98.53	-8.38	-2.07	1	1	1	1
20230331163440	-13.81	0.0	-98.53	-8.43	-2.04	1	1	1	1
20230331163441	-13.83	0.0	-98.54	-8.43	-2.04	1	1	1	1
20230331163442	-13.82	0.0	-98.53	-8.43	-2.1	1	1	0	1
20230331163444	-13.83	0.0	-98.54	-8.48	-2.1	1	1	0	1
20230331163445	-13.82	0.0	-98.53	-8.48	-2.12	1	1	1	1
20230331163446	-13.86	0.0	-98.55	-8.64	-2.15	1	1	1	1
20230331163447	-13.86	0.0	-98.55	-8.54	-2.21	1	1	1	1
20230331163448	-13.86	0.0	-98.55	-8.54	-2.15	1	1	1	1
20230331163449	-13.87	0.0	-98.56	-8.64	-2.24	1	1	1	1
20230331163450	-13.89	0.0	-98.56	-8.75	-2.27	1	1	1	1
20230331163451	-13.86	0.0	-98.55	-8.7	-2.24	1	1	1	1
20230331163452	-13.9	0.0	-98.57	-8.7	-2.21	1	1	1	1
20230331163453	-13.95	0.0	-98.59	-8.7	-2.27	1	1	1	1
20230331163454	-13.93	0.0	-98.58	-8.8	-2.35	1	1	1	1
20230331163455	-13.93	0.0	-98.58	-8.8	-2.32	1	1	1	1
20230331163456	-13.92	0.0	-98.58	-8.86	-2.38	1	1	1	1
20230331163457	-13.96	0.0	-98.6	-8.75	-2.32	1	1	1	1
20230331163458	-13.96	0.0	-98.6	-8.97	-2.32	1	1	1	1
20230331163459	-13.95	0.0	-98.59	-8.86	-2.29	1	1	1	1
20230331163500	-13.99	0.0	-98.61	-8.97	-2.44	1	1	1	1
20230331163501	-13.99	0.0	-98.61	-9.02	-2.38	1	1	1	1
20230331163502	-13.97	0.0	-98.6	-8.91	-2.41	1	1	1	1
20230331163503	-14.0	0.0	-98.61	-8.97	-2.35	1	1	1	1
20230331163505	-13.99	0.0	-98.61	-8.91	-2.41	1	1	1	1
20230331163506	-14.05	0.0	-98.64	-8.97	-2.44	1	1	1	1
20230331163507	-14.06	0.0	-98.64	-9.02	-2.41	1	1	1	1
20230331163508	-14.03	0.0	-98.63	-9.02	-2.44	1	1	1	1
20230331163509	-14.05	0.0	-98.64	-9.19	-2.41	1	1	1	1
20230331163510	-14.06	0.0	-98.64	-9.02	-2.44	1	1	1	1
20230331163511	-14.06	0.0	-98.64	-9.19	-2.47	1	1	1	1
20230331163512	-14.07	0.0	-98.65	-9.13	-2.55	1	1	1	1
20230331163513	-14.1	0.0	-98.66	-9.13	-2.55	1	1	1	1
20230331163514	-14.09	0.0	-98.66	-9.31	-2.64	1	1	1	1
20230331163515	-14.1	0.0	-98.66	-9.31	-2.5	1	1	1	1
20230331163516	-14.13	0.0	-98.67	-9.19	-2.55	1	1	1	1
20230331163517	-14.13	0.0	-98.67	-9.31	-2.61	1	1	1	1
20230331163518	-14.13	0.0	-98.67	-9.19	-2.55	1	1	1	1
20230331163519	-14.11	0.0	-98.66	-9.36	-2.67	1	1	1	1
20230331163520	-14.14	0.0	-98.68	-9.31	-2.61	1	1	1	1
20230331163521	-14.16	0.0	-98.69	-9.42	-2.64	1	1	1	1
20230331163522	-14.17	0.0	-98.69	-9.31	-2.67	1	1	1	1
20230331163523	-14.19	0.0	-98.7	-9.36	-2.67	1	1	1	1
20230331163524	-14.2	0.0	-98.7	-9.36	-2.67	1	1	1	1
20230331163525	-14.21	0.0	-98.71	-9.36	-2.73	1	1	1	1
20230331163527	-14.21	0.0	-98.71	-9.36	-2.67	1	1	1	1
20230331163528	-14.21	0.0	-98.71	-9.36	-2.73	1	1	1	1
20230331163529	-14.23	0.0	-98.72	-9.36	-2.67	1	1	1	1
20230331163530	-14.24	0.0	-98.72	-9.42	-2.73	1	1	1	1
20230331163531	-14.24	0.0	-98.72	-9.54	-2.82	1	1	1	1
20230331163532	-14.27	0.0	-98.74	-9.6	-2.79	1	1	1	1
20230331163533	-14.27	0.0	-98.74	-9.48	-2.79	1	1	1	1
20230331163534	-14.26	0.0	-98.73	-9.48	-2.82	1	1	1	1
20230331163535	-14.27	0.0	-98.74	-9.54	-2.79	1	1	1	1
20230331163536	-14.33	0.0	-98.76	-9.54	-2.79	1	1	1	1
20230331163537	-14.3	0.0	-98.75	-9.54	-2.82	1	1	1	1
20230331163538	-14.33	0.0	-98.76	-9.54	-2.82	1	1	1	1
20230331163539	-14.33	0.0	-98.76	-9.6	-2.79	1	1	1	1
20230331163540	-14.33	0.0	-98.76	-9.6	-2.82	1	1	1	1
20230331163541	-14.36	0.0	-98.78	-9.66	-2.85	1	1	1	1
20230331163542	-14.34	0.0	-98.77	-9.66	-2.91	1	1	1	1
20230331163543	-14.37	0.0	-98.78	-9.78	-2.97	1	1	1	1
20230331163544	-14.38	0.0	-98.79	-9.78	-2.91	1	1	1	1
20230331163545	-14.41	0.0	-98.8	-9.66	-2.85	1	1	1	1
20230331163546	-14.41	0.0	-98.8	-9.66	-2.94	1	1	1	1
20230331163547	-14.43	0.0	-98.81	-9.71	-2.94	1	1	1	1
20230331163549	-14.41	0.0	-98.8	-9.71	-2.94	1	1	1	1
20230331163550	-14.43	0.0	-98.81	-9.71	-2.94	1	1	1	1
20230331163551	-14.44	0.0	-98.81	-9.78	-2.91	1	1	1	1
20230331163552	-14.45	0.0	-98.82	-9.84	-2.94	1	1	1	1
20230331163553	-14.47	0.0	-98.83	-9.78	-3.03	1	1	1	1
20230331163554	-14.48	0.0	-98.83	-9.84	-2.94	1	1	1	1
20230331163555	-14.48	0.0	-98.83	-9.96	-3.0	1	1	1	1
20230331163556	-14.51	0.0	-98.85	-9.9	-2.94	1	1	1	1
20230331163557	-14.5	0.0	-98.84	-9.84	-3.0	1	1	1	1
20230331163558	-14.51	0.0	-98.85	-9.84	-3.03	1	1	1	1
20230331163559	-14.54	0.0	-98.86	-9.9	-3.0	1	1	1	1
20230331163600	-14.53	0.0	-98.85	-9.9	-3.12	1	1	1	1
20230331163601	-14.54	0.0	-98.86	-9.9	-3.06	1	1	1	1
20230331163602	-14.57	0.0	-98.87	-10.02	-3.06	1	1	1	1
20230331163603	-14.55	0.0	-98.86	-10.02	-3.12	1	1	1	1
20230331163604	-14.6	0.0	-98.89	-9.9	-3.06	1	1	1	1
20230331163605	-14.58	0.0	-98.88	-10.02	-3.12	1	1	1	1
20230331163606	-14.6	0.0	-98.89	-9.9	-3.06	1	1	1	1
20230331163607	-14.61	0.0	-98.89	-9.96	-3.06	1	1	1	1
20230331163608	-14.63	0.0	-98.9	-9.96	-3.09	1	1	1	1
20230331163610	-14.61	0.0	-98.89	-10.02	-3.09	1	1	1	1
20230331163611	-14.65	0.0	-98.91	-10.02	-3.06	1	1	1	1
20230331163612	-14.68	0.0	-98.92	-10.14	-3.15	1	1	1	1
20230331163613	-14.65	0.0	-98.91	-10.14	-3.15	1	1	1	1
20230331163614	-14.65	0.0	-98.91	-10.02	-3.09	1	1	1	1
20230331163615	-14.7	0.0	-98.93	-10.08	-3.12	1	1	1	1
20230331163616	-14.68	0.0	-98.92	-10.21	-3.15	1	1	1	1
20230331163617	-14.7	0.0	-98.93	-10.27	-3.21	1	1	1	1
20230331163618	-14.7	0.0	-98.93	-10.27	-3.21	1	1	1	1
20230331163619	-14.71	0.0	-98.94	-10.27	-3.28	1	1	1	1
20230331163620	-14.73	0.0	-98.95	-10.27	-3.31	1	1	1	1
20230331163621	-14.77	0.0	-98.96	-10.33	-3.28	1	1	1	1
20230331163622	-14.77	0.0	-98.96	-10.27	-3.18	1	1	1	1
20230331163623	-14.78	0.0	-98.97	-10.4	-3.28	1	1	1	1
20230331163624	-14.78	0.0	-98.97	-10.33	-3.21	1	1	1	1
20230331163625	-14.81	0.0	-98.98	-10.33	-3.21	1	1	1	1
20230331163626	-14.8	0.0	-98.98	-10.46	-3.37	1	1	1	1
20230331163627	-14.8	0.0	-98.98	-10.4	-3.34	1	1	1	1
20230331163628	-14.83	0.0	-98.99	-10.4	-3.34	1	1	1	1
20230331163629	-14.83	0.0	-98.99	-10.4	-3.37	1	1	1	1
20230331163630	-14.85	0.0	-99.0	-10.46	-3.4	1	1	1	1
20230331163632	-14.87	0.0	-99.01	-10.4	-3.37	1	1	1	1
20230331163633	-14.87	0.0	-99.01	-10.46	-3.43	1	1	1	1
20230331163634	-14.89	0.0	-99.02	-10.59	-3.43	1	1	1	1
20230331163635	-14.91	0.0	-99.03	-10.53	-3.47	1	1	1	1
20230331163636	-14.89	0.0	-99.02	-10.59	-3.43	1	1	1	1
20230331163637	-14.92	0.0	-99.03	-10.73	-3.53	1	1	1	1
20230331163638	-14.94	0.0	-99.04	-10.73	-3.53	1	1	1	1
20230331163639	-14.95	0.0	-99.04	-10.59	-3.43	1	1	1	1
20230331163640	-14.97	0.0	-99.05	-10.66	-3.47	1	1	1	1
20230331163641	-14.98	0.0	-99.06	-10.79	-3.56	1	1	1	1
20230331163642	-14.99	0.0	-99.06	-10.79	-3.53	1	1	1	1
20230331163643	-14.99	0.0	-99.06	-10.66	-3.5	1	1	1	1
20230331163644	-14.98	0.0	-99.06	-10.66	-3.5	1	1	1	1
20230331163645	-15.04	0.0	-99.09	-10.66	-3.56	1	1	1	1
20230331163646	-14.99	0.0	-99.06	-10.79	-3.59	1	1	1	1
20230331163647	-15.05	0.0	-99.09	-10.73	-3.59	1	1	1	1
20230331163648	-15.08	0.0	-99.1	-10.79	-3.59	1	1	1	1
20230331163649	-15.08	0.0	-99.1	-10.73	-3.63	1	1	1	1
20230331163650	-15.08	0.0	-99.1	-10.79	-3.59	1	1	1	1
20230331163651	-15.08	0.0	-99.1	-10.93	-3.66	1	1	1	1
20230331163652	-15.09	0.0	-99.11	-10.93	-3.69	1	1	1	1
20230331163654	-15.12	0.0	-99.12	-10.86	-3.69	1	1	1	1
20230331163655	-15.09	0.0	-99.11	-10.86	-3.69	1	1	1	1
20230331163656	-15.14	0.0	-99.13	-10.93	-3.69	1	1	1	1
20230331163657	-15.14	0.0	-99.13	-10.93	-3.72	1	1	1	1
20230331163658	-15.16	0.0	-99.14	-10.93	-3.66	1	1	1	1
20230331163659	-15.16	0.0	-99.14	-10.93	-3.72	1	1	1	1
20230331163700	-15.19	0.0	-99.15	-10.93	-3.72	1	1	1	1
20230331163701	-15.21	0.0	-99.16	-11.14	-3.79	1	1	1	1
20230331163702	-15.23	0.0	-99.17	-11.14	-3.79	1	1	1	1
20230331163703	-15.21	0.0	-99.16	-10.93	-3.72	1	1	1	1
20230331163704	-15.22	0.0	-99.17	-11.0	-3.76	1	1	1	1
20230331163705	-15.22	0.0	-99.17	-11.0	-3.82	1	1	1	1
20230331163706	-15.26	0.0	-99.19	-11.0	-3.79	1	1	1	1
20230331163707	-15.25	0.0	-99.18	-11.07	-3.79	1	1	1	1
20230331163708	-15.29	0.0	-99.2	-11.21	-3.82	1	1	1	1
20230331163709	-15.26	0.0	-99.19	-11.21	-3.92	1	1	1	1
20230331163710	-15.31	0.0	-99.21	-11.21	-3.92	1	1	1	1
20230331163711	-15.31	0.0	-99.21	-11.14	-3.85	1	1	1	1
20230331163712	-15.32	0.0	-99.21	-11.14	-3.89	1	1	1	1
20230331163713	-15.33	0.0	-99.22	-11.14	-3.85	1	1	1	1
20230331163715	-15.35	0.0	-99.23	-11.21	-3.85	1	1	1	1
20230331163716	-15.36	0.0	-99.23	-11.21	-3.79	1	1	1	1
20230331163717	-15.36	0.0	-99.23	-11.21	-3.92	1	1	1	1
20230331163718	-15.36	0.0	-99.23	-11.21	-3.85	1	1	1	1
20230331163719	-15.39	0.0	-99.24	-11.28	-3.85	1	1	1	1
20230331163720	-15.4	0.0	-99.25	-11.28	-3.85	1	1	1	1
20230331163721	-15.4	0.0	-99.25	-11.28	-3.92	1	1	1	1
20230331163722	-15.42	0.0	-99.26	-11.28	-3.95	1	1	1	1
20230331163723	-15.42	0.0	-99.26	-11.28	-3.92	1	1	1	1
20230331163724	-15.44	0.0	-99.27	-11.42	-3.95	1	1	1	1
20230331163725	-15.44	0.0	-99.27	-11.42	-4.02	1	1	1	1
20230331163726	-15.47	0.0	-99.28	-11.28	-3.92	1	1	1	1
20230331163727	-15.47	0.0	-99.28	-11.35	-3.99	1	1	1	1
20230331163728	-15.49	0.0	-99.29	-11.35	-3.95	1	1	1	1
20230331163729	-15.49	0.0	-99.29	-11.35	-4.05	1	1	1	1
20230331163730	-15.5	0.0	-99.29	-11.28	-4.02	1	1	1	1
20230331163731	-15.53	0.0	-99.31	-11.57	-4.12	1	1	1	1
20230331163732	-15.52	0.0	-99.3	-11.5	-4.09	1	1	1	1
20230331163733	-15.53	0.0	-99.31	-11.57	-4.15	1	1	1	1
20230331163734	-15.56	0.0	-99.32	-11.42	-4.09	1	1	1	1
20230331163735	-15.56	0.0	-99.32	-11.42	-4.05	1	1	1	1
20230331163737	-15.59	0.0	-99.34	-11.5	-4.09	1	1	1	1
20230331163738	-15.62	0.0	-99.35	-11.5	-4.09	1	1	1	1
20230331163739	-15.59	0.0	-99.34	-11.5	-4.09	1	1	1	1
20230331163740	-15.62	0.0	-99.35	-11.5	-4.12	1	1	1	1
20230331163741	-15.6	0.0	-99.34	-11.72	-4.09	1	1	1	1
20230331163742	-15.63	0.0	-99.35	-11.64	-4.15	1	1	1	1
20230331163743	-15.63	0.0	-99.35	-11.57	-4.12	1	1	1	1
20230331163744	-15.66	0.0	-99.37	-11.57	-4.09	1	1	1	1
20230331163745	-15.66	0.0	-99.37	-11.57	-4.12	1	1	1	1
20230331163746	-15.67	0.0	-99.37	-11.57	-4.15	1	1	1	1
20230331163747	-15.67	0.0	-99.37	-11.57	-4.12	1	1	1	1
20230331163748	-15.7	0.0	-99.39	-11.57	-4.15	1	1	1	1
20230331163749	-15.71	0.0	-99.39	-11.57	-4.22	1	1	1	1
20230331163750	-15.71	0.0	-99.39	-11.72	-4.26	1	1	1	1
20230331163751	-15.73	0.0	-99.4	-11.72	-4.29	1	1	1	1
20230331163752	-15.73	0.0	-99.4	-11.72	-4.26	1	1	1	1
20230331163753	-15.76	0.0	-99.41	-11.64	-4.26	1	1	1	1
20230331163754	-15.76	0.0	-99.41	-11.57	-4.22	1	1	1	1
20230331163755	-15.77	0.0	-99.42	-11.79	-4.22	1	1	1	1
20230331163756	-15.77	0.0	-99.42	-11.64	-4.19	1	1	1	1
20230331163757	-15.78	0.0	-99.42	-11.79	-4.29	1	1	1	1
20230331163759	-15.8	0.0	-99.43	-11.64	-4.22	1	1	1	1
20230331163800	-15.83	0.0	-99.44	-11.64	-4.26	1	1	1	1
20230331163801	-15.83	0.0	-99.44	-11.72	-4.29	1	1	1	1
20230331163802	-15.86	0.0	-99.46	-11.72	-4.26	1	1	1	1
20230331163803	-15.84	0.0	-99.45	-11.79	-4.26	1	1	1	1
20230331163804	-15.83	0.0	-99.44	-11.79	-4.29	1	1	1	1
20230331163805	-15.87	0.0	-99.46	-11.79	-4.29	1	1	1	1
20230331163806	-15.87	0.0	-99.46	-12.02	-4.32	1	1	1	1
20230331163807	-15.89	0.0	-99.47	-11.87	-4.36	1	1	1	1
20230331163808	-15.89	0.0	-99.47	-11.87	-4.39	1	1	1	1
20230331163809	-15.91	0.0	-99.48	-11.87	-4.32	1	1	1	1
20230331163810	-15.93	0.0	-99.49	-11.94	-4.36	1	1	1	1
20230331163811	-15.93	0.0	-99.49	-11.94	-4.36	1	1	1	1
20230331163812	-15.93	0.0	-99.49	-11.94	-4.5	1	1	1	1
20230331163813	-15.94	0.0	-99.49	-11.94	-4.43	1	1	1	1
20230331163814	-15.97	0.0	-99.51	-12.02	-4.43	1	1	1	1
20230331163815	-15.95	0.0	-99.5	-12.02	-4.5	1	1	1	1
20230331163816	-15.97	0.0	-99.51	-12.1	-4.57	1	1	1	1
20230331163817	-15.98	0.0	-99.51	-12.02	-4.46	1	1	0	1
20230331163818	-16.01	0.0	-99.53	-12.1	-4.53	1	1	1	1
20230331163820	-16.01	0.0	-99.53	-12.1	-4.5	1	1	1	1
20230331163821	-16.01	0.0	-99.53	-12.1	-4.57	1	1	1	1
20230331163822	-16.02	0.0	-99.53	-12.1	-4.5	1	1	1	1
20230331163823	-16.02	0.0	-99.53	-12.18	-4.57	1	1	1	1
20230331163824	-16.06	0.0	-99.55	-12.18	-4.57	1	1	1	1
20230331163825	-16.06	0.0	-99.55	-12.18	-4.6	1	1	1	1
20230331163826	-16.1	0.0	-99.57	-12.18	-4.57	1	1	1	1
20230331163827	-16.1	0.0	-99.57	-12.34	-4.64	1	1	1	1
20230331163828	-16.1	0.0	-99.57	-12.34	-4.64	1	1	1	1
20230331163829	-16.13	0.0	-99.58	-12.18	-4.57	1	1	1	1
20230331163830	-16.13	0.0	-99.58	-12.18	-4.57	1	1	1	1
20230331163831	-16.16	0.0	-99.59	-12.26	-4.57	1	1	1	1
20230331163832	-16.16	0.0	-99.59	-12.26	-4.6	1	1	1	1
20230331163833	-16.16	0.0	-99.59	-12.26	-4.6	1	1	1	1
20230331163834	-16.18	0.0	-99.6	-12.26	-4.57	1	1	1	1
20230331163835	-16.18	0.0	-99.6	-12.34	-4.67	1	1	1	1
20230331163836	-16.21	0.0	-99.62	-12.34	-4.75	1	1	1	1
20230331163837	-16.21	0.0	-99.62	-12.34	-4.71	1	1	1	1
20230331163838	-16.2	0.0	-99.61	-12.42	-4.71	1	1	1	1
20230331163839	-16.2	0.0	-99.61	-12.5	-4.78	1	1	1	1
20230331163840	-16.25	0.0	-99.64	-12.42	-4.75	1	1	1	1
20230331163842	-16.24	0.0	-99.63	-12.58	-4.78	1	1	1	1
20230331163843	-16.24	0.0	-99.63	-12.42	-4.75	1	1	1	1
20230331163844	-16.28	0.0	-99.65	-12.5	-4.75	1	1	1	1
20230331163845	-16.3	0.0	-99.66	-12.5	-4.71	1	1	1	1
20230331163846	-16.3	0.0	-99.66	-12.5	-4.71	1	1	1	1
20230331163847	-16.3	0.0	-99.66	-12.5	-4.71	1	1	1	1
20230331163848	-16.32	0.0	-99.67	-12.5	-4.75	1	1	1	1
20230331163849	-16.3	0.0	-99.66	-12.5	-4.82	1	1	1	1
20230331163850	-16.32	0.0	-99.67	-12.5	-4.82	1	1	1	1
20230331163851	-16.34	0.0	-99.68	-12.5	-4.85	1	1	1	1
20230331163852	-16.37	0.0	-99.69	-12.75	-4.93	1	1	1	1
20230331163853	-16.37	0.0	-99.69	-12.5	-4.82	1	1	1	1
20230331163854	-16.37	0.0	-99.69	-12.58	-4.85	1	1	1	1
20230331163855	-16.41	0.0	-99.71	-12.75	-4.85	1	1	1	1
20230331163856	-16.41	0.0	-99.71	-12.58	-4.93	1	1	1	1
20230331163857	-16.41	0.0	-99.71	-12.58	-4.89	1	1	1	1
20230331163858	-16.41	0.0	-99.71	-12.58	-4.85	1	1	1	1
20230331163859	-16.44	0.0	-99.72	-12.66	-4.93	1	1	1	1
20230331163900	-16.45	0.0	-99.73	-12.58	-4.93	1	1	1	1
20230331163901	-16.45	0.0	-99.73	-12.66	-4.89	1	1	1	1
20230331163903	-16.46	0.0	-99.73	-12.83	-4.96	1	1	1	1
20230331163904	-16.48	0.0	-99.74	-12.83	-5.04	1	1	1	1
20230331163905	-16.46	0.0	-99.73	-12.66	-4.89	1	1	1	1
20230331163906	-16.49	0.0	-99.75	-12.66	-4.93	1	1	1	1
20230331163907	-16.51	0.0	-99.75	-12.66	-5.0	1	1	1	1
20230331163908	-16.51	0.0	-99.75	-12.75	-5.0	1	1	1	1
20230331163909	-16.54	0.0	-99.77	-12.83	-4.96	1	1	1	1
20230331163910	-16.55	0.0	-99.77	-12.92	-5.0	1	1	1	1
20230331163911	-16.55	0.0	-99.77	-12.83	-5.0	1	1	1	1
20230331163912	-16.59	0.0	-99.79	-12.83	-5.0	1	1	1	1
20230331163913	-16.56	0.0	-99.78	-12.83	-4.96	1	1	1	1
20230331163914	-16.61	0.0	-99.8	-12.83	-4.89	1	1	1	1
20230331163915	-16.61	0.0	-99.8	-12.83	-5.0	1	1	1	1
20230331163916	-16.62	0.0	-99.8	-13.0	-5.04	1	1	1	1
20230331163917	-16.61	0.0	-99.8	-12.83	-5.04	1	1	1	1
20230331163918	-16.62	0.0	-99.8	-12.83	-5.0	1	1	1	1
20230331163919	-16.65	0.0	-99.82	-12.83	-5.0	1	1	1	1
20230331163920	-16.68	0.0	-99.83	-12.83	-5.0	1	1	1	1
20230331163921	-16.65	0.0	-99.82	-12.83	-5.0	1	1	1	1
20230331163922	-16.66	0.0	-99.82	-12.83	-5.0	1	1	1	1
20230331163923	-16.69	0.0	-99.84	-12.83	-5.07	1	1	1	1
20230331163925	-16.71	0.0	-99.85	-12.92	-5.07	1	1	1	1
20230331163926	-16.71	0.0	-99.85	-12.92	-5.11	1	1	1	1
20230331163927	-16.71	0.0	-99.85	-12.92	-5.0	1	1	1	1
20230331163928	-16.75	0.0	-99.86	-12.92	-5.15	1	1	1	1
20230331163929	-16.73	0.0	-99.85	-13.09	-5.19	1	1	1	1
20230331163930	-16.73	0.0	-99.85	-12.92	-5.07	1	1	1	1
20230331163931	-16.76	0.0	-99.87	-13.0	-5.15	1	1	1	1
20230331163932	-16.75	0.0	-99.86	-12.92	-5.19	1	1	1	1
20230331163933	-16.78	0.0	-99.88	-13.0	-5.07	1	1	1	1
20230331163934	-16.82	0.0	-99.9	-13.0	-5.11	1	1	1	1
20230331163935	-16.8	0.0	-99.89	-13.0	-5.15	1	1	1	1
20230331163936	-16.82	0.0	-99.9	-13.0	-5.15	1	1	1	1
20230331163937	-16.82	0.0	-99.9	-13.0	-5.07	1	1	1	1
20230331163938	-16.82	0.0	-99.9	-13.0	-5.07	1	1	1	1
20230331163939	-16.83	0.0	-99.9	-13.09	-5.11	1	1	1	1
20230331163940	-16.85	0.0	-99.91	-13.09	-5.19	1	1	1	1
20230331163941	-16.88	0.0	-99.92	-13.09	-5.07	1	1	1	1
20230331163942	-16.88	0.0	-99.92	-13.09	-5.19	1	1	1	1
20230331163943	-16.9	0.0	-99.93	-13.18	-5.26	1	1	1	1
20230331163944	-16.89	0.0	-99.93	-13.09	-5.19	1	1	1	1
20230331163946	-16.92	0.0	-99.94	-13.09	-5.19	1	1	1	1
20230331163947	-16.93	0.0	-99.95	-13.36	-5.3	1	1	1	1
20230331163948	-16.95	0.0	-99.95	-13.18	-5.19	1	1	1	1
20230331163949	-16.93	0.0	-99.95	-13.0	-5.19	1	1	1	1
20230331163950	-16.95	0.0	-99.95	-13.18	-5.26	1	1	1	1
20230331163951	-16.97	0.0	-99.96	-13.36	-5.37	1	1	1	1
20230331163952	-16.97	0.0	-99.96	-13.27	-5.34	1	1	1	1
20230331163953	-16.99	0.0	-99.97	-13.27	-5.26	1	1	1	1
20230331163954	-16.97	0.0	-99.96	-13.27	-5.3	1	1	1	1
20230331163955	-17.02	0.0	-99.99	-13.27	-5.26	1	1	1	1
20230331163956	-17.02	0.0	-99.99	-13.27	-5.34	1	1	1	1
20230331163957	-17.03	0.0	-99.99	-13.27	-5.37	1	1	1	1
20230331163958	-17.03	0.0	-99.99	-13.27	-5.34	1	1	1	1
20230331163959	-17.06	0.0	-100.0	-13.27	-5.34	1	1	1	1
20230331164000	-17.06	0.0	-100.0	-13.36	-5.37	1	1	1	1
20230331164001	-17.07	0.0	-100.01	-13.54	-5.49	1	1	1	1
20230331164002	-17.09	0.0	-100.02	-13.36	-5.37	1	1	1	1
20230331164003	-17.09	0.0	-100.02	-13.45	-5.41	1	1	1	1
20230331164004	-17.1	0.0	-100.02	-13.36	-5.41	1	1	1	1
20230331164005	-17.12	0.0	-100.03	-13.45	-5.53	1	1	1	1
20230331164006	-17.12	0.0	-100.03	-13.54	-5.41	1	1	1	1
20230331164008	-17.13	0.0	-100.04	-13.45	-5.45	1	1	1	1
20230331164009	-17.16	0.0	-100.05	-13.45	-5.49	1	1	1	1
20230331164010	-17.17	0.0	-100.06	-13.54	-5.49	1	1	1	1
20230331164011	-17.19	0.0	-100.06	-13.54	-5.45	1	1	1	1
20230331164012	-17.19	0.0	-100.06	-13.54	-5.49	1	1	1	1
20230331164013	-17.17	0.0	-100.06	-13.54	-5.49	1	1	1	1
20230331164014	-17.19	0.0	-100.06	-13.73	-5.57	1	1	1	1
20230331164015	-17.24	0.0	-100.09	-13.82	-5.49	1	1	1	1
20230331164016	-17.24	0.0	-100.09	-13.73	-5.57	1	1	1	1
20230331164017	-17.22	0.0	-100.08	-13.63	-5.49	1	1	1	1
20230331164018	-17.24	0.0	-100.09	-13.63	-5.49	1	1	1	1
20230331164019	-17.26	0.0	-100.1	-13.82	-5.64	1	1	1	1
20230331164020	-17.24	0.0	-100.09	-13.63	-5.49	1	1	1	1
20230331164021	-17.27	0.0	-100.1	-13.63	-5.61	1	1	1	1
20230331164022	-17.3	0.0	-100.11	-13.82	-5.57	1	1	1	1
20230331164023	-17.28	0.0	-100.11	-13.82	-5.64	1	1	1	1
20230331164024	-17.27	0.0	-100.1	-13.82	-5.53	1	1	1	1
20230331164025	-17.31	0.0	-100.12	-13.63	-5.53	1	1	1	1
20230331164026	-17.31	0.0	-100.12	-13.63	-5.53	1	1	1	1
20230331164027	-17.34	0.0	-100.13	-13.63	-5.61	1	1	1	1
20230331164028	-17.34	0.0	-100.13	-13.63	-5.64	1	1	1	1
20230331164030	-17.36	0.0	-100.14	-13.82	-5.68	1	1	1	1
20230331164031	-17.37	0.0	-100.15	-13.63	-5.61	1	1	1	1
20230331164032	-17.4	0.0	-100.16	-13.73	-5.61	1	1	1	1
20230331164033	-17.38	0.0	-100.15	-13.73	-5.53	1	1	1	1
20230331164034	-17.42	0.0	-100.17	-13.73	-5.64	1	1	1	1
20230331164035	-17.4	0.0	-100.16	-13.73	-5.68	1	1	1	1
20230331164036	-17.4	0.0	-100.16	-13.92	-5.72	1	1	1	1
20230331164037	-17.43	0.0	-100.17	-13.82	-5.64	1	1	1	1
20230331164038	-17.44	0.0	-100.18	-13.73	-5.68	1	1	1	1
20230331164039	-17.44	0.0	-100.18	-13.82	-5.64	1	1	1	1
20230331164040	-17.46	0.0	-100.19	-14.01	-5.68	1	1	1	1
20230331164041	-17.47	0.0	-100.19	-14.01	-5.68	1	1	1	1
20230331164042	-17.47	0.0	-100.19	-13.82	-5.68	1	1	1	1
20230331164043	-17.5	0.0	-100.21	-13.82	-5.64	1	1	1	1
20230331164044	-17.5	0.0	-100.21	-14.01	-5.8	1	1	1	1
20230331164045	-17.51	0.0	-100.21	-13.92	-5.64	1	1	1	1
20230331164046	-17.51	0.0	-100.21	-13.82	-5.72	1	1	1	1
20230331164047	-17.53	0.0	-100.22	-14.01	-5.72	1	1	1	1
20230331164048	-17.57	0.0	-100.24	-13.82	-5.72	1	1	1	1
20230331164050	-17.53	0.0	-100.22	-14.11	-5.84	1	1	1	1
20230331164051	-17.57	0.0	-100.24	-13.92	-5.72	1	1	1	1
20230331164052	-17.56	0.0	-100.23	-13.92	-5.72	1	1	1	1
20230331164053	-17.57	0.0	-100.24	-13.92	-5.72	1	1	1	1
20230331164054	-17.58	0.0	-100.24	-14.01	-5.8	1	1	1	1
20230331164055	-17.61	0.0	-100.26	-13.92	-5.76	1	1	1	1
20230331164056	-17.61	0.0	-100.26	-13.92	-5.8	1	1	1	1
20230331164057	-17.61	0.0	-100.26	-14.01	-5.8	1	1	1	1
20230331164058	-17.64	0.0	-100.27	-14.01	-5.8	1	1	1	1
20230331164059	-17.64	0.0	-100.27	-14.01	-5.8	1	1	1	1
20230331164100	-17.64	0.0	-100.27	-14.01	-5.8	1	1	1	1
20230331164101	-17.66	0.0	-100.28	-14.01	-5.76	1	1	1	1
20230331164102	-17.66	0.0	-100.28	-14.01	-5.88	1	1	1	1
20230331164103	-17.68	0.0	-100.29	-14.01	-5.92	1	1	1	1
20230331164104	-17.68	0.0	-100.29	-14.21	-5.8	1	1	1	1
20230331164105	-17.7	0.0	-100.3	-14.31	-5.8	1	1	1	1
20230331164106	-17.73	0.0	-100.31	-14.01	-5.8	1	1	1	1
20230331164107	-17.71	0.0	-100.3	-14.01	-5.84	1	1	1	1
20230331164108	-17.74	0.0	-100.32	-14.01	-6.0	1	1	1	1
20230331164109	-17.74	0.0	-100.32	-14.01	-5.8	1	1	1	1
20230331164110	-17.75	0.0	-100.32	-14.11	-5.8	1	1	1	1
20230331164112	-17.77	0.0	-100.33	-14.11	-5.84	1	1	1	1
20230331164113	-17.78	0.0	-100.33	-14.01	-5.92	1	1	1	1
20230331164114	-17.77	0.0	-100.33	-14.31	-6.0	1	1	1	1
20230331164115	-17.78	0.0	-100.33	-14.11	-5.84	1	1	1	1
20230331164116	-17.78	0.0	-100.33	-14.01	-5.84	1	1	1	1
20230331164117	-17.82	0.0	-100.35	-14.11	-5.84	1	1	1	1
20230331164118	-17.82	0.0	-100.35	-14.11	-5.92	1	1	1	1
20230331164119	-17.82	0.0	-100.35	-14.11	-5.84	1	1	1	1
20230331164120	-17.84	0.0	-100.36	-14.11	-5.92	1	1	1	1
20230331164121	-17.82	0.0	-100.35	-14.21	-5.88	1	1	1	1
20230331164122	-17.85	0.0	-100.37	-14.21	-5.84	1	1	1	1
20230331164123	-17.88	0.0	-100.38	-14.11	-5.88	1	1	1	1
20230331164124	-17.9	0.0	-100.39	-14.31	-6.0	1	1	1	1
20230331164125	-17.9	0.0	-100.39	-14.11	-5.84	1	1	1	1
20230331164126	-17.91	0.0	-100.39	-14.21	-5.92	1	1	1	1
20230331164127	-17.9	0.0	-100.39	-14.11	-5.88	1	1	1	1
20230331164128	-17.92	0.0	-100.4	-14.11	-5.96	1	1	1	1
20230331164129	-17.91	0.0	-100.39	-14.21	-5.84	1	1	1	1
20230331164130	-17.95	0.0	-100.41	-14.41	-5.88	1	1	1	1
20230331164131	-17.94	0.0	-100.41	-14.31	-5.96	1	1	1	1
20230331164132	-17.95	0.0	-100.41	-14.52	-5.96	1	1	1	1
20230331164134	-17.97	0.0	-100.42	-14.31	-5.88	1	1	1	1
20230331164135	-17.97	0.0	-100.42	-14.31	-5.92	1	1	1	1
20230331164136	-17.97	0.0	-100.42	-14.31	-6.0	1	1	1	1
20230331164137	-17.98	0.0	-100.43	-14.31	-6.0	1	1	1	1
20230331164138	-17.99	0.0	-100.43	-14.31	-6.0	1	1	1	1
20230331164139	-18.01	0.0	-100.44	-14.41	-6.0	1	1	1	1
20230331164140	-18.01	0.0	-100.44	-14.41	-6.0	1	1	1	1
20230331164141	-18.02	0.0	-100.44	-14.41	-6.13	1	1	1	1
20230331164142	-18.05	0.0	-100.46	-14.41	-6.04	1	1	1	1
20230331164143	-18.05	0.0	-100.46	-14.62	-6.13	1	1	1	1
20230331164144	-18.05	0.0	-100.46	-14.41	-6.04	1	1	1	1
20230331164145	-18.05	0.0	-100.46	-14.41	-6.13	1	1	1	1
20230331164146	-18.08	0.0	-100.47	-14.41	-6.13	1	1	1	1
20230331164147	-18.08	0.0	-100.47	-14.73	-6.25	1	1	1	1
20230331164148	-18.09	0.0	-100.48	-14.41	-6.17	1	1	1	1
20230331164149	-18.09	0.0	-100.48	-14.52	-6.17	1	1	1	1
20230331164150	-18.14	0.0	-100.5	-14.41	-6.13	1	1	1	1
20230331164151	-18.14	0.0	-100.5	-14.41	-6.13	1	1	1	1
20230331164152	-18.12	0.0	-100.49	-14.52	-6.17	1	1	1	1
20230331164153	-18.15	0.0	-100.5	-14.41	-6.08	1	1	1	1
20230331164155	-18.16	0.0	-100.51	-14.52	-6.17	1	1	1	1
20230331164156	-18.16	0.0	-100.51	-14.52	-6.13	1	1	1	1
20230331164157	-18.18	0.0	-100.52	-14.73	-6.25	1	1	1	1
20230331164158	-18.18	0.0	-100.52	-14.52	-6.13	1	1	1	1
20230331164159	-18.18	0.0	-100.52	-14.52	-6.17	1	1	1	1
20230331164200	-18.22	0.0	-100.53	-14.52	-6.17	1	1	1	1
20230331164201	-18.24	0.0	-100.54	-14.73	-6.29	1	1	1	1
20230331164202	-18.22	0.0	-100.53	-14.83	-6.25	1	1	1	1
20230331164203	-18.25	0.0	-100.55	-14.62	-6.21	1	1	1	1
20230331164204	-18.25	0.0	-100.55	-14.83	-6.29	1	1	1	1
20230331164205	-18.26	0.0	-100.55	-14.62	-6.17	1	1	1	1
20230331164206	-18.26	0.0	-100.55	-14.83	-6.33	1	1	1	1
20230331164207	-18.28	0.0	-100.56	-14.62	-6.29	1	1	1	1
20230331164208	-18.29	0.0	-100.57	-14.73	-6.29	1	1	1	1
20230331164209	-18.3	0.0	-100.57	-14.62	-6.17	1	1	1	1
20230331164210	-18.3	0.0	-100.57	-14.94	-6.33	1	1	1	1
20230331164211	-18.32	0.0	-100.58	-14.62	-6.25	1	1	1	1
20230331164212	-18.33	0.0	-100.59	-14.94	-6.42	1	1	1	1
20230331164213	-18.35	0.0	-100.59	-14.73	-6.25	1	1	1	1
20230331164214	-18.35	0.0	-100.59	-14.94	-6.33	1	1	1	1
20230331164215	-18.35	0.0	-100.59	-14.73	-6.25	1	1	1	1
20230331164217	-18.35	0.0	-100.59	-14.73	-6.25	1	1	1	1
20230331164218	-18.36	0.0	-100.6	-14.73	-6.25	1	1	1	1
20230331164219	-18.36	0.0	-100.6	-15.05	-6.33	1	1	1	1
20230331164220	-18.38	0.0	-100.61	-14.73	-6.33	1	1	1	1
20230331164221	-18.39	0.0	-100.61	-14.83	-6.33	1	1	1	1
20230331164222	-18.39	0.0	-100.61	-14.73	-6.33	1	1	1	1
20230331164223	-18.4	0.0	-100.62	-14.83	-6.38	1	1	1	1
20230331164224	-18.43	0.0	-100.63	-14.83	-6.33	1	1	1	1
20230331164225	-18.43	0.0	-100.63	-14.83	-6.29	1	1	1	1
20230331164226	-18.42	0.0	-100.63	-15.05	-6.42	1	1	1	1
20230331164227	-18.43	0.0	-100.63	-15.05	-6.38	1	1	1	1
20230331164228	-18.46	0.0	-100.64	-15.05	-6.42	1	1	1	1
20230331164229	-18.45	0.0	-100.64	-14.83	-6.29	1	1	1	1
20230331164230	-18.46	0.0	-100.64	-14.83	-6.33	1	1	1	1
20230331164231	-18.46	0.0	-100.64	-15.16	-6.42	1	1	1	1
20230331164232	-18.5	0.0	-100.66	-14.83	-6.5	1	1	1	1
20230331164233	-18.49	0.0	-100.66	-15.05	-6.42	1	1	1	1
20230331164234	-18.5	0.0	-100.66	-15.16	-6.42	1	1	1	1
20230331164235	-18.52	0.0	-100.67	-15.05	-6.42	1	1	1	1
20230331164236	-18.53	0.0	-100.68	-14.83	-6.33	1	1	1	1
20230331164237	-18.53	0.0	-100.68	-15.05	-6.38	1	1	1	1
20230331164239	-18.53	0.0	-100.68	-15.16	-6.46	1	1	1	1
20230331164240	-18.55	0.0	-100.69	-15.16	-6.46	1	1	1	1
20230331164241	-18.57	0.0	-100.7	-15.16	-6.46	1	1	1	1
20230331164242	-18.59	0.0	-100.7	-14.83	-6.42	1	1	1	1
20230331164243	-18.59	0.0	-100.7	-14.83	-6.42	1	1	1	1
20230331164244	-18.59	0.0	-100.7	-14.83	-6.38	1	1	1	1
20230331164245	-18.57	0.0	-100.7	-15.16	-6.54	1	1	1	1
20230331164246	-18.59	0.0	-100.7	-15.16	-6.54	1	1	1	1
20230331164247	-18.61	0.0	-100.71	-15.16	-6.5	1	1	1	1
20230331164248	-18.64	0.0	-100.73	-14.94	-6.46	1	1	1	1
20230331164249	-18.63	0.0	-100.72	-15.16	-6.46	1	1	1	1
20230331164250	-18.61	0.0	-100.71	-15.16	-6.54	1	1	1	1
20230331164251	-18.64	0.0	-100.73	-15.16	-6.5	1	1	1	1
20230331164252	-18.63	0.0	-100.72	-15.16	-6.59	1	1	1	1
20230331164253	-18.66	0.0	-100.74	-15.16	-6.59	1	1	1	1
20230331164254	-18.66	0.0	-100.74	-15.16	-6.46	1	1	1	1
20230331164255	-18.67	0.0	-100.74	-15.16	-6.46	1	1	1	1
20230331164256	-18.7	0.0	-100.75	-15.16	-6.54	1	1	1	1
20230331164257	-18.69	0.0	-100.75	-14.94	-6.38	1	1	1	1
20230331164258	-18.7	0.0	-100.75	-15.16	-6.42	1	1	1	1
20230331164300	-18.72	0.0	-100.76	-15.16	-6.59	1	1	1	1
20230331164301	-18.73	0.0	-100.77	-14.94	-6.59	1	1	1	1
20230331164302	-18.74	0.0	-100.77	-15.16	-6.59	1	1	1	1
20230331164303	-18.74	0.0	-100.77	-15.16	-6.59	1	1	1	1
20230331164304	-18.73	0.0	-100.77	-15.05	-6.5	1	1	1	1
20230331164305	-18.76	0.0	-100.78	-15.05	-6.54	1	1	1	1
20230331164306	-18.74	0.0	-100.77	-15.05	-6.5	1	1	1	1
20230331164307	-18.77	0.0	-100.79	-15.05	-6.5	1	1	1	1
20230331164308	-18.77	0.0	-100.79	-15.16	-6.42	1	1	1	1
20230331164309	-18.77	0.0	-100.79	-15.27	-6.63	1	1	1	1
20230331164310	-18.76	0.0	-100.78	-15.27	-6.59	1	1	1	1
20230331164311	-18.8	0.0	-100.8	-15.27	-6.63	1	1	1	1
20230331164312	-18.8	0.0	-100.8	-15.27	-6.67	1	1	1	1
20230331164313	-18.82	0.0	-100.81	-15.39	-6.67	1	1	1	1
20230331164314	-18.83	0.0	-100.81	-15.05	-6.67	1	1	1	1
20230331164315	-18.83	0.0	-100.81	-15.27	-6.59	1	1	1	1
20230331164316	-18.84	0.0	-100.82	-15.05	-6.54	1	1	1	1
20230331164317	-18.86	0.0	-100.83	-15.27	-6.63	1	1	1	1
20230331164318	-18.87	0.0	-100.83	-15.39	-6.63	1	1	1	1
20230331164319	-18.84	0.0	-100.82	-15.39	-6.63	1	1	1	1
20230331164321	-18.87	0.0	-100.83	-15.39	-6.72	1	1	1	1
20230331164322	-18.87	0.0	-100.83	-15.39	-6.67	1	1	1	1
20230331164323	-18.9	0.0	-100.85	-15.5	-6.67	1	1	1	1
20230331164324	-18.89	0.0	-100.84	-15.5	-6.76	1	1	1	1
20230331164325	-18.87	0.0	-100.83	-15.27	-6.67	1	1	1	1
20230331164326	-18.93	0.0	-100.86	-15.27	-6.59	1	1	1	1
20230331164327	-18.92	0.0	-100.86	-15.62	-6.72	1	1	1	1
20230331164328	-18.92	0.0	-100.86	-15.5	-6.76	1	1	1	1
20230331164329	-18.9	0.0	-100.85	-15.27	-6.63	1	1	1	1
20230331164330	-18.92	0.0	-100.86	-15.5	-6.76	1	1	1	1
20230331164331	-18.94	0.0	-100.86	-15.5	-6.76	1	1	1	1
20230331164332	-18.94	0.0	-100.86	-15.27	-6.67	1	1	1	1
20230331164333	-18.93	0.0	-100.86	-15.62	-6.67	1	1	1	1
20230331164334	-18.96	0.0	-100.87	-15.62	-6.67	1	1	1	1
20230331164335	-18.97	0.0	-100.88	-15.62	-6.76	1	1	1	1
20230331164336	-19.0	0.0	-100.89	-15.62	-6.85	1	1	1	1
20230331164337	-18.99	0.0	-100.89	-15.62	-6.85	1	1	1	1
20230331164338	-18.99	0.0	-100.89	-15.62	-6.81	1	1	1	1
20230331164339	-18.99	0.0	-100.89	-15.62	-6.85	1	1	1	1
20230331164340	-19.0	0.0	-100.89	-15.62	-6.85	1	1	1	1
20230331164342	-19.02	0.0	-100.9	-15.62	-6.89	1	1	1	1
20230331164343	-19.03	0.0	-100.91	-15.27	-6.72	1	1	1	1
20230331164344	-19.03	0.0	-100.91	-15.39	-6.89	1	1	1	1
20230331164345	-19.04	0.0	-100.91	-15.39	-6.76	1	1	1	1
20230331164346	-19.04	0.0	-100.91	-15.39	-6.81	1	1	1	1
20230331164347	-19.03	0.0	-100.91	-15.39	-6.72	1	1	1	1
20230331164348	-19.04	0.0	-100.91	-15.62	-6.85	1	1	1	1
20230331164349	-19.04	0.0	-100.91	-15.62	-6.89	1	1	1	1
20230331164350	-19.06	0.0	-100.92	-15.62	-6.76	1	1	1	1
20230331164351	-19.07	0.0	-100.92	-15.39	-6.81	1	1	1	1
20230331164352	-19.1	0.0	-100.94	-15.62	-6.89	1	1	1	1
20230331164353	-19.1	0.0	-100.94	-15.74	-6.81	1	1	1	1
20230331164354	-19.08	0.0	-100.93	-15.74	-6.89	1	1	1	1
20230331164355	-19.11	0.0	-100.94	-15.74	-6.89	1	1	1	1
20230331164356	-19.11	0.0	-100.94	-15.62	-6.89	1	1	1	1
20230331164357	-19.13	0.0	-100.95	-15.74	-6.89	1	1	1	1
20230331164358	-19.11	0.0	-100.94	-15.74	-6.89	1	1	1	1
20230331164359	-19.13	0.0	-100.95	-15.74	-6.94	1	1	1	1
20230331164400	-19.15	0.0	-100.96	-15.74	-6.94	1	1	1	1
20230331164401	-19.14	0.0	-100.96	-15.62	-6.89	1	1	1	1
20230331164403	-19.14	0.0	-100.96	-15.5	-6.89	1	1	1	1
20230331164404	-19.17	0.0	-100.97	-15.74	-6.85	1	1	1	1
20230331164405	-19.18	0.0	-100.97	-15.62	-6.98	1	1	1	1
20230331164406	-19.14	0.0	-100.96	-15.86	-6.98	1	1	1	1
20230331164407	-19.18	0.0	-100.97	-15.5	-6.85	1	1	1	1
20230331164408	-19.18	0.0	-100.97	-15.5	-6.89	1	1	1	1
20230331164409	-19.21	0.0	-100.99	-15.74	-6.98	1	1	1	1
20230331164410	-19.23	0.0	-101.0	-15.74	-6.98	1	1	1	1
20230331164411	-19.2	0.0	-100.98	-15.86	-6.94	1	1	1	1
20230331164412	-19.21	0.0	-100.99	-15.74	-7.03	1	1	1	1
20230331164413	-19.23	0.0	-101.0	-15.86	-6.94	1	1	1	1
20230331164414	-19.23	0.0	-101.0	-15.62	-6.94	1	1	1	1
20230331164415	-19.24	0.0	-101.0	-15.86	-6.98	1	1	1	1
20230331164416	-19.21	0.0	-100.99	-15.62	-6.89	1	1	1	1
20230331164417	-19.24	0.0	-101.0	-15.86	-7.03	1	1	1	1
20230331164418	-19.26	0.0	-101.01	-15.86	-7.12	1	1	1	1
20230331164419	-19.27	0.0	-101.02	-15.86	-6.98	1	1	1	1
20230331164420	-19.28	0.0	-101.02	-15.62	-6.94	1	1	1	1
20230331164421	-19.28	0.0	-101.02	-15.86	-7.03	1	1	1	1
20230331164423	-19.3	0.0	-101.03	-15.86	-6.94	1	1	1	1
20230331164424	-19.32	0.0	-101.04	-15.62	-6.98	1	1	1	1
20230331164425	-19.3	0.0	-101.03	-15.86	-6.98	1	1	1	1
20230331164426	-19.3	0.0	-101.03	-15.86	-6.98	1	1	1	1
20230331164427	-19.32	0.0	-101.04	-15.86	-6.98	1	1	1	1
20230331164428	-19.34	0.0	-101.05	-15.74	-6.94	1	1	1	1
20230331164429	-19.32	0.0	-101.04	-15.62	-6.94	1	1	1	1
20230331164430	-19.35	0.0	-101.05	-15.74	-6.98	1	1	1	1
20230331164431	-19.34	0.0	-101.05	-15.62	-6.98	1	1	1	1
20230331164432	-19.35	0.0	-101.05	-15.98	-7.12	1	1	1	1
20230331164433	-19.37	0.0	-101.06	-15.74	-7.03	1	1	1	1
20230331164434	-19.38	0.0	-101.07	-15.74	-6.94	1	1	1	1
20230331164435	-19.35	0.0	-101.05	-15.98	-6.98	1	1	1	1
20230331164436	-19.37	0.0	-101.06	-15.98	-7.03	1	1	1	1
20230331164437	-19.39	0.0	-101.07	-15.98	-7.03	1	1	1	1
20230331164438	-19.39	0.0	-101.07	-15.98	-6.98	1	1	1	1
20230331164439	-19.39	0.0	-101.07	-15.98	-7.07	1	1	1	1
20230331164440	-19.39	0.0	-101.07	-15.98	-7.07	1	1	1	1
20230331164441	-19.41	0.0	-101.08	-15.74	-7.03	1	1	1	1
20230331164442	-19.42	0.0	-101.08	-15.86	-7.12	1	1	1	1
20230331164444	-19.41	0.0	-101.08	-15.98	-7.16	1	1	1	1
20230331164445	-19.42	0.0	-101.08	-15.74	-6.98	1	1	1	1
20230331164446	-19.47	0.0	-101.11	-15.98	-7.03	1	1	1	1
20230331164447	-19.45	0.0	-101.1	-15.98	-7.16	1	1	1	1
20230331164448	-19.47	0.0	-101.11	-15.74	-7.03	1	1	1	1
20230331164449	-19.47	0.0	-101.11	-15.74	-7.03	1	1	1	1
20230331164450	-19.48	0.0	-101.11	-15.74	-7.16	1	1	1	1
20230331164451	-19.49	0.0	-101.12	-15.98	-7.21	1	1	1	1
20230331164452	-19.51	0.0	-101.13	-15.98	-7.12	1	1	1	1
20230331164453	-19.52	0.0	-101.13	-15.86	-7.12	1	1	1	1
20230331164454	-19.48	0.0	-101.11	-15.98	-7.16	1	1	1	1
20230331164455	-19.51	0.0	-101.13	-15.98	-7.16	1	1	1	1
20230331164456	-19.52	0.0	-101.13	-15.74	-7.03	1	1	1	1
20230331164457	-19.54	0.0	-101.14	-15.74	-7.03	1	1	1	1
20230331164458	-19.52	0.0	-101.13	-16.11	-7.16	1	1	1	1
20230331164459	-19.54	0.0	-101.14	-15.86	-7.03	1	1	1	1
20230331164500	-19.54	0.0	-101.14	-15.74	-7.03	1	1	1	1
20230331164501	-19.55	0.0	-101.14	-16.11	-7.16	1	1	1	1
20230331164502	-19.52	0.0	-101.13	-16.11	-7.16	1	1	1	1
20230331164503	-19.58	0.0	-101.16	-16.11	-7.21	1	1	1	1
20230331164505	-19.58	0.0	-101.16	-15.86	-7.16	1	1	1	1
20230331164506	-19.58	0.0	-101.16	-16.11	-7.16	1	1	1	1
20230331164507	-19.58	0.0	-101.16	-16.11	-7.16	1	1	1	1
20230331164508	-19.59	0.0	-101.16	-16.11	-7.03	1	1	1	1
20230331164509	-19.58	0.0	-101.16	-16.11	-7.21	1	1	1	1
20230331164510	-19.59	0.0	-101.16	-15.86	-7.07	1	1	1	1
20230331164511	-19.61	0.0	-101.17	-15.86	-7.12	1	1	1	1
20230331164512	-19.61	0.0	-101.17	-15.98	-7.16	1	1	1	1
20230331164513	-19.62	0.0	-101.18	-16.11	-7.26	1	1	1	1
20230331164514	-19.62	0.0	-101.18	-16.11	-7.21	1	1	1	1
20230331164515	-19.63	0.0	-101.18	-15.98	-7.16	1	1	1	1
20230331164516	-19.63	0.0	-101.18	-16.11	-7.3	1	1	1	1
20230331164517	-19.65	0.0	-101.19	-15.98	-7.21	1	1	1	1
20230331164518	-19.65	0.0	-101.19	-16.23	-7.3	1	1	1	1
20230331164519	-19.65	0.0	-101.19	-15.98	-7.21	1	1	1	1
20230331164520	-19.66	0.0	-101.2	-16.23	-7.26	1	1	1	1
20230331164521	-19.72	0.0	-101.22	-15.98	-7.26	1	1	1	1
20230331164522	-19.71	0.0	-101.22	-16.23	-7.35	1	1	1	1
20230331164523	-19.69	0.0	-101.21	-16.23	-7.3	1	1	1	1
20230331164524	-19.72	0.0	-101.22	-15.98	-7.3	1	1	1	1
20230331164526	-19.72	0.0	-101.22	-16.23	-7.26	1	1	1	1
20230331164527	-19.71	0.0	-101.22	-15.98	-7.26	1	1	1	1
20230331164528	-19.72	0.0	-101.22	-16.23	-7.3	1	1	1	1
20230331164529	-19.73	0.0	-101.23	-16.36	-7.35	1	1	1	1
20230331164530	-19.75	0.0	-101.24	-15.98	-7.35	1	1	1	1
20230331164531	-19.75	0.0	-101.24	-16.23	-7.26	1	1	1	1
20230331164532	-19.75	0.0	-101.24	-15.98	-7.26	1	1	1	1
20230331164533	-19.78	0.0	-101.25	-15.98	-7.26	1	1	1	1
20230331164534	-19.73	0.0	-101.23	-16.23	-7.21	1	1	1	1
20230331164535	-19.72	0.0	-101.22	-16.23	-7.3	1	1	1	1
20230331164536	-19.78	0.0	-101.25	-16.23	-7.35	1	1	1	1
20230331164537	-19.78	0.0	-101.25	-15.98	-7.21	1	1	1	1
20230331164538	-19.79	0.0	-101.25	-16.36	-7.35	1	1	1	1
20230331164539	-19.78	0.0	-101.25	-16.36	-7.35	1	1	1	1
20230331164540	-19.82	0.0	-101.27	-16.11	-7.26	1	1	1	1
20230331164541	-19.81	0.0	-101.26	-16.36	-7.35	1	1	1	1
20230331164542	-19.81	0.0	-101.26	-16.36	-7.35	1	1	1	1
20230331164543	-19.79	0.0	-101.25	-16.11	-7.26	1	1	1	1
20230331164544	-19.85	0.0	-101.28	-16.11	-7.3	1	1	1	1
20230331164545	-19.83	0.0	-101.27	-16.36	-7.35	1	1	1	1
20230331164547	-19.83	0.0	-101.27	-16.11	-7.26	1	1	1	1
20230331164548	-19.83	0.0	-101.27	-16.36	-7.4	1	1	1	1
20230331164549	-19.85	0.0	-101.28	-15.98	-7.4	1	1	1	1
20230331164550	-19.85	0.0	-101.28	-16.36	-7.4	1	1	1	1
20230331164551	-19.86	0.0	-101.29	-16.11	-7.3	1	1	1	1
20230331164552	-19.86	0.0	-101.29	-16.23	-7.26	1	1	1	1
20230331164553	-19.87	0.0	-101.29	-16.11	-7.3	1	1	1	1
20230331164554	-19.87	0.0	-101.29	-16.36	-7.3	1	1	1	1
20230331164555	-19.89	0.0	-101.3	-16.23	-7.35	1	1	1	1
20230331164556	-19.87	0.0	-101.29	-16.36	-7.44	1	1	1	1
20230331164557	-19.9	0.0	-101.31	-16.36	-7.21	1	1	1	1
20230331164558	-19.92	0.0	-101.31	-15.98	-7.3	1	1	1	1
20230331164559	-19.9	0.0	-101.31	-16.23	-7.3	1	1	1	1
20230331164600	-19.87	0.0	-101.29	-16.49	-7.44	1	1	1	1
20230331164601	-19.92	0.0	-101.31	-16.23	-7.4	1	1	1	1
20230331164602	-19.93	0.0	-101.32	-16.36	-7.49	1	1	1	1
20230331164603	-19.92	0.0	-101.31	-16.23	-7.35	1	1	1	1
20230331164604	-19.93	0.0	-101.32	-16.49	-7.44	1	1	1	1
20230331164605	-19.96	0.0	-101.33	-16.36	-7.35	1	1	1	1
20230331164606	-19.95	0.0	-101.33	-16.36	-7.4	1	1	1	1
20230331164608	-19.96	0.0	-101.33	-16.36	-7.35	1	1	1	1
20230331164609	-19.96	0.0	-101.33	-16.49	-7.4	1	1	1	1
20230331164610	-19.99	0.0	-101.35	-16.49	-7.44	1	1	1	1
20230331164611	-19.99	0.0	-101.35	-16.23	-7.4	1	1	1	1
20230331164612	-20.0	0.0	-101.35	-16.36	-7.49	1	1	1	1
20230331164613	-20.0	0.0	-101.35	-16.23	-7.4	1	1	1	1
20230331164614	-19.99	0.0	-101.35	-16.23	-7.35	1	1	1	1
20230331164615	-19.99	0.0	-101.35	-16.49	-7.35	1	1	1	1
20230331164616	-19.97	0.0	-101.34	-16.49	-7.4	1	1	1	1
20230331164617	-20.03	0.0	-101.37	-16.23	-7.35	1	1	1	1
20230331164618	-20.02	0.0	-101.36	-16.49	-7.49	1	1	1	1
20230331164619	-20.03	0.0	-101.37	-16.62	-7.49	1	1	1	1
20230331164620	-20.02	0.0	-101.36	-16.62	-7.44	1	1	1	1
20230331164621	-20.03	0.0	-101.37	-16.36	-7.35	1	1	1	1
20230331164622	-20.05	0.0	-101.37	-16.49	-7.4	1	1	1	1
20230331164623	-20.05	0.0	-101.37	-16.23	-7.4	1	1	1	1
20230331164624	-20.07	0.0	-101.38	-16.62	-7.44	1	1	1	1
20230331164625	-20.09	0.0	-101.39	-16.49	-7.49	1	1	1	1
20230331164626	-20.06	0.0	-101.38	-16.23	-7.26	1	1	1	1
20230331164628	-20.05	0.0	-101.37	-16.49	-7.44	1	1	1	1
20230331164629	-20.07	0.0	-101.38	-16.23	-7.35	1	1	1	1
20230331164630	-20.09	0.0	-101.39	-16.36	-7.44	1	1	1	1
20230331164631	-20.09	0.0	-101.39	-16.49	-7.44	1	1	1	1
20230331164632	-20.12	0.0	-101.41	-16.62	-7.54	1	1	1	1
20230331164633	-20.09	0.0	-101.39	-16.62	-7.49	1	1	1	1
20230331164634	-20.13	0.0	-101.41	-16.36	-7.4	1	1	1	1
20230331164635	-20.13	0.0	-101.41	-16.36	-7.44	1	1	1	1
20230331164636	-20.15	0.0	-101.42	-16.36	-7.4	1	1	1	1
20230331164637	-20.13	0.0	-101.41	-16.36	-7.54	1	1	1	1
20230331164638	-20.15	0.0	-101.42	-16.49	-7.49	1	1	1	1
20230331164639	-20.13	0.0	-101.41	-16.36	-7.44	1	1	1	1
20230331164640	-20.15	0.0	-101.42	-16.62	-7.44	1	1	1	1
20230331164641	-20.15	0.0	-101.42	-16.62	-7.49	1	1	1	1
20230331164642	-20.16	0.0	-101.42	-16.62	-7.44	1	1	1	1
20230331164643	-20.17	0.0	-101.43	-16.62	-7.49	1	1	1	1
20230331164644	-20.17	0.0	-101.43	-16.36	-7.44	1	1	1	1
20230331164645	-20.19	0.0	-101.44	-16.36	-7.4	1	1	1	1
20230331164646	-20.17	0.0	-101.43	-16.62	-7.44	1	1	1	1
20230331164647	-20.19	0.0	-101.44	-16.76	-7.4	1	1	1	1
20230331164649	-20.2	0.0	-101.44	-16.36	-7.4	1	1	1	1
20230331164650	-20.2	0.0	-101.44	-16.62	-7.54	1	1	1	1
20230331164651	-20.22	0.0	-101.45	-16.36	-7.4	1	1	1	1
20230331164652	-20.2	0.0	-101.44	-16.76	-7.54	1	1	1	1
20230331164653	-20.22	0.0	-101.45	-16.36	-7.54	1	1	1	1
20230331164654	-20.22	0.0	-101.45	-16.76	-7.54	1	1	1	1
20230331164655	-20.22	0.0	-101.45	-16.36	-7.44	1	1	1	1
20230331164656	-20.23	0.0	-101.46	-16.36	-7.49	1	1	1	1
20230331164657	-20.25	0.0	-101.47	-16.36	-7.49	1	1	1	1
20230331164658	-20.23	0.0	-101.46	-16.36	-7.44	1	1	1	1
20230331164659	-20.23	0.0	-101.46	-16.76	-7.58	1	1	1	1
20230331164700	-20.25	0.0	-101.47	-16.36	-7.49	1	1	1	1
20230331164701	-20.25	0.0	-101.47	-16.76	-7.58	1	1	1	1
20230331164702	-20.27	0.0	-101.48	-16.76	-7.54	1	1	1	1
20230331164703	-20.27	0.0	-101.48	-16.49	-7.49	1	1	1	1
20230331164704	-20.27	0.0	-101.48	-16.49	-7.44	1	1	1	1
20230331164705	-20.27	0.0	-101.48	-16.76	-7.54	1	1	1	1
20230331164706	-20.32	0.0	-101.5	-16.76	-7.54	1	1	1	1
20230331164707	-20.27	0.0	-101.48	-16.49	-7.54	1	1	1	1
20230331164708	-20.3	0.0	-101.49	-16.76	-7.58	1	1	1	1
20230331164710	-20.3	0.0	-101.49	-16.76	-7.63	1	1	1	1
20230331164711	-20.3	0.0	-101.49	-16.76	-7.58	1	1	1	1
20230331164712	-20.29	0.0	-101.48	-16.76	-7.63	1	1	1	1
20230331164713	-20.32	0.0	-101.5	-16.76	-7.58	1	1	1	1
20230331164714	-20.33	0.0	-101.5	-16.49	-7.49	1	1	1	1
20230331164715	-20.32	0.0	-101.5	-16.49	-7.58	1	1	1	1
20230331164716	-20.34	0.0	-101.51	-16.49	-7.54	1	1	1	1
20230331164717	-20.34	0.0	-101.51	-16.36	-7.49	1	1	1	1
20230331164718	-20.33	0.0	-101.5	-16.49	-7.73	1	1	1	1
20230331164719	-20.36	0.0	-101.52	-16.76	-7.63	1	1	1	1
20230331164720	-20.34	0.0	-101.51	-16.76	-7.68	1	1	1	1
20230331164721	-20.36	0.0	-101.52	-16.49	-7.49	1	1	1	1
20230331164722	-20.37	0.0	-101.52	-16.49	-7.58	1	1	1	1
20230331164723	-20.39	0.0	-101.53	-16.76	-7.68	1	1	1	1
20230331164724	-20.4	0.0	-101.54	-16.49	-7.54	1	1	1	1
20230331164725	-20.39	0.0	-101.53	-16.76	-7.58	1	1	1	1
20230331164726	-20.4	0.0	-101.54	-16.49	-7.54	1	1	1	1
20230331164727	-20.39	0.0	-101.53	-16.76	-7.63	1	1	1	1
20230331164728	-20.4	0.0	-101.54	-16.49	-7.44	1	1	1	1
20230331164729	-20.39	0.0	-101.53	-16.76	-7.63	1	1	1	1
20230331164731	-20.4	0.0	-101.54	-16.49	-7.58	1	1	1	1
20230331164732	-20.41	0.0	-101.54	-16.76	-7.63	1	1	1	1
20230331164733	-20.4	0.0	-101.54	-16.49	-7.54	1	1	1	1
20230331164734	-20.41	0.0	-101.54	-16.76	-7.68	1	1	1	1
20230331164735	-20.41	0.0	-101.54	-16.49	-7.58	1	1	1	1
20230331164736	-20.43	0.0	-101.55	-16.76	-7.63	1	1	1	1
20230331164737	-20.43	0.0	-101.55	-16.49	-7.54	1	1	1	1
20230331164738	-20.46	0.0	-101.56	-16.49	-7.49	1	1	1	1
20230331164739	-20.44	0.0	-101.55	-16.49	-7.63	1	1	1	1
20230331164740	-20.46	0.0	-101.56	-16.76	-7.63	1	1	1	1
20230331164741	-20.44	0.0	-101.55	-16.49	-7.54	1	1	1	1
20230331164742	-20.44	0.0	-101.55	-16.76	-7.68	1	1	1	1
20230331164743	-20.47	0.0	-101.57	-16.49	-7.54	1	1	1	1
20230331164744	-20.47	0.0	-101.57	-16.62	-7.58	1	1	1	1
20230331164745	-20.44	0.0	-101.55	-16.76	-7.73	1	1	1	1
20230331164746	-20.46	0.0	-101.56	-16.76	-7.68	1	1	1	1
20230331164747	-20.49	0.0	-101.58	-16.76	-7.58	1	1	1	1
20230331164748	-20.49	0.0	-101.58	-16.76	-7.68	1	1	1	1
20230331164749	-20.49	0.0	-101.58	-16.76	-7.63	1	1	1	1
20230331164751	-20.49	0.0	-101.58	-16.49	-7.54	1	1	1	1
20230331164752	-20.5	0.0	-101.58	-16.76	-7.73	1	1	1	1
20230331164753	-20.5	0.0	-101.58	-16.49	-7.68	1	1	1	1
20230331164754	-20.51	0.0	-101.59	-16.49	-7.63	1	1	1	1
20230331164755	-20.51	0.0	-101.59	-16.76	-7.73	1	1	1	1
20230331164756	-20.49	0.0	-101.58	-16.76	-7.68	1	1	1	1
20230331164757	-20.51	0.0	-101.59	-16.62	-7.63	1	1	1	1
20230331164758	-20.53	0.0	-101.6	-16.49	-7.63	1	1	1	1
20230331164759	-20.54	0.0	-101.6	-16.49	-7.63	1	1	1	1
20230331164800	-20.54	0.0	-101.6	-16.49	-7.63	1	1	1	1
20230331164801	-20.53	0.0	-101.6	-16.49	-7.73	1	1	1	1
20230331164802	-20.54	0.0	-101.6	-16.62	-7.58	1	1	1	1
20230331164803	-20.53	0.0	-101.6	-16.89	-7.73	1	1	1	1
20230331164804	-20.57	0.0	-101.61	-16.89	-7.73	1	1	1	1
20230331164805	-20.54	0.0	-101.6	-16.89	-7.68	1	1	1	1
20230331164806	-20.56	0.0	-101.61	-16.76	-7.68	1	1	1	1
20230331164808	-20.57	0.0	-101.61	-16.76	-7.68	1	1	1	1
20230331164809	-20.59	0.0	-101.62	-16.49	-7.63	1	1	1	1
20230331164810	-20.57	0.0	-101.61	-16.76	-7.63	1	1	1	1
20230331164811	-20.6	0.0	-101.63	-16.89	-7.78	1	1	1	1
20230331164812	-20.57	0.0	-101.61	-16.49	-7.63	1	1	1	1
20230331164813	-20.6	0.0	-101.63	-16.62	-7.54	1	1	1	1
20230331164814	-20.6	0.0	-101.63	-16.89	-7.73	1	1	1	1
20230331164815	-20.6	0.0	-101.63	-16.89	-7.73	1	1	1	1
20230331164816	-20.61	0.0	-101.63	-16.89	-7.73	1	1	1	1
20230331164817	-20.61	0.0	-101.63	-16.89	-7.63	1	1	1	1
20230331164818	-20.61	0.0	-101.63	-16.89	-7.68	1	1	1	1
20230331164819	-20.61	0.0	-101.63	-16.89	-7.73	1	1	1	1
20230331164820	-20.59	0.0	-101.62	-16.76	-7.63	1	1	1	1
20230331164821	-20.63	0.0	-101.64	-16.89	-7.68	1	1	1	1
20230331164823	-20.64	0.0	-101.65	-16.62	-7.63	1	1	1	1
20230331164824	-20.61	0.0	-101.63	-16.76	-7.73	1	1	1	1
20230331164825	-20.63	0.0	-101.64	-16.89	-7.73	1	1	1	1
20230331164826	-20.63	0.0	-101.64	-16.62	-7.63	1	1	1	1
20230331164827	-20.61	0.0	-101.63	-16.76	-7.73	1	1	1	1
20230331164828	-20.64	0.0	-101.65	-16.62	-7.68	1	1	1	1
20230331164829	-20.64	0.0	-101.65	-16.62	-7.63	1	1	1	1
20230331164830	-20.65	0.0	-101.65	-16.62	-7.73	1	1	1	1
20230331164831	-20.64	0.0	-101.65	-16.89	-7.73	1	1	1	1
20230331164832	-20.65	0.0	-101.65	-16.89	-7.78	1	1	1	1
20230331164833	-20.64	0.0	-101.65	-16.62	-7.63	1	1	1	1
20230331164834	-20.67	0.0	-101.66	-16.76	-7.63	1	1	1	1
20230331164835	-20.65	0.0	-101.65	-16.62	-7.63	1	1	1	1
20230331164836	-20.65	0.0	-101.65	-16.89	-7.83	1	1	1	1
20230331164838	-20.7	0.0	-101.67	-17.03	-7.78	1	1	1	1
20230331164839	-20.68	0.0	-101.66	-16.62	-7.63	1	1	1	1
20230331164840	-20.68	0.0	-101.66	-17.03	-7.92	1	1	1	1
20230331164841	-20.7	0.0	-101.67	-16.89	-7.78	1	1	1	1
20230331164842	-20.68	0.0	-101.66	-17.03	-7.68	1	1	1	1
20230331164843	-20.7	0.0	-101.67	-16.76	-7.73	1	1	1	1
20230331164844	-20.7	0.0	-101.67	-17.03	-7.78	1	1	1	1
20230331164845	-20.71	0.0	-101.68	-16.76	-7.68	1	1	1	1
20230331164846	-20.68	0.0	-101.66	-17.03	-7.73	1	1	1	1
20230331164847	-20.71	0.0	-101.68	-16.89	-7.68	1	1	1	1
20230331164848	-20.71	0.0	-101.68	-17.03	-7.83	1	1	1	1
20230331164849	-20.73	0.0	-101.69	-16.62	-7.78	1	1	1	1
20230331164850	-20.74	0.0	-101.69	-17.03	-7.78	1	1	1	1
20230331164852	-20.73	0.0	-101.69	-17.03	-7.78	1	1	1	1
20230331164853	-20.73	0.0	-101.69	-16.76	-7.73	1	1	1	1
20230331164854	-20.73	0.0	-101.69	-16.76	-7.78	1	1	1	1
20230331164855	-20.71	0.0	-101.68	-17.03	-7.83	1	1	1	1
20230331164856	-20.75	0.0	-101.7	-17.03	-7.63	1	1	1	1
20230331164857	-20.74	0.0	-101.69	-16.89	-7.73	1	1	1	1
20230331164858	-20.77	0.0	-101.71	-17.03	-7.83	1	1	1	1
20230331164859	-20.77	0.0	-101.71	-16.76	-7.78	1	1	1	1
20230331164900	-20.74	0.0	-101.69	-17.03	-7.87	1	1	1	1
20230331164901	-20.77	0.0	-101.71	-16.76	-7.78	1	1	1	1
20230331164902	-20.75	0.0	-101.7	-16.76	-7.83	1	1	1	1
20230331164903	-20.78	0.0	-101.71	-16.76	-7.78	1	1	1	1
20230331164904	-20.78	0.0	-101.71	-16.76	-7.83	1	1	1	1
20230331164905	-20.78	0.0	-101.71	-17.03	-7.83	1	1	1	1
20230331164906	-20.8	0.0	-101.72	-17.03	-7.68	1	1	1	1
20230331164908	-20.78	0.0	-101.71	-16.76	-7.73	1	1	1	1
20230331164909	-20.77	0.0	-101.71	-17.03	-7.83	1	1	1	1
20230331164910	-20.8	0.0	-101.72	-16.89	-7.78	1	1	1	1
20230331164911	-20.8	0.0	-101.72	-17.17	-7.78	1	1	1	1
20230331164912	-20.8	0.0	-101.72	-17.03	-7.78	1	1	1	1
20230331164913	-20.81	0.0	-101.72	-16.89	-7.78	1	1	1	1
20230331164914	-20.8	0.0	-101.72	-16.89	-7.78	1	1	1	1
20230331164915	-20.81	0.0	-101.72	-16.76	-7.78	1	1	1	1
20230331164916	-20.81	0.0	-101.72	-16.89	-7.78	1	1	1	1
20230331164917	-20.81	0.0	-101.72	-16.76	-7.83	1	1	1	1
20230331164918	-20.81	0.0	-101.72	-17.03	-7.87	1	1	1	1
20230331164919	-20.81	0.0	-101.72	-17.03	-7.83	1	1	1	1
20230331164920	-20.81	0.0	-101.72	-16.76	-7.83	1	1	1	1
20230331164921	-20.83	0.0	-101.73	-16.89	-7.83	1	1	1	1
20230331164922	-20.83	0.0	-101.73	-16.76	-7.83	1	1	1	1
20230331164924	-20.84	0.0	-101.74	-16.76	-7.87	1	1	1	1
20230331164925	-20.81	0.0	-101.72	-16.76	-7.83	1	1	1	1
20230331164926	-20.85	0.0	-101.74	-16.76	-7.83	1	1	1	1
20230331164927	-20.85	0.0	-101.74	-16.76	-7.92	1	1	1	1
20230331164928	-20.85	0.0	-101.74	-16.76	-7.73	1	1	1	1
20230331164929	-20.84	0.0	-101.74	-16.76	-7.83	1	1	1	1
20230331164930	-20.85	0.0	-101.74	-16.76	-7.78	1	1	1	1
20230331164931	-20.84	0.0	-101.74	-16.76	-7.73	1	1	1	1
20230331164932	-20.87	0.0	-101.75	-16.76	-7.73	1	1	1	1
20230331164933	-20.85	0.0	-101.74	-17.17	-7.87	1	1	1	1
20230331164934	-20.85	0.0	-101.74	-16.76	-7.83	1	1	1	1
20230331164935	-20.87	0.0	-101.75	-17.03	-7.87	1	1	1	1
20230331164936	-20.84	0.0	-101.74	-16.76	-7.73	1	1	1	1
20230331164937	-20.88	0.0	-101.76	-16.76	-7.78	1	1	1	1
20230331164938	-20.88	0.0	-101.76	-16.89	-7.73	1	1	1	1
20230331164939	-20.88	0.0	-101.76	-17.17	-7.87	1	1	1	1
20230331164940	-20.88	0.0	-101.76	-17.03	-7.87	1	1	1	1
20230331164941	-20.88	0.0	-101.76	-17.03	-7.92	1	1	1	1
20230331164942	-20.88	0.0	-101.76	-16.89	-7.73	1	1	1	1
20230331164943	-20.91	0.0	-101.77	-16.76	-7.83	1	1	1	1
20230331164945	-20.89	0.0	-101.76	-16.89	-7.83	1	1	1	1
20230331164946	-20.88	0.0	-101.76	-16.89	-7.78	1	1	1	1
20230331164947	-20.89	0.0	-101.76	-16.89	-7.73	1	1	1	1
20230331164948	-20.92	0.0	-101.77	-16.76	-7.83	1	1	1	1
20230331164949	-20.91	0.0	-101.77	-16.89	-7.83	1	1	1	1
20230331164950	-20.92	0.0	-101.77	-16.89	-7.78	1	1	1	1
20230331164951	-20.92	0.0	-101.77	-16.76	-7.78	1	1	1	1
